#	time(s)	count A	count B	count C	count D
1	0.0050	-68	105		
2	0.0100	-70	107		
3	0.0150	-72	109		
4	0.0200	-74	111		
5	0.0250	-76	113		
6	0.0300	-77	115		
7	0.0350	-78	116		
8	0.0400	-79	118		
9	0.0450	-80	119		
10	0.0500	-81	119		
11	0.0550	-82	120		
12	0.0600	-82	120		
13	0.0650	-82	120		
14	0.0700	-82	120		
15	0.0750	-82	120		
16	0.0800	-81	120		
17	0.0850	-80	119		
18	0.0900	-80	118		
19	0.0950	-78	117		
20	0.1000	-77	116		
21	0.1050	-76	114		
22	0.1100	-74	113		
23	0.1150	-72	111		
24	0.1200	-70	109		
25	0.1250	-68	106		
26	0.1300	-66	104		
27	0.1350	-63	101		
28	0.1400	-60	98		
29	0.1450	-57	96		
30	0.1500	-54	92		
31	0.1550	-51	89		
32	0.1600	-48	86		
33	0.1650	-44	82		
34	0.1700	-41	78		
35	0.1750	-38	74		
36	0.1800	-34	70		
37	0.1850	-30	66		
38	0.1900	-26	62		
39	0.1950	-22	58		
40	0.2000	-18	53		
41	0.2050	-13	49		
42	0.2100	-9	44		
43	0.2150	-5	40		
44	0.2200	0	35		
45	0.2250	4	30		
46	0.2300	8	26		
47	0.2350	12	21		
48	0.2400	17	16		
49	0.2450	21	12		
50	0.2500	25	7		
51	0.2550	30	2		
52	0.2600	34	-2		
53	0.2650	38	-7		
54	0.2700	42	-12		
55	0.2750	46	-16		
56	0.2800	50	-21		
57	0.2850	54	-25		
58	0.2900	58	-29		
59	0.2950	62	-34		
60	0.3000	66	-38		
61	0.3050	69	-42		
62	0.3100	72	-46		
63	0.3150	76	-50		
64	0.3200	79	-54		
65	0.3250	82	-57		
66	0.3300	85	-60		
67	0.3350	88	-64		
68	0.3400	90	-67		
69	0.3450	92	-69		
70	0.3500	94	-72		
71	0.3550	96	-75		
72	0.3600	98	-77		
73	0.3650	100	-79		
74	0.3700	102	-81		
75	0.3750	103	-83		
76	0.3800	104	-84		
77	0.3850	104	-86		
78	0.3900	105	-87		
79	0.3950	106	-88		
80	0.4000	106	-89		
81	0.4050	106	-89		
82	0.4100	106	-90		
83	0.4150	106	-90		
84	0.4200	105	-90		
85	0.4250	104	-90		
86	0.4300	103	-89		
87	0.4350	102	-88		
88	0.4400	101	-88		
89	0.4450	99	-86		
90	0.4500	98	-85		
91	0.4550	96	-84		
92	0.4600	94	-82		
93	0.4650	91	-80		
94	0.4700	89	-78		
95	0.4750	86	-76		
96	0.4800	83	-73		
97	0.4850	80	-71		
98	0.4900	77	-68		
99	0.4950	74	-65		
100	0.5000	70	-62		
101	0.5050	66	-58		
102	0.5100	63	-55		
103	0.5150	59	-52		
104	0.5200	55	-48		
105	0.5250	51	-44		
106	0.5300	47	-40		
107	0.5350	43	-37		
108	0.5400	39	-32		
109	0.5450	34	-28		
110	0.5500	30	-24		
111	0.5550	26	-20		
112	0.5600	21	-16		
113	0.5650	17	-11		
114	0.5700	12	-7		
115	0.5750	8	-2		
116	0.5800	3	2		
117	0.5850	-1	6		
118	0.5900	-6	11		
119	0.5950	-10	15		
120	0.6000	-15	20		
121	0.6050	-20	25		
122	0.6100	-24	29		
123	0.6150	-28	33		
124	0.6200	-32	38		
125	0.6250	-37	42		
126	0.6300	-41	46		
127	0.6350	-45	50		
128	0.6400	-49	54		
129	0.6450	-52	58		
130	0.6500	-56	62		
131	0.6550	-60	65		
132	0.6600	-63	69		
133	0.6650	-66	72		
134	0.6700	-69	75		
135	0.6750	-72	79		
136	0.6800	-75	82		
137	0.6850	-78	84		
138	0.6900	-80	87		
139	0.6950	-82	90		
140	0.7000	-84	92		
141	0.7050	-86	94		
142	0.7100	-88	96		
143	0.7150	-90	98		
144	0.7200	-91	100		
145	0.7250	-92	101		
146	0.7300	-93	102		
147	0.7350	-94	103		
148	0.7400	-94	104		
149	0.7450	-94	105		
150	0.7500	-94	105		
151	0.7550	-94	105		
152	0.7600	-94	105		
153	0.7650	-94	105		
154	0.7700	-93	105		
155	0.7750	-92	104		
156	0.7800	-91	103		
157	0.7850	-90	102		
158	0.7900	-88	101		
159	0.7950	-86	100		
160	0.8000	-84	98		
161	0.8050	-82	96		
162	0.8100	-80	94		
163	0.8150	-77	92		
164	0.8200	-74	90		
165	0.8250	-72	87		
166	0.8300	-69	85		
167	0.8350	-66	82		
168	0.8400	-62	79		
169	0.8450	-59	76		
170	0.8500	-56	73		
171	0.8550	-52	69		
172	0.8600	-48	66		
173	0.8650	-44	62		
174	0.8700	-40	59		
175	0.8750	-36	55		
176	0.8800	-32	51		
177	0.8850	-28	47		
178	0.8900	-24	43		
179	0.8950	-19	39		
180	0.9000	-15	34		
181	0.9050	-10	30		
182	0.9100	-5	26		
183	0.9150	-1	21		
184	0.9200	4	17		
185	0.9250	8	13		
186	0.9300	13	8		
187	0.9350	18	4		
188	0.9400	22	0		
189	0.9450	26	-5		
190	0.9500	31	-9		
191	0.9550	36	-13		
192	0.9600	40	-17		
193	0.9650	44	-22		
194	0.9700	48	-26		
195	0.9750	53	-29		
196	0.9800	57	-33		
197	0.9850	61	-37		
198	0.9900	64	-41		
199	0.9950	68	-44		
200	1.0000	72	-48		
201	1.0050	76	-51		
202	1.0100	79	-55		
203	1.0150	82	-58		
204	1.0200	85	-61		
205	1.0250	88	-63		
206	1.0300	91	-66		
207	1.0350	94	-68		
208	1.0400	96	-71		
209	1.0450	98	-73		
210	1.0500	100	-75		
211	1.0550	102	-76		
212	1.0600	104	-78		
213	1.0650	105	-79		
214	1.0700	106	-80		
215	1.0750	108	-81		
216	1.0800	108	-82		
217	1.0850	109	-83		
218	1.0900	110	-83		
219	1.0950	110	-83		
220	1.1000	110	-83		
221	1.1050	110	-83		
222	1.1100	110	-82		
223	1.1150	109	-82		
224	1.1200	108	-81		
225	1.1250	107	-80		
226	1.1300	106	-78		
227	1.1350	105	-77		
228	1.1400	103	-75		
229	1.1450	102	-74		
230	1.1500	100	-72		
231	1.1550	98	-69		
232	1.1600	95	-67		
233	1.1650	93	-64		
234	1.1700	90	-62		
235	1.1750	88	-59		
236	1.1800	85	-56		
237	1.1850	82	-53		
238	1.1900	78	-49		
239	1.1950	75	-46		
240	1.2000	72	-42		
241	1.2050	68	-38		
242	1.2100	64	-34		
243	1.2150	60	-30		
244	1.2200	57	-26		
245	1.2250	53	-22		
246	1.2300	49	-18		
247	1.2350	45	-14		
248	1.2400	40	-9		
249	1.2450	36	-5		
250	1.2500	32	0		
251	1.2550	28	4		
252	1.2600	24	9		
253	1.2650	19	13		
254	1.2700	15	18		
255	1.2750	10	22		
256	1.2800	6	27		
257	1.2850	2	31		
258	1.2900	-2	36		
259	1.2950	-6	40		
260	1.3000	-11	44		
261	1.3050	-15	49		
262	1.3100	-19	53		
263	1.3150	-23	58		
264	1.3200	-27	62		
265	1.3250	-31	66		
266	1.3300	-34	70		
267	1.3350	-38	74		
268	1.3400	-42	77		
269	1.3450	-45	81		
270	1.3500	-48	84		
271	1.3550	-52	88		
272	1.3600	-54	91		
273	1.3650	-57	94		
274	1.3700	-60	97		
275	1.3750	-62	99		
276	1.3800	-65	102		
277	1.3850	-67	104		
278	1.3900	-69	106		
279	1.3950	-71	108		
280	1.4000	-72	110		
281	1.4050	-74	112		
282	1.4100	-75	113		
283	1.4150	-76	115		
284	1.4200	-77	116		
285	1.4250	-78	116		
286	1.4300	-78	117		
287	1.4350	-78	118		
288	1.4400	-79	118		
289	1.4450	-78	118		
290	1.4500	-78	118		
291	1.4550	-78	117		
292	1.4600	-77	117		
293	1.4650	-76	116		
294	1.4700	-75	115		
295	1.4750	-74	114		
296	1.4800	-72	112		
297	1.4850	-71	111		
298	1.4900	-69	109		
299	1.4950	-67	107		
300	1.5000	-65	105		
301	1.5050	-62	102		
302	1.5100	-60	100		
303	1.5150	-57	97		
304	1.5200	-54	94		
305	1.5250	-52	91		
306	1.5300	-48	88		
307	1.5350	-45	84		
308	1.5400	-42	81		
309	1.5450	-38	77		
310	1.5500	-35	74		
311	1.5550	-31	70		
312	1.5600	-28	66		
313	1.5650	-24	62		
314	1.5700	-20	58		
315	1.5750	-16	54		
316	1.5800	-12	49		
317	1.5850	-8	45		
318	1.5900	-4	41		
319	1.5950	0	36		
320	1.6000	5	32		
321	1.6050	10	27		
322	1.6100	14	22		
323	1.6150	18	18		
324	1.6200	22	13		
325	1.6250	26	8		
326	1.6300	30	4		
327	1.6350	34	-1		
328	1.6400	38	-5		
329	1.6450	42	-10		
330	1.6500	46	-14		
331	1.6550	50	-18		
332	1.6600	54	-23		
333	1.6650	58	-27		
334	1.6700	62	-31		
335	1.6750	65	-35		
336	1.6800	69	-39		
337	1.6850	72	-43		
338	1.6900	75	-46		
339	1.6950	78	-50		
340	1.7000	81	-53		
341	1.7050	84	-57		
342	1.7100	87	-60		
343	1.7150	89	-63		
344	1.7200	92	-65		
345	1.7250	94	-68		
346	1.7300	96	-70		
347	1.7350	98	-73		
348	1.7400	99	-75		
349	1.7450	100	-77		
350	1.7500	102	-79		
351	1.7550	102	-80		
352	1.7600	104	-82		
353	1.7650	104	-83		
354	1.7700	104	-84		
355	1.7750	105	-85		
356	1.7800	105	-85		
357	1.7850	104	-86		
358	1.7900	104	-86		
359	1.7950	104	-86		
360	1.8000	103	-85		
361	1.8050	102	-85		
362	1.8100	101	-84		
363	1.8150	100	-83		
364	1.8200	98	-82		
365	1.8250	96	-81		
366	1.8300	94	-80		
367	1.8350	92	-78		
368	1.8400	90	-76		
369	1.8450	88	-74		
370	1.8500	85	-72		
371	1.8550	82	-70		
372	1.8600	80	-67		
373	1.8650	76	-64		
374	1.8700	74	-62		
375	1.8750	70	-59		
376	1.8800	66	-56		
377	1.8850	63	-52		
378	1.8900	60	-49		
379	1.8950	56	-46		
380	1.9000	52	-42		
381	1.9050	48	-38		
382	1.9100	43	-34		
383	1.9150	39	-30		
384	1.9200	35	-26		
385	1.9250	31	-22		
386	1.9300	26	-18		
387	1.9350	22	-14		
388	1.9400	18	-10		
389	1.9450	13	-6		
390	1.9500	9	-1		
391	1.9550	4	3		
392	1.9600	0	8		
393	1.9650	-4	12		
394	1.9700	-9	16		
395	1.9750	-13	20		
396	1.9800	-18	25		
397	1.9850	-22	29		
398	1.9900	-26	33		
399	1.9950	-30	37		
400	2.0000	-34	41		
401	2.0050	-38	46		
402	2.0100	-42	49		
403	2.0150	-46	53		
404	2.0200	-50	57		
405	2.0250	-54	61		
406	2.0300	-57	64		
407	2.0350	-60	68		
408	2.0400	-64	71		
409	2.0450	-66	74		
410	2.0500	-70	77		
411	2.0550	-72	80		
412	2.0600	-75	83		
413	2.0650	-77	85		
414	2.0700	-80	88		
415	2.0750	-82	90		
416	2.0800	-84	92		
417	2.0850	-85	94		
418	2.0900	-86	96		
419	2.0950	-88	97		
420	2.1000	-89	98		
421	2.1050	-90	100		
422	2.1100	-91	101		
423	2.1150	-91	101		
424	2.1200	-92	102		
425	2.1250	-92	102		
426	2.1300	-92	102		
427	2.1350	-91	102		
428	2.1400	-91	102		
429	2.1450	-90	102		
430	2.1500	-89	101		
431	2.1550	-88	100		
432	2.1600	-87	99		
433	2.1650	-85	98		
434	2.1700	-84	97		
435	2.1750	-82	95		
436	2.1800	-80	93		
437	2.1850	-78	92		
438	2.1900	-75	90		
439	2.1950	-73	87		
440	2.2000	-70	85		
441	2.2050	-67	82		
442	2.2100	-64	79		
443	2.2150	-61	76		
444	2.2200	-58	74		
445	2.2250	-54	70		
446	2.2300	-50	67		
447	2.2350	-47	64		
448	2.2400	-43	60		
449	2.2450	-39	56		
450	2.2500	-35	53		
451	2.2550	-31	49		
452	2.2600	-27	45		
453	2.2650	-23	41		
454	2.2700	-19	37		
455	2.2750	-14	33		
456	2.2800	-10	29		
457	2.2850	-6	25		
458	2.2900	-2	20		
459	2.2950	3	16		
460	2.3000	8	12		
461	2.3050	12	8		
462	2.3100	17	3		
463	2.3150	21	-1		
464	2.3200	26	-5		
465	2.3250	30	-9		
466	2.3300	34	-13		
467	2.3350	38	-17		
468	2.3400	42	-21		
469	2.3450	47	-25		
470	2.3500	51	-29		
471	2.3550	55	-33		
472	2.3600	58	-37		
473	2.3650	62	-40		
474	2.3700	66	-44		
475	2.3750	70	-47		
476	2.3800	73	-50		
477	2.3850	76	-54		
478	2.3900	79	-56		
479	2.3950	82	-59		
480	2.4000	85	-62		
481	2.4050	88	-65		
482	2.4100	90	-67		
483	2.4150	93	-69		
484	2.4200	95	-71		
485	2.4250	97	-73		
486	2.4300	98	-75		
487	2.4350	100	-76		
488	2.4400	102	-78		
489	2.4450	103	-79		
490	2.4500	104	-80		
491	2.4550	105	-80		
492	2.4600	106	-81		
493	2.4650	106	-81		
494	2.4700	106	-81		
495	2.4750	106	-81		
496	2.4800	106	-81		
497	2.4850	106	-81		
498	2.4900	105	-80		
499	2.4950	104	-79		
500	2.5000	104	-78		
501	2.5050	102	-77		
502	2.5100	101	-75		
503	2.5150	100	-74		
504	2.5200	98	-72		
505	2.5250	96	-70		
506	2.5300	94	-68		
507	2.5350	92	-65		
508	2.5400	90	-63		
509	2.5450	87	-60		
510	2.5500	84	-57		
511	2.5550	82	-54		
512	2.5600	79	-51		
513	2.5650	76	-48		
514	2.5700	72	-45		
515	2.5750	69	-41		
516	2.5800	66	-38		
517	2.5850	62	-34		
518	2.5900	59	-30		
519	2.5950	55	-26		
520	2.6000	51	-22		
521	2.6050	47	-18		
522	2.6100	43	-13		
523	2.6150	39	-9		
524	2.6200	35	-5		
525	2.6250	31	-1		
526	2.6300	27	4		
527	2.6350	22	8		
528	2.6400	18	13		
529	2.6450	14	17		
530	2.6500	10	22		
531	2.6550	6	26		
532	2.6600	2	30		
533	2.6650	-2	35		
534	2.6700	-7	39		
535	2.6750	-11	43		
536	2.6800	-15	48		
537	2.6850	-18	52		
538	2.6900	-22	56		
539	2.6950	-26	60		
540	2.7000	-30	64		
541	2.7050	-34	68		
542	2.7100	-37	72		
543	2.7150	-40	75		
544	2.7200	-44	79		
545	2.7250	-47	82		
546	2.7300	-50	85		
547	2.7350	-53	88		
548	2.7400	-56	92		
549	2.7450	-58	94		
550	2.7500	-60	97		
551	2.7550	-63	99		
552	2.7600	-65	102		
553	2.7650	-67	104		
554	2.7700	-68	106		
555	2.7750	-70	108		
556	2.7800	-72	109		
557	2.7850	-73	111		
558	2.7900	-74	112		
559	2.7950	-74	113		
560	2.8000	-75	114		
561	2.8050	-76	114		
562	2.8100	-76	115		
563	2.8150	-76	115		
564	2.8200	-76	115		
565	2.8250	-76	115		
566	2.8300	-75	115		
567	2.8350	-74	114		
568	2.8400	-74	113		
569	2.8450	-72	112		
570	2.8500	-71	111		
571	2.8550	-70	110		
572	2.8600	-68	108		
573	2.8650	-66	106		
574	2.8700	-64	104		
575	2.8750	-62	102		
576	2.8800	-60	100		
577	2.8850	-57	98		
578	2.8900	-55	95		
579	2.8950	-52	92		
580	2.9000	-49	89		
581	2.9050	-46	86		
582	2.9100	-43	83		
583	2.9150	-40	80		
584	2.9200	-36	76		
585	2.9250	-33	72		
586	2.9300	-29	69		
587	2.9350	-26	65		
588	2.9400	-22	61		
589	2.9450	-18	57		
590	2.9500	-14	53		
591	2.9550	-10	49		
592	2.9600	-6	45		
593	2.9650	-2	40		
594	2.9700	2	36		
595	2.9750	6	32		
596	2.9800	10	27		
597	2.9850	14	23		
598	2.9900	18	18		
599	2.9950	22	14		
600	3.0000	26	10		
601	3.0050	31	5		
602	3.0100	35	0		
603	3.0150	39	-4		
604	3.0200	43	-8		
605	3.0250	47	-13		
606	3.0300	50	-17		
607	3.0350	54	-21		
608	3.0400	58	-25		
609	3.0450	61	-29		
610	3.0500	65	-33		
611	3.0550	68	-36		
612	3.0600	71	-40		
613	3.0650	74	-44		
614	3.0700	77	-47		
615	3.0750	80	-50		
616	3.0800	83	-54		
617	3.0850	86	-57		
618	3.0900	88	-59		
619	3.0950	90	-62		
620	3.1000	92	-65		
621	3.1050	94	-67		
622	3.1100	96	-70		
623	3.1150	98	-72		
624	3.1200	99	-74		
625	3.1250	100	-75		
626	3.1300	101	-77		
627	3.1350	102	-78		
628	3.1400	102	-79		
629	3.1450	103	-80		
630	3.1500	103	-81		
631	3.1550	103	-81		
632	3.1600	103	-82		
633	3.1650	102	-82		
634	3.1700	102	-82		
635	3.1750	101	-82		
636	3.1800	100	-81		
637	3.1850	99	-80		
638	3.1900	98	-80		
639	3.1950	96	-79		
640	3.2000	95	-77		
641	3.2050	93	-76		
642	3.2100	91	-74		
643	3.2150	89	-73		
644	3.2200	86	-71		
645	3.2250	84	-69		
646	3.2300	81	-66		
647	3.2350	78	-64		
648	3.2400	76	-61		
649	3.2450	72	-59		
650	3.2500	69	-56		
651	3.2550	66	-53		
652	3.2600	62	-50		
653	3.2650	59	-46		
654	3.2700	55	-43		
655	3.2750	51	-40		
656	3.2800	47	-36		
657	3.2850	44	-32		
658	3.2900	39	-28		
659	3.2950	35	-24		
660	3.3000	31	-21		
661	3.3050	26	-16		
662	3.3100	22	-12		
663	3.3150	18	-8		
664	3.3200	14	-4		
665	3.3250	9	0		
666	3.3300	5	4		
667	3.3350	1	8		
668	3.3400	-4	12		
669	3.3450	-8	17		
670	3.3500	-12	21		
671	3.3550	-16	25		
672	3.3600	-20	29		
673	3.3650	-24	33		
674	3.3700	-29	37		
675	3.3750	-32	41		
676	3.3800	-36	45		
677	3.3850	-40	49		
678	3.3900	-44	52		
679	3.3950	-48	56		
680	3.4000	-51	60		
681	3.4050	-55	63		
682	3.4100	-58	66		
683	3.4150	-61	70		
684	3.4200	-64	73		
685	3.4250	-67	76		
686	3.4300	-70	78		
687	3.4350	-72	81		
688	3.4400	-74	84		
689	3.4450	-77	86		
690	3.4500	-79	88		
691	3.4550	-81	90		
692	3.4600	-82	92		
693	3.4650	-84	93		
694	3.4700	-85	95		
695	3.4750	-86	96		
696	3.4800	-87	97		
697	3.4850	-88	98		
698	3.4900	-88	99		
699	3.4950	-89	99		
700	3.5000	-89	100		
701	3.5050	-89	100		
702	3.5100	-88	100		
703	3.5150	-88	100		
704	3.5200	-87	99		
705	3.5250	-86	98		
706	3.5300	-86	98		
707	3.5350	-84	97		
708	3.5400	-83	96		
709	3.5450	-81	94		
710	3.5500	-80	93		
711	3.5550	-78	91		
712	3.5600	-76	89		
713	3.5650	-73	87		
714	3.5700	-71	85		
715	3.5750	-68	82		
716	3.5800	-66	80		
717	3.5850	-62	77		
718	3.5900	-60	74		
719	3.5950	-56	71		
720	3.6000	-53	68		
721	3.6050	-49	65		
722	3.6100	-46	62		
723	3.6150	-42	58		
724	3.6200	-38	55		
725	3.6250	-34	51		
726	3.6300	-30	47		
727	3.6350	-26	44		
728	3.6400	-22	40		
729	3.6450	-18	36		
730	3.6500	-14	32		
731	3.6550	-10	28		
732	3.6600	-6	24		
733	3.6650	-2	20		
734	3.6700	3	15		
735	3.6750	7	11		
736	3.6800	11	7		
737	3.6850	16	3		
738	3.6900	20	-1		
739	3.6950	24	-5		
740	3.7000	28	-9		
741	3.7050	33	-14		
742	3.7100	37	-18		
743	3.7150	41	-22		
744	3.7200	45	-25		
745	3.7250	49	-29		
746	3.7300	53	-33		
747	3.7350	56	-36		
748	3.7400	60	-40		
749	3.7450	64	-43		
750	3.7500	67	-46		
751	3.7550	70	-50		
752	3.7600	74	-53		
753	3.7650	76	-56		
754	3.7700	79	-58		
755	3.7750	82	-61		
756	3.7800	85	-63		
757	3.7850	87	-66		
758	3.7900	89	-68		
759	3.7950	92	-70		
760	3.8000	93	-72		
761	3.8050	95	-73		
762	3.8100	97	-75		
763	3.8150	98	-76		
764	3.8200	99	-77		
765	3.8250	100	-78		
766	3.8300	101	-79		
767	3.8350	102	-79		
768	3.8400	102	-80		
769	3.8450	102	-80		
770	3.8500	102	-80		
771	3.8550	102	-79		
772	3.8600	102	-79		
773	3.8650	102	-78		
774	3.8700	101	-78		
775	3.8750	100	-76		
776	3.8800	99	-75		
777	3.8850	98	-74		
778	3.8900	96	-72		
779	3.8950	95	-70		
780	3.9000	93	-68		
781	3.9050	91	-66		
782	3.9100	89	-64		
783	3.9150	86	-62		
784	3.9200	84	-59		
785	3.9250	82	-56		
786	3.9300	79	-53		
787	3.9350	76	-50		
788	3.9400	73	-47		
789	3.9450	70	-44		
790	3.9500	67	-40		
791	3.9550	64	-37		
792	3.9600	60	-33		
793	3.9650	56	-30		
794	3.9700	53	-26		
795	3.9750	49	-22		
796	3.9800	46	-18		
797	3.9850	42	-14		
798	3.9900	38	-10		
799	3.9950	34	-5		
800	4.0000	30	-1		
801	4.0050	26	4		
802	4.0100	22	8		
803	4.0150	18	12		
804	4.0200	14	17		
805	4.0250	9	21		
806	4.0300	5	25		
807	4.0350	1	30		
808	4.0400	-3	34		
809	4.0450	-7	38		
810	4.0500	-11	42		
811	4.0550	-14	46		
812	4.0600	-18	50		
813	4.0650	-22	54		
814	4.0700	-26	58		
815	4.0750	-29	62		
816	4.0800	-33	66		
817	4.0850	-36	70		
818	4.0900	-40	73		
819	4.0950	-42	76		
820	4.1000	-46	80		
821	4.1050	-49	83		
822	4.1100	-52	86		
823	4.1150	-54	89		
824	4.1200	-56	92		
825	4.1250	-59	94		
826	4.1300	-61	97		
827	4.1350	-63	99		
828	4.1400	-65	101		
829	4.1450	-66	103		
830	4.1500	-68	105		
831	4.1550	-69	107		
832	4.1600	-70	108		
833	4.1650	-72	109		
834	4.1700	-72	110		
835	4.1750	-73	111		
836	4.1800	-73	112		
837	4.1850	-74	112		
838	4.1900	-74	112		
839	4.1950	-73	112		
840	4.2000	-73	112		
841	4.2050	-72	112		
842	4.2100	-72	111		
843	4.2150	-71	110		
844	4.2200	-70	110		
845	4.2250	-68	108		
846	4.2300	-67	107		
847	4.2350	-66	106		
848	4.2400	-64	104		
849	4.2450	-62	102		
850	4.2500	-60	100		
851	4.2550	-58	98		
852	4.2600	-55	96		
853	4.2650	-52	93		
854	4.2700	-50	90		
855	4.2750	-47	88		
856	4.2800	-44	85		
857	4.2850	-41	82		
858	4.2900	-38	78		
859	4.2950	-35	75		
860	4.3000	-31	72		
861	4.3050	-28	68		
862	4.3100	-24	64		
863	4.3150	-20	60		
864	4.3200	-16	56		
865	4.3250	-13	52		
866	4.3300	-9	48		
867	4.3350	-5	44		
868	4.3400	-1	40		
869	4.3450	3	36		
870	4.3500	7	32		
871	4.3550	11	27		
872	4.3600	15	23		
873	4.3650	19	19		
874	4.3700	23	14		
875	4.3750	27	10		
876	4.3800	31	6		
877	4.3850	35	2		
878	4.3900	39	-2		
879	4.3950	42	-7		
880	4.4000	46	-11		
881	4.4050	50	-15		
882	4.4100	54	-19		
883	4.4150	58	-23		
884	4.4200	61	-27		
885	4.4250	64	-31		
886	4.4300	68	-34		
887	4.4350	71	-38		
888	4.4400	74	-41		
889	4.4450	76	-45		
890	4.4500	79	-48		
891	4.4550	82	-51		
892	4.4600	84	-54		
893	4.4650	87	-57		
894	4.4700	89	-59		
895	4.4750	91	-62		
896	4.4800	93	-64		
897	4.4850	94	-66		
898	4.4900	96	-68		
899	4.4950	97	-70		
900	4.5000	98	-72		
901	4.5050	100	-73		
902	4.5100	100	-75		
903	4.5150	101	-76		
904	4.5200	101	-77		
905	4.5250	102	-77		
906	4.5300	102	-78		
907	4.5350	102	-78		
908	4.5400	101	-78		
909	4.5450	100	-78		
910	4.5500	100	-78		
911	4.5550	99	-78		
912	4.5600	98	-77		
913	4.5650	96	-76		
914	4.5700	95	-75		
915	4.5750	94	-74		
916	4.5800	92	-73		
917	4.5850	90	-71		
918	4.5900	88	-70		
919	4.5950	85	-68		
920	4.6000	83	-66		
921	4.6050	80	-63		
922	4.6100	77	-61		
923	4.6150	74	-58		
924	4.6200	72	-56		
925	4.6250	68	-53		
926	4.6300	65	-50		
927	4.6350	62	-47		
928	4.6400	58	-44		
929	4.6450	54	-40		
930	4.6500	51	-37		
931	4.6550	47	-34		
932	4.6600	43	-30		
933	4.6650	39	-26		
934	4.6700	35	-23		
935	4.6750	31	-19		
936	4.6800	27	-15		
937	4.6850	23	-11		
938	4.6900	18	-7		
939	4.6950	14	-3		
940	4.7000	10	1		
941	4.7050	6	5		
942	4.7100	1	9		
943	4.7150	-3	13		
944	4.7200	-7	17		
945	4.7250	-11	21		
946	4.7300	-16	25		
947	4.7350	-20	29		
948	4.7400	-24	33		
949	4.7450	-27	37		
950	4.7500	-31	41		
951	4.7550	-35	45		
952	4.7600	-39	48		
953	4.7650	-42	52		
954	4.7700	-46	55		
955	4.7750	-50	59		
956	4.7800	-53	62		
957	4.7850	-56	65		
958	4.7900	-59	68		
959	4.7950	-62	71		
960	4.8000	-64	74		
961	4.8050	-68	77		
962	4.8100	-70	79		
963	4.8150	-72	82		
964	4.8200	-74	84		
965	4.8250	-76	86		
966	4.8300	-78	88		
967	4.8350	-80	90		
968	4.8400	-82	91		
969	4.8450	-82	93		
970	4.8500	-84	94		
971	4.8550	-85	95		
972	4.8600	-86	96		
973	4.8650	-86	96		
974	4.8700	-86	97		
975	4.8750	-86	97		
976	4.8800	-86	97		
977	4.8850	-86	97		
978	4.8900	-86	97		
979	4.8950	-85	97		
980	4.9000	-84	96		
981	4.9050	-83	95		
982	4.9100	-82	94		
983	4.9150	-81	93		
984	4.9200	-79	92		
985	4.9250	-78	90		
986	4.9300	-76	88		
987	4.9350	-74	86		
988	4.9400	-72	84		
989	4.9450	-69	82		
990	4.9500	-66	80		
991	4.9550	-64	77		
992	4.9600	-61	75		
993	4.9650	-58	72		
994	4.9700	-55	69		
995	4.9750	-52	66		
996	4.9800	-48	63		
997	4.9850	-45	60		
998	4.9900	-42	56		
999	4.9950	-38	53		
1000	5.0000	-34	49		
1001	5.0050	-30	46		
1002	5.0100	-26	42		
1003	5.0150	-22	38		
1004	5.0200	-18	34		
1005	5.0250	-14	30		
1006	5.0300	-10	26		
1007	5.0350	-6	22		
1008	5.0400	-2	18		
1009	5.0450	2	14		
1010	5.0500	6	10		
1011	5.0550	10	6		
1012	5.0600	14	2		
1013	5.0650	19	-2		
1014	5.0700	23	-6		
1015	5.0750	27	-10		
1016	5.0800	31	-14		
1017	5.0850	35	-18		
1018	5.0900	39	-22		
1019	5.0950	43	-25		
1020	5.1000	46	-29		
1021	5.1050	50	-33		
1022	5.1100	54	-36		
1023	5.1150	58	-40		
1024	5.1200	61	-43		
1025	5.1250	64	-46		
1026	5.1300	68	-49		
1027	5.1350	71	-52		
1028	5.1400	74	-55		
1029	5.1450	76	-58		
1030	5.1500	79	-60		
1031	5.1550	82	-63		
1032	5.1600	84	-65		
1033	5.1650	86	-67		
1034	5.1700	88	-69		
1035	5.1750	90	-71		
1036	5.1800	92	-72		
1037	5.1850	93	-74		
1038	5.1900	94	-75		
1039	5.1950	96	-76		
1040	5.2000	97	-77		
1041	5.2050	98	-78		
1042	5.2100	98	-78		
1043	5.2150	98	-78		
1044	5.2200	99	-78		
1045	5.2250	99	-78		
1046	5.2300	99	-78		
1047	5.2350	98	-78		
1048	5.2400	98	-77		
1049	5.2450	98	-76		
1050	5.2500	96	-75		
1051	5.2550	96	-74		
1052	5.2600	94	-73		
1053	5.2650	93	-71		
1054	5.2700	92	-69		
1055	5.2750	90	-68		
1056	5.2800	88	-65		
1057	5.2850	86	-63		
1058	5.2900	84	-61		
1059	5.2950	81	-58		
1060	5.3000	79	-56		
1061	5.3050	76	-53		
1062	5.3100	73	-50		
1063	5.3150	70	-47		
1064	5.3200	67	-43		
1065	5.3250	64	-40		
1066	5.3300	61	-36		
1067	5.3350	58	-33		
1068	5.3400	54	-29		
1069	5.3450	50	-25		
1070	5.3500	47	-22		
1071	5.3550	44	-18		
1072	5.3600	40	-14		
1073	5.3650	36	-10		
1074	5.3700	32	-6		
1075	5.3750	28	-1		
1076	5.3800	24	3		
1077	5.3850	20	7		
1078	5.3900	16	11		
1079	5.3950	12	16		
1080	5.4000	9	20		
1081	5.4050	4	24		
1082	5.4100	0	28		
1083	5.4150	-4	33		
1084	5.4200	-7	37		
1085	5.4250	-11	41		
1086	5.4300	-15	45		
1087	5.4350	-18	49		
1088	5.4400	-22	53		
1089	5.4450	-26	57		
1090	5.4500	-29	60		
1091	5.4550	-32	64		
1092	5.4600	-36	68		
1093	5.4650	-39	71		
1094	5.4700	-42	74		
1095	5.4750	-45	78		
1096	5.4800	-48	81		
1097	5.4850	-50	84		
1098	5.4900	-53	87		
1099	5.4950	-55	90		
1100	5.5000	-57	92		
1101	5.5050	-60	95		
1102	5.5100	-62	97		
1103	5.5150	-63	99		
1104	5.5200	-65	101		
1105	5.5250	-66	102		
1106	5.5300	-68	104		
1107	5.5350	-68	105		
1108	5.5400	-70	106		
1109	5.5450	-70	108		
1110	5.5500	-71	108		
1111	5.5550	-71	109		
1112	5.5600	-71	109		
1113	5.5650	-71	110		
1114	5.5700	-71	110		
1115	5.5750	-71	110		
1116	5.5800	-70	109		
1117	5.5850	-70	109		
1118	5.5900	-68	108		
1119	5.5950	-68	107		
1120	5.6000	-66	106		
1121	5.6050	-65	105		
1122	5.6100	-63	103		
1123	5.6150	-62	102		
1124	5.6200	-60	100		
1125	5.6250	-58	98		
1126	5.6300	-55	96		
1127	5.6350	-53	94		
1128	5.6400	-50	91		
1129	5.6450	-48	89		
1130	5.6500	-45	86		
1131	5.6550	-42	83		
1132	5.6600	-39	80		
1133	5.6650	-36	77		
1134	5.6700	-33	74		
1135	5.6750	-30	70		
1136	5.6800	-26	67		
1137	5.6850	-22	63		
1138	5.6900	-19	60		
1139	5.6950	-15	56		
1140	5.7000	-12	52		
1141	5.7050	-8	48		
1142	5.7100	-4	44		
1143	5.7150	0	40		
1144	5.7200	4	36		
1145	5.7250	8	32		
1146	5.7300	12	28		
1147	5.7350	16	23		
1148	5.7400	20	19		
1149	5.7450	24	15		
1150	5.7500	28	11		
1151	5.7550	32	7		
1152	5.7600	36	3		
1153	5.7650	39	-1		
1154	5.7700	43	-6		
1155	5.7750	47	-10		
1156	5.7800	50	-14		
1157	5.7850	54	-17		
1158	5.7900	57	-21		
1159	5.7950	61	-25		
1160	5.8000	64	-29		
1161	5.8050	68	-32		
1162	5.8100	70	-36		
1163	5.8150	73	-39		
1164	5.8200	76	-42		
1165	5.8250	79	-46		
1166	5.8300	82	-48		
1167	5.8350	84	-51		
1168	5.8400	86	-54		
1169	5.8450	88	-56		
1170	5.8500	90	-59		
1171	5.8550	92	-61		
1172	5.8600	94	-63		
1173	5.8650	95	-65		
1174	5.8700	96	-67		
1175	5.8750	98	-68		
1176	5.8800	98	-70		
1177	5.8850	99	-71		
1178	5.8900	100	-72		
1179	5.8950	100	-73		
1180	5.9000	100	-74		
1181	5.9050	100	-74		
1182	5.9100	100	-75		
1183	5.9150	100	-75		
1184	5.9200	99	-75		
1185	5.9250	98	-74		
1186	5.9300	98	-74		
1187	5.9350	96	-73		
1188	5.9400	96	-73		
1189	5.9450	94	-72		
1190	5.9500	92	-70		
1191	5.9550	90	-69		
1192	5.9600	89	-68		
1193	5.9650	86	-66		
1194	5.9700	84	-64		
1195	5.9750	82	-62		
1196	5.9800	80	-60		
1197	5.9850	77	-58		
1198	5.9900	74	-55		
1199	5.9950	71	-53		
1200	6.0000	68	-50		
1201	6.0050	64	-47		
1202	6.0100	61	-44		
1203	6.0150	58	-41		
1204	6.0200	54	-38		
1205	6.0250	50	-35		
1206	6.0300	47	-31		
1207	6.0350	43	-28		
1208	6.0400	39	-24		
1209	6.0450	35	-20		
1210	6.0500	31	-17		
1211	6.0550	27	-13		
1212	6.0600	23	-9		
1213	6.0650	19	-6		
1214	6.0700	15	-2		
1215	6.0750	11	2		
1216	6.0800	6	6		
1217	6.0850	2	10		
1218	6.0900	-2	14		
1219	6.0950	-6	18		
1220	6.1000	-10	22		
1221	6.1050	-14	26		
1222	6.1100	-18	30		
1223	6.1150	-22	34		
1224	6.1200	-26	38		
1225	6.1250	-30	41		
1226	6.1300	-34	45		
1227	6.1350	-37	48		
1228	6.1400	-41	52		
1229	6.1450	-44	55		
1230	6.1500	-48	58		
1231	6.1550	-51	62		
1232	6.1600	-54	64		
1233	6.1650	-57	68		
1234	6.1700	-60	70		
1235	6.1750	-62	73		
1236	6.1800	-65	76		
1237	6.1850	-68	78		
1238	6.1900	-70	80		
1239	6.1950	-72	82		
1240	6.2000	-74	84		
1241	6.2050	-76	86		
1242	6.2100	-78	88		
1243	6.2150	-79	90		
1244	6.2200	-80	91		
1245	6.2250	-81	92		
1246	6.2300	-82	93		
1247	6.2350	-83	94		
1248	6.2400	-84	94		
1249	6.2450	-84	95		
1250	6.2500	-84	95		
1251	6.2550	-84	95		
1252	6.2600	-84	95		
1253	6.2650	-83	95		
1254	6.2700	-83	94		
1255	6.2750	-82	94		
1256	6.2800	-81	93		
1257	6.2850	-80	92		
1258	6.2900	-79	91		
1259	6.2950	-77	89		
1260	6.3000	-76	88		
1261	6.3050	-74	86		
1262	6.3100	-72	84		
1263	6.3150	-70	82		
1264	6.3200	-67	80		
1265	6.3250	-65	78		
1266	6.3300	-62	75		
1267	6.3350	-60	73		
1268	6.3400	-57	70		
1269	6.3450	-54	67		
1270	6.3500	-51	64		
1271	6.3550	-48	61		
1272	6.3600	-44	58		
1273	6.3650	-41	54		
1274	6.3700	-37	51		
1275	6.3750	-34	48		
1276	6.3800	-30	44		
1277	6.3850	-26	40		
1278	6.3900	-22	37		
1279	6.3950	-18	33		
1280	6.4000	-14	29		
1281	6.4050	-10	25		
1282	6.4100	-6	21		
1283	6.4150	-2	17		
1284	6.4200	2	13		
1285	6.4250	6	9		
1286	6.4300	10	5		
1287	6.4350	14	1		
1288	6.4400	18	-3		
1289	6.4450	22	-7		
1290	6.4500	26	-10		
1291	6.4550	30	-14		
1292	6.4600	34	-18		
1293	6.4650	38	-22		
1294	6.4700	41	-26		
1295	6.4750	45	-29		
1296	6.4800	48	-33		
1297	6.4850	52	-36		
1298	6.4900	56	-39		
1299	6.4950	59	-43		
1300	6.5000	62	-46		
1301	6.5050	66	-49		
1302	6.5100	68	-52		
1303	6.5150	71	-55		
1304	6.5200	74	-57		
1305	6.5250	76	-60		
1306	6.5300	79	-62		
1307	6.5350	81	-64		
1308	6.5400	83	-66		
1309	6.5450	85	-68		
1310	6.5500	87	-70		
1311	6.5550	89	-71		
1312	6.5600	90	-73		
1313	6.5650	92	-74		
1314	6.5700	92	-75		
1315	6.5750	94	-76		
1316	6.5800	94	-76		
1317	6.5850	95	-77		
1318	6.5900	95	-77		
1319	6.5950	96	-77		
1320	6.6000	96	-77		
1321	6.6050	96	-77		
1322	6.6100	95	-76		
1323	6.6150	95	-76		
1324	6.6200	94	-75		
1325	6.6250	93	-74		
1326	6.6300	92	-73		
1327	6.6350	91	-72		
1328	6.6400	90	-70		
1329	6.6450	88	-68		
1330	6.6500	86	-66		
1331	6.6550	84	-64		
1332	6.6600	82	-62		
1333	6.6650	80	-60		
1334	6.6700	78	-57		
1335	6.6750	76	-55		
1336	6.6800	73	-52		
1337	6.6850	70	-49		
1338	6.6900	68	-46		
1339	6.6950	65	-43		
1340	6.7000	62	-40		
1341	6.7050	58	-36		
1342	6.7100	55	-32		
1343	6.7150	52	-29		
1344	6.7200	48	-25		
1345	6.7250	45	-21		
1346	6.7300	41	-17		
1347	6.7350	38	-14		
1348	6.7400	34	-10		
1349	6.7450	30	-6		
1350	6.7500	26	-2		
1351	6.7550	23	2		
1352	6.7600	19	7		
1353	6.7650	15	11		
1354	6.7700	11	15		
1355	6.7750	8	19		
1356	6.7800	4	23		
1357	6.7850	0	27		
1358	6.7900	-4	31		
1359	6.7950	-8	35		
1360	6.8000	-11	40		
1361	6.8050	-15	44		
1362	6.8100	-19	48		
1363	6.8150	-22	52		
1364	6.8200	-26	55		
1365	6.8250	-29	59		
1366	6.8300	-32	63		
1367	6.8350	-36	66		
1368	6.8400	-38	70		
1369	6.8450	-42	73		
1370	6.8500	-44	76		
1371	6.8550	-47	79		
1372	6.8600	-50	82		
1373	6.8650	-52	85		
1374	6.8700	-54	87		
1375	6.8750	-56	90		
1376	6.8800	-58	92		
1377	6.8850	-60	94		
1378	6.8900	-62	96		
1379	6.8950	-63	98		
1380	6.9000	-64	100		
1381	6.9050	-66	102		
1382	6.9100	-67	103		
1383	6.9150	-68	104		
1384	6.9200	-68	105		
1385	6.9250	-69	106		
1386	6.9300	-69	106		
1387	6.9350	-69	107		
1388	6.9400	-69	107		
1389	6.9450	-69	107		
1390	6.9500	-69	107		
1391	6.9550	-68	107		
1392	6.9600	-68	106		
1393	6.9650	-66	106		
1394	6.9700	-66	105		
1395	6.9750	-64	104		
1396	6.9800	-63	103		
1397	6.9850	-61	101		
1398	6.9900	-60	100		
1399	6.9950	-58	98		
1400	7.0000	-56	96		
1401	7.0050	-53	94		
1402	7.0100	-51	92		
1403	7.0150	-48	89		
1404	7.0200	-46	87		
1405	7.0250	-43	84		
1406	7.0300	-40	81		
1407	7.0350	-37	78		
1408	7.0400	-34	75		
1409	7.0450	-31	72		
1410	7.0500	-28	69		
1411	7.0550	-24	66		
1412	7.0600	-21	62		
1413	7.0650	-18	59		
1414	7.0700	-14	55		
1415	7.0750	-10	51		
1416	7.0800	-6	47		
1417	7.0850	-3	44		
1418	7.0900	1	40		
1419	7.0950	5	36		
1420	7.1000	9	32		
1421	7.1050	13	27		
1422	7.1100	17	23		
1423	7.1150	20	19		
1424	7.1200	24	15		
1425	7.1250	28	11		
1426	7.1300	32	7		
1427	7.1350	36	3		
1428	7.1400	40	-1		
1429	7.1450	43	-5		
1430	7.1500	47	-9		
1431	7.1550	50	-12		
1432	7.1600	54	-16		
1433	7.1650	57	-20		
1434	7.1700	60	-23		
1435	7.1750	64	-27		
1436	7.1800	67	-30		
1437	7.1850	70	-34		
1438	7.1900	73	-37		
1439	7.1950	76	-40		
1440	7.2000	78	-43		
1441	7.2050	81	-46		
1442	7.2100	83	-49		
1443	7.2150	85	-52		
1444	7.2200	88	-54		
1445	7.2250	89	-56		
1446	7.2300	91	-58		
1447	7.2350	92	-60		
1448	7.2400	94	-62		
1449	7.2450	95	-64		
1450	7.2500	96	-66		
1451	7.2550	97	-67		
1452	7.2600	98	-68		
1453	7.2650	98	-69		
1454	7.2700	99	-70		
1455	7.2750	99	-71		
1456	7.2800	99	-71		
1457	7.2850	99	-71		
1458	7.2900	99	-72		
1459	7.2950	98	-71		
1460	7.3000	98	-71		
1461	7.3050	96	-71		
1462	7.3100	96	-70		
1463	7.3150	94	-69		
1464	7.3200	93	-68		
1465	7.3250	91	-67		
1466	7.3300	90	-66		
1467	7.3350	88	-64		
1468	7.3400	86	-63		
1469	7.3450	83	-61		
1470	7.3500	81	-59		
1471	7.3550	78	-57		
1472	7.3600	76	-55		
1473	7.3650	73	-52		
1474	7.3700	70	-50		
1475	7.3750	67	-47		
1476	7.3800	64	-45		
1477	7.3850	61	-42		
1478	7.3900	58	-39		
1479	7.3950	54	-36		
1480	7.4000	50	-32		
1481	7.4050	46	-29		
1482	7.4100	43	-25		
1483	7.4150	39	-22		
1484	7.4200	35	-18		
1485	7.4250	31	-15		
1486	7.4300	27	-11		
1487	7.4350	23	-7		
1488	7.4400	19	-4		
1489	7.4450	15	0		
1490	7.4500	11	4		
1491	7.4550	7	8		
1492	7.4600	3	12		
1493	7.4650	-1	15		
1494	7.4700	-5	19		
1495	7.4750	-9	23		
1496	7.4800	-13	26		
1497	7.4850	-17	30		
1498	7.4900	-21	34		
1499	7.4950	-24	38		
1500	7.5000	-28	41		
1501	7.5050	-32	45		
1502	7.5100	-36	48		
1503	7.5150	-39	52		
1504	7.5200	-42	55		
1505	7.5250	-46	58		
1506	7.5300	-49	61		
1507	7.5350	-52	64		
1508	7.5400	-55	67		
1509	7.5450	-58	70		
1510	7.5500	-60	72		
1511	7.5550	-63	75		
1512	7.5600	-65	77		
1513	7.5650	-68	79		
1514	7.5700	-70	81		
1515	7.5750	-72	83		
1516	7.5800	-73	85		
1517	7.5850	-75	87		
1518	7.5900	-76	88		
1519	7.5950	-78	89		
1520	7.6000	-78	90		
1521	7.6050	-80	91		
1522	7.6100	-80	92		
1523	7.6150	-81	92		
1524	7.6200	-81	93		
1525	7.6250	-82	93		
1526	7.6300	-82	93		
1527	7.6350	-81	93		
1528	7.6400	-81	93		
1529	7.6450	-80	92		
1530	7.6500	-80	92		
1531	7.6550	-78	91		
1532	7.6600	-78	90		
1533	7.6650	-76	89		
1534	7.6700	-75	87		
1535	7.6750	-73	86		
1536	7.6800	-72	84		
1537	7.6850	-70	82		
1538	7.6900	-68	80		
1539	7.6950	-65	78		
1540	7.7000	-63	76		
1541	7.7050	-60	73		
1542	7.7100	-58	71		
1543	7.7150	-55	68		
1544	7.7200	-52	65		
1545	7.7250	-49	62		
1546	7.7300	-46	59		
1547	7.7350	-43	56		
1548	7.7400	-40	53		
1549	7.7450	-36	49		
1550	7.7500	-32	46		
1551	7.7550	-29	42		
1552	7.7600	-25	39		
1553	7.7650	-22	35		
1554	7.7700	-18	31		
1555	7.7750	-14	28		
1556	7.7800	-10	24		
1557	7.7850	-6	20		
1558	7.7900	-2	16		
1559	7.7950	2	12		
1560	7.8000	6	9		
1561	7.8050	10	4		
1562	7.8100	14	1		
1563	7.8150	18	-3		
1564	7.8200	22	-7		
1565	7.8250	25	-11		
1566	7.8300	29	-15		
1567	7.8350	33	-18		
1568	7.8400	36	-22		
1569	7.8450	40	-26		
1570	7.8500	44	-29		
1571	7.8550	47	-33		
1572	7.8600	50	-36		
1573	7.8650	54	-39		
1574	7.8700	57	-42		
1575	7.8750	60	-45		
1576	7.8800	63	-48		
1577	7.8850	66	-51		
1578	7.8900	69	-54		
1579	7.8950	72	-56		
1580	7.9000	74	-59		
1581	7.9050	76	-61		
1582	7.9100	79	-63		
1583	7.9150	81	-65		
1584	7.9200	82	-67		
1585	7.9250	84	-69		
1586	7.9300	86	-70		
1587	7.9350	88	-72		
1588	7.9400	88	-73		
1589	7.9450	90	-74		
1590	7.9500	90	-75		
1591	7.9550	91	-75		
1592	7.9600	92	-76		
1593	7.9650	92	-76		
1594	7.9700	92	-76		
1595	7.9750	92	-76		
1596	7.9800	92	-76		
1597	7.9850	92	-75		
1598	7.9900	92	-75		
1599	7.9950	91	-74		
1600	8.0000	90	-73		
1601	8.0050	89	-72		
1602	8.0100	88	-70		
1603	8.0150	86	-69		
1604	8.0200	85	-67		
1605	8.0250	83	-65		
1606	8.0300	82	-63		
1607	8.0350	80	-61		
1608	8.0400	78	-59		
1609	8.0450	75	-56		
1610	8.0500	73	-54		
1611	8.0550	70	-51		
1612	8.0600	68	-48		
1613	8.0650	65	-45		
1614	8.0700	62	-42		
1615	8.0750	59	-39		
1616	8.0800	56	-36		
1617	8.0850	53	-32		
1618	8.0900	50	-29		
1619	8.0950	46	-25		
1620	8.1000	43	-21		
1621	8.1050	39	-17		
1622	8.1100	36	-14		
1623	8.1150	32	-10		
1624	8.1200	28	-6		
1625	8.1250	25	-2		
1626	8.1300	21	2		
1627	8.1350	18	6		
1628	8.1400	14	10		
1629	8.1450	10	14		
1630	8.1500	6	19		
1631	8.1550	3	23		
1632	8.1600	-1	27		
1633	8.1650	-5	31		
1634	8.1700	-8	35		
1635	8.1750	-12	38		
1636	8.1800	-15	42		
1637	8.1850	-19	46		
1638	8.1900	-22	50		
1639	8.1950	-26	54		
1640	8.2000	-29	57		
1641	8.2050	-32	61		
1642	8.2100	-35	64		
1643	8.2150	-38	68		
1644	8.2200	-41	71		
1645	8.2250	-44	74		
1646	8.2300	-46	77		
1647	8.2350	-49	80		
1648	8.2400	-51	83		
1649	8.2450	-53	85		
1650	8.2500	-55	88		
1651	8.2550	-57	90		
1652	8.2600	-59	92		
1653	8.2650	-60	94		
1654	8.2700	-62	96		
1655	8.2750	-63	98		
1656	8.2800	-64	99		
1657	8.2850	-66	100		
1658	8.2900	-66	102		
1659	8.2950	-67	102		
1660	8.3000	-67	103		
1661	8.3050	-68	104		
1662	8.3100	-68	104		
1663	8.3150	-68	105		
1664	8.3200	-67	105		
1665	8.3250	-67	105		
1666	8.3300	-66	104		
1667	8.3350	-66	104		
1668	8.3400	-64	103		
1669	8.3450	-64	102		
1670	8.3500	-62	101		
1671	8.3550	-61	100		
1672	8.3600	-59	99		
1673	8.3650	-58	97		
1674	8.3700	-56	96		
1675	8.3750	-54	94		
1676	8.3800	-52	92		
1677	8.3850	-49	90		
1678	8.3900	-47	87		
1679	8.3950	-44	85		
1680	8.4000	-42	82		
1681	8.4050	-38	80		
1682	8.4100	-36	77		
1683	8.4150	-32	74		
1684	8.4200	-30	71		
1685	8.4250	-26	68		
1686	8.4300	-23	64		
1687	8.4350	-20	61		
1688	8.4400	-16	57		
1689	8.4450	-12	54		
1690	8.4500	-9	50		
1691	8.4550	-5	46		
1692	8.4600	-2	43		
1693	8.4650	2	39		
1694	8.4700	6	35		
1695	8.4750	10	31		
1696	8.4800	14	27		
1697	8.4850	17	23		
1698	8.4900	21	20		
1699	8.4950	24	16		
1700	8.5000	28	12		
1701	8.5050	32	8		
1702	8.5100	36	4		
1703	8.5150	40	0		
1704	8.5200	43	-4		
1705	8.5250	47	-8		
1706	8.5300	50	-12		
1707	8.5350	54	-15		
1708	8.5400	57	-19		
1709	8.5450	60	-22		
1710	8.5500	64	-26		
1711	8.5550	66	-29		
1712	8.5600	70	-32		
1713	8.5650	72	-35		
1714	8.5700	75	-38		
1715	8.5750	78	-41		
1716	8.5800	80	-44		
1717	8.5850	82	-47		
1718	8.5900	84	-49		
1719	8.5950	86	-52		
1720	8.6000	88	-54		
1721	8.6050	90	-56		
1722	8.6100	92	-58		
1723	8.6150	93	-60		
1724	8.6200	94	-62		
1725	8.6250	95	-63		
1726	8.6300	96	-64		
1727	8.6350	97	-65		
1728	8.6400	98	-66		
1729	8.6450	98	-67		
1730	8.6500	98	-68		
1731	8.6550	98	-68		
1732	8.6600	98	-68		
1733	8.6650	98	-68		
1734	8.6700	97	-68		
1735	8.6750	96	-68		
1736	8.6800	96	-68		
1737	8.6850	94	-67		
1738	8.6900	93	-66		
1739	8.6950	92	-65		
1740	8.7000	90	-64		
1741	8.7050	88	-63		
1742	8.7100	86	-62		
1743	8.7150	84	-60		
1744	8.7200	82	-58		
1745	8.7250	80	-56		
1746	8.7300	78	-54		
1747	8.7350	75	-52		
1748	8.7400	72	-50		
1749	8.7450	70	-47		
1750	8.7500	66	-45		
1751	8.7550	63	-42		
1752	8.7600	60	-39		
1753	8.7650	57	-36		
1754	8.7700	54	-33		
1755	8.7750	50	-30		
1756	8.7800	46	-27		
1757	8.7850	43	-23		
1758	8.7900	39	-20		
1759	8.7950	36	-17		
1760	8.8000	32	-13		
1761	8.8050	28	-9		
1762	8.8100	24	-6		
1763	8.8150	20	-2		
1764	8.8200	16	2		
1765	8.8250	12	5		
1766	8.8300	8	9		
1767	8.8350	4	13		
1768	8.8400	0	16		
1769	8.8450	-4	20		
1770	8.8500	-8	24		
1771	8.8550	-12	27		
1772	8.8600	-16	31		
1773	8.8650	-20	35		
1774	8.8700	-23	38		
1775	8.8750	-27	42		
1776	8.8800	-30	45		
1777	8.8850	-34	48		
1778	8.8900	-37	52		
1779	8.8950	-40	55		
1780	8.9000	-44	58		
1781	8.9050	-47	61		
1782	8.9100	-50	64		
1783	8.9150	-53	67		
1784	8.9200	-56	69		
1785	8.9250	-58	72		
1786	8.9300	-61	74		
1787	8.9350	-63	76		
1788	8.9400	-65	78		
1789	8.9450	-67	80		
1790	8.9500	-69	82		
1791	8.9550	-71	84		
1792	8.9600	-72	85		
1793	8.9650	-74	87		
1794	8.9700	-75	88		
1795	8.9750	-76	89		
1796	8.9800	-77	90		
1797	8.9850	-78	91		
1798	8.9900	-78	91		
1799	8.9950	-78	91		
1800	9.0000	-79	92		
1801	9.0050	-79	92		
1802	9.0100	-78	92		
1803	9.0150	-78	91		
1804	9.0200	-78	91		
1805	9.0250	-77	90		
1806	9.0300	-76	89		
1807	9.0350	-75	88		
1808	9.0400	-74	87		
1809	9.0450	-72	86		
1810	9.0500	-71	84		
1811	9.0550	-69	82		
1812	9.0600	-67	80		
1813	9.0650	-65	78		
1814	9.0700	-63	76		
1815	9.0750	-61	74		
1816	9.0800	-58	72		
1817	9.0850	-56	69		
1818	9.0900	-53	67		
1819	9.0950	-50	64		
1820	9.1000	-48	61		
1821	9.1050	-44	58		
1822	9.1100	-41	55		
1823	9.1150	-38	51		
1824	9.1200	-34	48		
1825	9.1250	-31	45		
1826	9.1300	-28	41		
1827	9.1350	-24	38		
1828	9.1400	-20	34		
1829	9.1450	-17	31		
1830	9.1500	-13	27		
1831	9.1550	-9	23		
1832	9.1600	-6	19		
1833	9.1650	-2	16		
1834	9.1700	2	12		
1835	9.1750	6	8		
1836	9.1800	10	4		
1837	9.1850	14	0		
1838	9.1900	18	-3		
1839	9.1950	21	-7		
1840	9.2000	25	-11		
1841	9.2050	29	-15		
1842	9.2100	32	-18		
1843	9.2150	36	-22		
1844	9.2200	40	-25		
1845	9.2250	43	-29		
1846	9.2300	46	-32		
1847	9.2350	50	-36		
1848	9.2400	53	-39		
1849	9.2450	56	-42		
1850	9.2500	59	-45		
1851	9.2550	62	-48		
1852	9.2600	64	-50		
1853	9.2650	67	-53		
1854	9.2700	70	-55		
1855	9.2750	72	-58		
1856	9.2800	74	-60		
1857	9.2850	76	-62		
1858	9.2900	78	-64		
1859	9.2950	80	-66		
1860	9.3000	82	-67		
1861	9.3050	84	-69		
1862	9.3100	85	-70		
1863	9.3150	86	-71		
1864	9.3200	87	-72		
1865	9.3250	88	-73		
1866	9.3300	89	-74		
1867	9.3350	89	-74		
1868	9.3400	90	-74		
1869	9.3450	90	-74		
1870	9.3500	90	-74		
1871	9.3550	90	-74		
1872	9.3600	90	-74		
1873	9.3650	89	-73		
1874	9.3700	88	-72		
1875	9.3750	87	-71		
1876	9.3800	86	-70		
1877	9.3850	85	-69		
1878	9.3900	84	-67		
1879	9.3950	82	-66		
1880	9.4000	81	-64		
1881	9.4050	79	-62		
1882	9.4100	77	-60		
1883	9.4150	75	-58		
1884	9.4200	73	-55		
1885	9.4250	70	-53		
1886	9.4300	68	-50		
1887	9.4350	65	-47		
1888	9.4400	62	-44		
1889	9.4450	60	-41		
1890	9.4500	57	-38		
1891	9.4550	54	-35		
1892	9.4600	51	-31		
1893	9.4650	48	-28		
1894	9.4700	44	-24		
1895	9.4750	41	-21		
1896	9.4800	38	-17		
1897	9.4850	34	-13		
1898	9.4900	30	-10		
1899	9.4950	27	-6		
1900	9.5000	24	-2		
1901	9.5050	20	2		
1902	9.5100	16	6		
1903	9.5150	12	10		
1904	9.5200	9	14		
1905	9.5250	5	18		
1906	9.5300	2	22		
1907	9.5350	-2	26		
1908	9.5400	-6	30		
1909	9.5450	-9	34		
1910	9.5500	-12	38		
1911	9.5550	-16	41		
1912	9.5600	-19	45		
1913	9.5650	-22	49		
1914	9.5700	-26	52		
1915	9.5750	-29	56		
1916	9.5800	-32	59		
1917	9.5850	-35	63		
1918	9.5900	-38	66		
1919	9.5950	-40	69		
1920	9.6000	-43	72		
1921	9.6050	-46	75		
1922	9.6100	-48	78		
1923	9.6150	-50	81		
1924	9.6200	-52	83		
1925	9.6250	-54	86		
1926	9.6300	-56	88		
1927	9.6350	-58	90		
1928	9.6400	-60	92		
1929	9.6450	-61	94		
1930	9.6500	-62	95		
1931	9.6550	-63	97		
1932	9.6600	-64	98		
1933	9.6650	-65	99		
1934	9.6700	-66	100		
1935	9.6750	-66	101		
1936	9.6800	-66	101		
1937	9.6850	-66	102		
1938	9.6900	-66	102		
1939	9.6950	-66	102		
1940	9.7000	-65	102		
1941	9.7050	-65	102		
1942	9.7100	-64	101		
1943	9.7150	-63	101		
1944	9.7200	-62	100		
1945	9.7250	-60	99		
1946	9.7300	-59	98		
1947	9.7350	-58	96		
1948	9.7400	-56	95		
1949	9.7450	-54	93		
1950	9.7500	-52	91		
1951	9.7550	-50	90		
1952	9.7600	-48	87		
1953	9.7650	-45	85		
1954	9.7700	-43	83		
1955	9.7750	-40	80		
1956	9.7800	-38	78		
1957	9.7850	-34	75		
1958	9.7900	-32	72		
1959	9.7950	-28	69		
1960	9.8000	-25	66		
1961	9.8050	-22	62		
1962	9.8100	-18	59		
1963	9.8150	-15	56		
1964	9.8200	-12	52		
1965	9.8250	-8	49		
1966	9.8300	-4	45		
1967	9.8350	-1	42		
1968	9.8400	3	38		
1969	9.8450	6	34		
1970	9.8500	10	30		
1971	9.8550	14	27		
1972	9.8600	18	23		
1973	9.8650	21	19		
1974	9.8700	25	15		
1975	9.8750	28	12		
1976	9.8800	32	8		
1977	9.8850	36	4		
1978	9.8900	39	0		
1979	9.8950	43	-4		
1980	9.9000	46	-7		
1981	9.9050	50	-11		
1982	9.9100	54	-15		
1983	9.9150	56	-18		
1984	9.9200	60	-22		
1985	9.9250	63	-25		
1986	9.9300	66	-28		
1987	9.9350	69	-31		
1988	9.9400	72	-34		
1989	9.9450	74	-37		
1990	9.9500	76	-40		
1991	9.9550	79	-43		
1992	9.9600	81	-45		
1993	9.9650	83	-48		
1994	9.9700	85	-50		
1995	9.9750	87	-52		
1996	9.9800	89	-54		
1997	9.9850	90	-56		
1998	9.9900	92	-58		
1999	9.9950	93	-59		
2000	10.0000	94	-61		
