#	time(s)	count A	count B	count C	count D
1	0.0050	-87	4		
2	0.0100	-86	3		
3	0.0150	-84	2		
4	0.0200	-83	2		
5	0.0250	-82	1		
6	0.0300	-80	0		
7	0.0350	-78	-2		
8	0.0400	-76	-3		
9	0.0450	-74	-4		
10	0.0500	-72	-5		
11	0.0550	-70	-6		
12	0.0600	-68	-7		
13	0.0650	-66	-9		
14	0.0700	-64	-10		
15	0.0750	-61	-11		
16	0.0800	-58	-13		
17	0.0850	-56	-14		
18	0.0900	-53	-16		
19	0.0950	-51	-17		
20	0.1000	-48	-18		
21	0.1050	-45	-20		
22	0.1100	-42	-22		
23	0.1150	-39	-23		
24	0.1200	-36	-24		
25	0.1250	-34	-26		
26	0.1300	-30	-27		
27	0.1350	-28	-29		
28	0.1400	-24	-30		
29	0.1450	-22	-31		
30	0.1500	-18	-33		
31	0.1550	-16	-34		
32	0.1600	-12	-35		
33	0.1650	-10	-37		
34	0.1700	-6	-38		
35	0.1750	-4	-39		
36	0.1800	-1	-40		
37	0.1850	2	-41		
38	0.1900	5	-42		
39	0.1950	8	-43		
40	0.2000	11	-44		
41	0.2050	14	-44		
42	0.2100	16	-45		
43	0.2150	19	-46		
44	0.2200	22	-46		
45	0.2250	24	-47		
46	0.2300	26	-47		
47	0.2350	29	-47		
48	0.2400	31	-47		
49	0.2450	34	-47		
50	0.2500	36	-47		
51	0.2550	38	-47		
52	0.2600	40	-47		
53	0.2650	42	-47		
54	0.2700	44	-46		
55	0.2750	45	-46		
56	0.2800	47	-45		
57	0.2850	48	-44		
58	0.2900	50	-44		
59	0.2950	51	-43		
60	0.3000	52	-42		
61	0.3050	54	-40		
62	0.3100	55	-39		
63	0.3150	56	-38		
64	0.3200	57	-36		
65	0.3250	58	-35		
66	0.3300	58	-33		
67	0.3350	59	-31		
68	0.3400	59	-29		
69	0.3450	60	-27		
70	0.3500	60	-25		
71	0.3550	60	-23		
72	0.3600	60	-21		
73	0.3650	60	-19		
74	0.3700	60	-16		
75	0.3750	60	-14		
76	0.3800	60	-11		
77	0.3850	60	-9		
78	0.3900	59	-6		
79	0.3950	59	-4		
80	0.4000	58	-1		
81	0.4050	58	2		
82	0.4100	57	5		
83	0.4150	56	8		
84	0.4200	56	11		
85	0.4250	54	14		
86	0.4300	54	17		
87	0.4350	53	20		
88	0.4400	52	23		
89	0.4450	51	26		
90	0.4500	50	30		
91	0.4550	48	33		
92	0.4600	48	36		
93	0.4650	46	39		
94	0.4700	45	42		
95	0.4750	44	46		
96	0.4800	42	49		
97	0.4850	42	52		
98	0.4900	40	55		
99	0.4950	39	58		
100	0.5000	38	61		
101	0.5050	36	64		
102	0.5100	35	67		
103	0.5150	34	70		
104	0.5200	32	73		
105	0.5250	32	75		
106	0.5300	30	78		
107	0.5350	29	81		
108	0.5400	28	83		
109	0.5450	27	86		
110	0.5500	26	88		
111	0.5550	25	90		
112	0.5600	24	93		
113	0.5650	23	95		
114	0.5700	22	97		
115	0.5750	22	99		
116	0.5800	21	101		
117	0.5850	20	102		
118	0.5900	20	104		
119	0.5950	19	106		
120	0.6000	18	107		
121	0.6050	18	108		
122	0.6100	18	109		
123	0.6150	18	110		
124	0.6200	18	111		
125	0.6250	17	112		
126	0.6300	17	113		
127	0.6350	17	113		
128	0.6400	17	114		
129	0.6450	17	114		
130	0.6500	18	114		
131	0.6550	18	114		
132	0.6600	18	114		
133	0.6650	18	114		
134	0.6700	19	114		
135	0.6750	20	113		
136	0.6800	20	113		
137	0.6850	21	112		
138	0.6900	22	111		
139	0.6950	22	110		
140	0.7000	24	109		
141	0.7050	24	108		
142	0.7100	26	107		
143	0.7150	26	105		
144	0.7200	28	104		
145	0.7250	29	102		
146	0.7300	30	100		
147	0.7350	31	99		
148	0.7400	32	97		
149	0.7450	34	95		
150	0.7500	35	93		
151	0.7550	36	90		
152	0.7600	38	88		
153	0.7650	40	86		
154	0.7700	41	84		
155	0.7750	42	81		
156	0.7800	44	78		
157	0.7850	45	76		
158	0.7900	47	73		
159	0.7950	48	70		
160	0.8000	50	68		
161	0.8050	52	65		
162	0.8100	53	62		
163	0.8150	54	59		
164	0.8200	56	56		
165	0.8250	57	53		
166	0.8300	58	50		
167	0.8350	60	48		
168	0.8400	61	45		
169	0.8450	62	42		
170	0.8500	64	39		
171	0.8550	65	36		
172	0.8600	66	33		
173	0.8650	67	30		
174	0.8700	68	27		
175	0.8750	69	24		
176	0.8800	70	22		
177	0.8850	70	19		
178	0.8900	71	16		
179	0.8950	72	13		
180	0.9000	72	11		
181	0.9050	73	8		
182	0.9100	73	5		
183	0.9150	74	3		
184	0.9200	74	0		
185	0.9250	74	-2		
186	0.9300	74	-4		
187	0.9350	74	-6		
188	0.9400	74	-9		
189	0.9450	73	-11		
190	0.9500	73	-13		
191	0.9550	72	-14		
192	0.9600	72	-16		
193	0.9650	71	-18		
194	0.9700	70	-20		
195	0.9750	70	-21		
196	0.9800	68	-23		
197	0.9850	68	-24		
198	0.9900	66	-25		
199	0.9950	65	-26		
200	1.0000	64	-27		
201	1.0050	62	-28		
202	1.0100	60	-29		
203	1.0150	58	-30		
204	1.0200	57	-31		
205	1.0250	55	-31		
206	1.0300	53	-32		
207	1.0350	51	-32		
208	1.0400	49	-33		
209	1.0450	46	-33		
210	1.0500	44	-33		
211	1.0550	42	-33		
212	1.0600	39	-33		
213	1.0650	37	-33		
214	1.0700	34	-32		
215	1.0750	32	-32		
216	1.0800	29	-32		
217	1.0850	26	-31		
218	1.0900	23	-31		
219	1.0950	20	-30		
220	1.1000	17	-30		
221	1.1050	14	-29		
222	1.1100	11	-28		
223	1.1150	8	-27		
224	1.1200	5	-26		
225	1.1250	2	-25		
226	1.1300	-2	-24		
227	1.1350	-5	-23		
228	1.1400	-8	-22		
229	1.1450	-11	-21		
230	1.1500	-14	-20		
231	1.1550	-17	-19		
232	1.1600	-20	-18		
233	1.1650	-24	-17		
234	1.1700	-27	-16		
235	1.1750	-30	-14		
236	1.1800	-33	-13		
237	1.1850	-36	-12		
238	1.1900	-39	-11		
239	1.1950	-42	-10		
240	1.2000	-44	-8		
241	1.2050	-48	-7		
242	1.2100	-50	-6		
243	1.2150	-53	-5		
244	1.2200	-56	-4		
245	1.2250	-58	-2		
246	1.2300	-61	-1		
247	1.2350	-63	0		
248	1.2400	-66	0		
249	1.2450	-68	1		
250	1.2500	-70	2		
251	1.2550	-72	3		
252	1.2600	-74	4		
253	1.2650	-76	5		
254	1.2700	-78	5		
255	1.2750	-79	6		
256	1.2800	-80	6		
257	1.2850	-82	7		
258	1.2900	-83	8		
259	1.2950	-84	8		
260	1.3000	-86	8		
261	1.3050	-86	8		
262	1.3100	-87	9		
263	1.3150	-88	9		
264	1.3200	-88	9		
265	1.3250	-89	9		
266	1.3300	-89	8		
267	1.3350	-90	8		
268	1.3400	-90	8		
269	1.3450	-90	8		
270	1.3500	-89	7		
271	1.3550	-89	7		
272	1.3600	-88	6		
273	1.3650	-88	6		
274	1.3700	-87	5		
275	1.3750	-86	4		
276	1.3800	-86	3		
277	1.3850	-84	2		
278	1.3900	-84	1		
279	1.3950	-82	0		
280	1.4000	-81	-1		
281	1.4050	-79	-2		
282	1.4100	-78	-3		
283	1.4150	-76	-4		
284	1.4200	-74	-6		
285	1.4250	-72	-7		
286	1.4300	-70	-8		
287	1.4350	-68	-10		
288	1.4400	-66	-11		
289	1.4450	-64	-13		
290	1.4500	-62	-14		
291	1.4550	-60	-16		
292	1.4600	-57	-17		
293	1.4650	-55	-19		
294	1.4700	-52	-20		
295	1.4750	-50	-22		
296	1.4800	-47	-24		
297	1.4850	-44	-25		
298	1.4900	-42	-27		
299	1.4950	-39	-28		
300	1.5000	-36	-30		
301	1.5050	-33	-31		
302	1.5100	-30	-33		
303	1.5150	-28	-34		
304	1.5200	-25	-36		
305	1.5250	-22	-37		
306	1.5300	-19	-39		
307	1.5350	-16	-40		
308	1.5400	-14	-41		
309	1.5450	-11	-43		
310	1.5500	-8	-44		
311	1.5550	-5	-45		
312	1.5600	-2	-46		
313	1.5650	0	-47		
314	1.5700	3	-48		
315	1.5750	6	-49		
316	1.5800	8	-50		
317	1.5850	11	-50		
318	1.5900	13	-51		
319	1.5950	16	-52		
320	1.6000	18	-52		
321	1.6050	21	-52		
322	1.6100	23	-53		
323	1.6150	25	-53		
324	1.6200	27	-53		
325	1.6250	29	-53		
326	1.6300	31	-53		
327	1.6350	33	-53		
328	1.6400	35	-52		
329	1.6450	36	-52		
330	1.6500	38	-52		
331	1.6550	40	-51		
332	1.6600	41	-50		
333	1.6650	42	-49		
334	1.6700	44	-48		
335	1.6750	45	-47		
336	1.6800	46	-46		
337	1.6850	47	-45		
338	1.6900	48	-44		
339	1.6950	49	-42		
340	1.7000	50	-41		
341	1.7050	50	-39		
342	1.7100	51	-37		
343	1.7150	52	-35		
344	1.7200	52	-33		
345	1.7250	52	-31		
346	1.7300	52	-29		
347	1.7350	52	-27		
348	1.7400	52	-25		
349	1.7450	52	-22		
350	1.7500	52	-20		
351	1.7550	52	-17		
352	1.7600	52	-15		
353	1.7650	52	-12		
354	1.7700	51	-9		
355	1.7750	50	-6		
356	1.7800	50	-4		
357	1.7850	49	-1		
358	1.7900	48	2		
359	1.7950	48	5		
360	1.8000	47	8		
361	1.8050	46	12		
362	1.8100	45	15		
363	1.8150	44	18		
364	1.8200	44	21		
365	1.8250	42	24		
366	1.8300	42	27		
367	1.8350	40	31		
368	1.8400	39	34		
369	1.8450	38	37		
370	1.8500	37	40		
371	1.8550	36	43		
372	1.8600	35	46		
373	1.8650	34	50		
374	1.8700	33	53		
375	1.8750	32	56		
376	1.8800	30	59		
377	1.8850	29	62		
378	1.8900	28	65		
379	1.8950	27	68		
380	1.9000	26	70		
381	1.9050	25	73		
382	1.9100	24	76		
383	1.9150	23	79		
384	1.9200	22	81		
385	1.9250	22	84		
386	1.9300	21	86		
387	1.9350	20	88		
388	1.9400	19	91		
389	1.9450	18	93		
390	1.9500	18	95		
391	1.9550	18	97		
392	1.9600	17	98		
393	1.9650	16	100		
394	1.9700	16	102		
395	1.9750	16	103		
396	1.9800	16	105		
397	1.9850	16	106		
398	1.9900	15	107		
399	1.9950	15	108		
400	2.0000	15	109		
401	2.0050	16	110		
402	2.0100	16	110		
403	2.0150	16	111		
404	2.0200	16	111		
405	2.0250	16	112		
406	2.0300	17	112		
407	2.0350	18	112		
408	2.0400	18	112		
409	2.0450	19	112		
410	2.0500	20	111		
411	2.0550	20	111		
412	2.0600	21	110		
413	2.0650	22	110		
414	2.0700	23	109		
415	2.0750	24	108		
416	2.0800	26	107		
417	2.0850	26	106		
418	2.0900	28	104		
419	2.0950	29	103		
420	2.1000	30	102		
421	2.1050	32	100		
422	2.1100	33	98		
423	2.1150	34	96		
424	2.1200	36	95		
425	2.1250	38	93		
426	2.1300	39	91		
427	2.1350	41	89		
428	2.1400	42	86		
429	2.1450	44	84		
430	2.1500	46	82		
431	2.1550	47	80		
432	2.1600	49	77		
433	2.1650	50	75		
434	2.1700	52	72		
435	2.1750	54	70		
436	2.1800	55	67		
437	2.1850	56	64		
438	2.1900	58	62		
439	2.1950	60	59		
440	2.2000	61	56		
441	2.2050	63	53		
442	2.2100	64	50		
443	2.2150	66	48		
444	2.2200	67	45		
445	2.2250	68	42		
446	2.2300	70	39		
447	2.2350	71	37		
448	2.2400	72	34		
449	2.2450	73	31		
450	2.2500	74	28		
451	2.2550	75	26		
452	2.2600	76	23		
453	2.2650	76	21		
454	2.2700	77	18		
455	2.2750	78	16		
456	2.2800	78	13		
457	2.2850	78	11		
458	2.2900	79	9		
459	2.2950	79	6		
460	2.3000	80	4		
461	2.3050	80	2		
462	2.3100	80	0		
463	2.3150	79	-2		
464	2.3200	79	-4		
465	2.3250	79	-6		
466	2.3300	78	-8		
467	2.3350	78	-10		
468	2.3400	77	-11		
469	2.3450	76	-13		
470	2.3500	76	-14		
471	2.3550	74	-15		
472	2.3600	74	-17		
473	2.3650	72	-18		
474	2.3700	71	-19		
475	2.3750	70	-20		
476	2.3800	68	-21		
477	2.3850	66	-22		
478	2.3900	65	-22		
479	2.3950	63	-23		
480	2.4000	61	-24		
481	2.4050	59	-24		
482	2.4100	57	-24		
483	2.4150	55	-25		
484	2.4200	52	-25		
485	2.4250	50	-25		
486	2.4300	48	-25		
487	2.4350	45	-25		
488	2.4400	43	-25		
489	2.4450	40	-24		
490	2.4500	37	-24		
491	2.4550	34	-24		
492	2.4600	32	-24		
493	2.4650	29	-23		
494	2.4700	26	-22		
495	2.4750	23	-22		
496	2.4800	20	-21		
497	2.4850	17	-20		
498	2.4900	14	-20		
499	2.4950	11	-19		
500	2.5000	8	-18		
501	2.5050	4	-17		
502	2.5100	1	-16		
503	2.5150	-2	-15		
504	2.5200	-6	-14		
505	2.5250	-9	-13		
506	2.5300	-12	-12		
507	2.5350	-15	-11		
508	2.5400	-18	-10		
509	2.5450	-21	-9		
510	2.5500	-24	-8		
511	2.5550	-28	-6		
512	2.5600	-30	-5		
513	2.5650	-34	-4		
514	2.5700	-36	-3		
515	2.5750	-40	-2		
516	2.5800	-42	-1		
517	2.5850	-45	0		
518	2.5900	-48	1		
519	2.5950	-50	2		
520	2.6000	-53	3		
521	2.6050	-56	4		
522	2.6100	-58	5		
523	2.6150	-61	5		
524	2.6200	-63	6		
525	2.6250	-65	7		
526	2.6300	-67	8		
527	2.6350	-69	8		
528	2.6400	-71	9		
529	2.6450	-73	9		
530	2.6500	-75	10		
531	2.6550	-76	10		
532	2.6600	-78	10		
533	2.6650	-79	11		
534	2.6700	-80	11		
535	2.6750	-82	11		
536	2.6800	-83	11		
537	2.6850	-84	11		
538	2.6900	-84	11		
539	2.6950	-85	11		
540	2.7000	-86	11		
541	2.7050	-86	10		
542	2.7100	-86	10		
543	2.7150	-86	9		
544	2.7200	-86	9		
545	2.7250	-86	8		
546	2.7300	-86	8		
547	2.7350	-86	7		
548	2.7400	-86	6		
549	2.7450	-85	5		
550	2.7500	-84	4		
551	2.7550	-84	3		
552	2.7600	-83	2		
553	2.7650	-82	1		
554	2.7700	-81	0		
555	2.7750	-80	-1		
556	2.7800	-78	-3		
557	2.7850	-77	-4		
558	2.7900	-76	-5		
559	2.7950	-74	-7		
560	2.8000	-72	-8		
561	2.8050	-70	-10		
562	2.8100	-68	-12		
563	2.8150	-66	-13		
564	2.8200	-64	-15		
565	2.8250	-62	-16		
566	2.8300	-60	-18		
567	2.8350	-58	-20		
568	2.8400	-56	-21		
569	2.8450	-53	-23		
570	2.8500	-51	-25		
571	2.8550	-48	-26		
572	2.8600	-46	-28		
573	2.8650	-44	-30		
574	2.8700	-41	-32		
575	2.8750	-38	-33		
576	2.8800	-36	-35		
577	2.8850	-33	-36		
578	2.8900	-30	-38		
579	2.8950	-28	-40		
580	2.9000	-25	-41		
581	2.9050	-22	-43		
582	2.9100	-20	-44		
583	2.9150	-17	-46		
584	2.9200	-14	-47		
585	2.9250	-12	-48		
586	2.9300	-9	-49		
587	2.9350	-6	-51		
588	2.9400	-4	-52		
589	2.9450	-2	-53		
590	2.9500	1	-54		
591	2.9550	4	-54		
592	2.9600	6	-55		
593	2.9650	8	-56		
594	2.9700	10	-57		
595	2.9750	13	-57		
596	2.9800	15	-58		
597	2.9850	17	-58		
598	2.9900	19	-58		
599	2.9950	21	-58		
600	3.0000	23	-58		
601	3.0050	25	-58		
602	3.0100	27	-58		
603	3.0150	28	-58		
604	3.0200	30	-58		
605	3.0250	32	-57		
606	3.0300	33	-56		
607	3.0350	34	-56		
608	3.0400	36	-55		
609	3.0450	37	-54		
610	3.0500	38	-53		
611	3.0550	39	-52		
612	3.0600	40	-51		
613	3.0650	41	-49		
614	3.0700	42	-48		
615	3.0750	42	-46		
616	3.0800	43	-45		
617	3.0850	43	-43		
618	3.0900	44	-41		
619	3.0950	44	-39		
620	3.1000	44	-37		
621	3.1050	44	-35		
622	3.1100	44	-33		
623	3.1150	44	-30		
624	3.1200	44	-28		
625	3.1250	44	-26		
626	3.1300	44	-23		
627	3.1350	44	-20		
628	3.1400	44	-18		
629	3.1450	43	-15		
630	3.1500	42	-12		
631	3.1550	42	-9		
632	3.1600	41	-6		
633	3.1650	41	-4		
634	3.1700	40	0		
635	3.1750	39	3		
636	3.1800	38	6		
637	3.1850	38	9		
638	3.1900	37	12		
639	3.1950	36	15		
640	3.2000	35	18		
641	3.2050	34	22		
642	3.2100	33	25		
643	3.2150	32	28		
644	3.2200	31	31		
645	3.2250	30	34		
646	3.2300	29	38		
647	3.2350	28	41		
648	3.2400	27	44		
649	3.2450	26	47		
650	3.2500	25	50		
651	3.2550	24	53		
652	3.2600	23	56		
653	3.2650	22	59		
654	3.2700	21	62		
655	3.2750	20	65		
656	3.2800	20	68		
657	3.2850	18	71		
658	3.2900	18	73		
659	3.2950	17	76		
660	3.3000	16	78		
661	3.3050	16	81		
662	3.3100	15	83		
663	3.3150	14	86		
664	3.3200	14	88		
665	3.3250	14	90		
666	3.3300	13	92		
667	3.3350	13	94		
668	3.3400	12	96		
669	3.3450	12	97		
670	3.3500	12	99		
671	3.3550	12	100		
672	3.3600	12	102		
673	3.3650	12	103		
674	3.3700	12	104		
675	3.3750	12	105		
676	3.3800	13	106		
677	3.3850	13	107		
678	3.3900	14	107		
679	3.3950	14	108		
680	3.4000	15	108		
681	3.4050	16	108		
682	3.4100	16	109		
683	3.4150	17	109		
684	3.4200	18	109		
685	3.4250	19	108		
686	3.4300	20	108		
687	3.4350	20	108		
688	3.4400	22	107		
689	3.4450	23	106		
690	3.4500	24	106		
691	3.4550	26	105		
692	3.4600	27	104		
693	3.4650	28	103		
694	3.4700	30	101		
695	3.4750	31	100		
696	3.4800	32	99		
697	3.4850	34	97		
698	3.4900	36	96		
699	3.4950	37	94		
700	3.5000	39	92		
701	3.5050	41	90		
702	3.5100	42	88		
703	3.5150	44	86		
704	3.5200	46	84		
705	3.5250	48	82		
706	3.5300	50	80		
707	3.5350	51	78		
708	3.5400	53	75		
709	3.5450	54	73		
710	3.5500	56	71		
711	3.5550	58	68		
712	3.5600	60	66		
713	3.5650	61	63		
714	3.5700	63	61		
715	3.5750	64	58		
716	3.5800	66	56		
717	3.5850	68	53		
718	3.5900	69	50		
719	3.5950	71	48		
720	3.6000	72	45		
721	3.6050	74	42		
722	3.6100	75	40		
723	3.6150	76	37		
724	3.6200	77	35		
725	3.6250	78	32		
726	3.6300	79	30		
727	3.6350	80	27		
728	3.6400	81	25		
729	3.6450	82	23		
730	3.6500	82	20		
731	3.6550	83	18		
732	3.6600	84	16		
733	3.6650	84	14		
734	3.6700	84	11		
735	3.6750	84	9		
736	3.6800	84	7		
737	3.6850	84	5		
738	3.6900	84	4		
739	3.6950	84	2		
740	3.7000	84	0		
741	3.7050	84	-2		
742	3.7100	83	-3		
743	3.7150	82	-5		
744	3.7200	82	-6		
745	3.7250	81	-8		
746	3.7300	80	-9		
747	3.7350	79	-10		
748	3.7400	78	-11		
749	3.7450	76	-12		
750	3.7500	75	-13		
751	3.7550	74	-14		
752	3.7600	72	-14		
753	3.7650	70	-15		
754	3.7700	69	-16		
755	3.7750	67	-16		
756	3.7800	65	-16		
757	3.7850	63	-17		
758	3.7900	61	-17		
759	3.7950	58	-17		
760	3.8000	56	-17		
761	3.8050	54	-17		
762	3.8100	51	-17		
763	3.8150	49	-17		
764	3.8200	46	-17		
765	3.8250	44	-16		
766	3.8300	40	-16		
767	3.8350	38	-16		
768	3.8400	35	-15		
769	3.8450	32	-14		
770	3.8500	29	-14		
771	3.8550	26	-13		
772	3.8600	23	-12		
773	3.8650	20	-12		
774	3.8700	17	-11		
775	3.8750	14	-10		
776	3.8800	10	-9		
777	3.8850	7	-8		
778	3.8900	4	-8		
779	3.8950	1	-6		
780	3.9000	-2	-6		
781	3.9050	-6	-4		
782	3.9100	-9	-4		
783	3.9150	-12	-2		
784	3.9200	-16	-2		
785	3.9250	-18	0		
786	3.9300	-22	0		
787	3.9350	-25	2		
788	3.9400	-28	2		
789	3.9450	-31	3		
790	3.9500	-34	4		
791	3.9550	-37	5		
792	3.9600	-40	6		
793	3.9650	-42	7		
794	3.9700	-45	8		
795	3.9750	-48	9		
796	3.9800	-50	10		
797	3.9850	-53	10		
798	3.9900	-55	11		
799	3.9950	-58	12		
800	4.0000	-60	12		
801	4.0050	-62	13		
802	4.0100	-64	13		
803	4.0150	-66	14		
804	4.0200	-68	14		
805	4.0250	-70	14		
806	4.0300	-72	14		
807	4.0350	-73	15		
808	4.0400	-74	15		
809	4.0450	-76	15		
810	4.0500	-77	15		
811	4.0550	-78	15		
812	4.0600	-79	14		
813	4.0650	-80	14		
814	4.0700	-81	14		
815	4.0750	-82	13		
816	4.0800	-82	13		
817	4.0850	-82	12		
818	4.0900	-83	12		
819	4.0950	-83	11		
820	4.1000	-83	10		
821	4.1050	-83	9		
822	4.1100	-83	8		
823	4.1150	-82	8		
824	4.1200	-82	6		
825	4.1250	-82	5		
826	4.1300	-81	4		
827	4.1350	-80	3		
828	4.1400	-80	2		
829	4.1450	-78	0		
830	4.1500	-78	-1		
831	4.1550	-76	-2		
832	4.1600	-75	-4		
833	4.1650	-74	-6		
834	4.1700	-72	-7		
835	4.1750	-71	-9		
836	4.1800	-69	-10		
837	4.1850	-68	-12		
838	4.1900	-66	-14		
839	4.1950	-64	-16		
840	4.2000	-62	-17		
841	4.2050	-60	-19		
842	4.2100	-58	-21		
843	4.2150	-56	-23		
844	4.2200	-54	-25		
845	4.2250	-51	-27		
846	4.2300	-49	-28		
847	4.2350	-47	-30		
848	4.2400	-44	-32		
849	4.2450	-42	-34		
850	4.2500	-40	-36		
851	4.2550	-37	-38		
852	4.2600	-35	-39		
853	4.2650	-32	-41		
854	4.2700	-30	-43		
855	4.2750	-27	-44		
856	4.2800	-25	-46		
857	4.2850	-22	-47		
858	4.2900	-20	-49		
859	4.2950	-18	-50		
860	4.3000	-15	-52		
861	4.3050	-12	-53		
862	4.3100	-10	-54		
863	4.3150	-8	-56		
864	4.3200	-5	-57		
865	4.3250	-3	-58		
866	4.3300	-1	-59		
867	4.3350	2	-60		
868	4.3400	4	-60		
869	4.3450	6	-61		
870	4.3500	8	-62		
871	4.3550	10	-62		
872	4.3600	12	-62		
873	4.3650	14	-63		
874	4.3700	16	-63		
875	4.3750	17	-63		
876	4.3800	19	-63		
877	4.3850	20	-63		
878	4.3900	22	-63		
879	4.3950	24	-63		
880	4.4000	25	-62		
881	4.4050	26	-62		
882	4.4100	28	-61		
883	4.4150	29	-60		
884	4.4200	30	-59		
885	4.4250	31	-58		
886	4.4300	32	-57		
887	4.4350	32	-56		
888	4.4400	34	-55		
889	4.4450	34	-54		
890	4.4500	35	-52		
891	4.4550	35	-50		
892	4.4600	36	-49		
893	4.4650	36	-47		
894	4.4700	36	-45		
895	4.4750	36	-43		
896	4.4800	36	-41		
897	4.4850	36	-39		
898	4.4900	36	-36		
899	4.4950	36	-34		
900	4.5000	36	-32		
901	4.5050	36	-29		
902	4.5100	36	-26		
903	4.5150	35	-24		
904	4.5200	35	-21		
905	4.5250	34	-18		
906	4.5300	34	-16		
907	4.5350	33	-13		
908	4.5400	32	-10		
909	4.5450	32	-7		
910	4.5500	31	-4		
911	4.5550	30	0		
912	4.5600	30	3		
913	4.5650	29	6		
914	4.5700	28	9		
915	4.5750	27	12		
916	4.5800	26	15		
917	4.5850	26	18		
918	4.5900	24	22		
919	4.5950	24	25		
920	4.6000	22	28		
921	4.6050	22	32		
922	4.6100	20	35		
923	4.6150	20	38		
924	4.6200	19	41		
925	4.6250	18	44		
926	4.6300	17	47		
927	4.6350	16	50		
928	4.6400	16	53		
929	4.6450	14	56		
930	4.6500	14	59		
931	4.6550	13	62		
932	4.6600	12	65		
933	4.6650	12	68		
934	4.6700	11	70		
935	4.6750	10	73		
936	4.6800	10	75		
937	4.6850	10	78		
938	4.6900	9	80		
939	4.6950	8	82		
940	4.7000	8	84		
941	4.7050	8	86		
942	4.7100	8	88		
943	4.7150	8	90		
944	4.7200	8	92		
945	4.7250	8	94		
946	4.7300	8	95		
947	4.7350	8	97		
948	4.7400	8	98		
949	4.7450	8	99		
950	4.7500	9	100		
951	4.7550	10	101		
952	4.7600	10	102		
953	4.7650	10	103		
954	4.7700	11	103		
955	4.7750	12	104		
956	4.7800	13	104		
957	4.7850	14	104		
958	4.7900	14	105		
959	4.7950	16	105		
960	4.8000	16	105		
961	4.8050	18	104		
962	4.8100	19	104		
963	4.8150	20	104		
964	4.8200	22	103		
965	4.8250	23	102		
966	4.8300	24	102		
967	4.8350	26	101		
968	4.8400	28	100		
969	4.8450	29	99		
970	4.8500	31	98		
971	4.8550	32	96		
972	4.8600	34	95		
973	4.8650	36	94		
974	4.8700	38	92		
975	4.8750	40	91		
976	4.8800	41	89		
977	4.8850	43	87		
978	4.8900	45	85		
979	4.8950	47	84		
980	4.9000	48	82		
981	4.9050	50	79		
982	4.9100	52	77		
983	4.9150	54	75		
984	4.9200	56	73		
985	4.9250	58	71		
986	4.9300	60	68		
987	4.9350	62	66		
988	4.9400	64	64		
989	4.9450	65	61		
990	4.9500	67	59		
991	4.9550	69	57		
992	4.9600	70	54		
993	4.9650	72	52		
994	4.9700	74	50		
995	4.9750	75	47		
996	4.9800	76	45		
997	4.9850	78	42		
998	4.9900	79	40		
999	4.9950	80	38		
1000	5.0000	82	35		
1001	5.0050	83	33		
1002	5.0100	84	30		
1003	5.0150	85	28		
1004	5.0200	86	26		
1005	5.0250	86	24		
1006	5.0300	87	22		
1007	5.0350	88	20		
1008	5.0400	88	18		
1009	5.0450	88	16		
1010	5.0500	89	14		
1011	5.0550	89	12		
1012	5.0600	89	10		
1013	5.0650	89	9		
1014	5.0700	89	7		
1015	5.0750	89	5		
1016	5.0800	88	4		
1017	5.0850	88	2		
1018	5.0900	88	1		
1019	5.0950	87	0		
1020	5.1000	86	-1		
1021	5.1050	85	-2		
1022	5.1100	84	-4		
1023	5.1150	83	-4		
1024	5.1200	82	-5		
1025	5.1250	81	-6		
1026	5.1300	79	-7		
1027	5.1350	78	-8		
1028	5.1400	76	-8		
1029	5.1450	74	-8		
1030	5.1500	72	-9		
1031	5.1550	71	-9		
1032	5.1600	69	-9		
1033	5.1650	66	-10		
1034	5.1700	64	-10		
1035	5.1750	62	-10		
1036	5.1800	60	-10		
1037	5.1850	57	-10		
1038	5.1900	55	-9		
1039	5.1950	52	-9		
1040	5.2000	50	-9		
1041	5.2050	47	-8		
1042	5.2100	44	-8		
1043	5.2150	41	-7		
1044	5.2200	38	-7		
1045	5.2250	35	-6		
1046	5.2300	32	-5		
1047	5.2350	29	-5		
1048	5.2400	26	-4		
1049	5.2450	23	-3		
1050	5.2500	20	-2		
1051	5.2550	17	-2		
1052	5.2600	14	-1		
1053	5.2650	10	0		
1054	5.2700	7	1		
1055	5.2750	4	2		
1056	5.2800	1	3		
1057	5.2850	-2	4		
1058	5.2900	-6	5		
1059	5.2950	-9	6		
1060	5.3000	-12	7		
1061	5.3050	-15	8		
1062	5.3100	-18	9		
1063	5.3150	-22	10		
1064	5.3200	-24	10		
1065	5.3250	-28	11		
1066	5.3300	-30	12		
1067	5.3350	-33	13		
1068	5.3400	-36	14		
1069	5.3450	-39	15		
1070	5.3500	-42	15		
1071	5.3550	-44	16		
1072	5.3600	-47	16		
1073	5.3650	-49	17		
1074	5.3700	-52	18		
1075	5.3750	-54	18		
1076	5.3800	-56	18		
1077	5.3850	-58	19		
1078	5.3900	-60	19		
1079	5.3950	-62	19		
1080	5.4000	-64	19		
1081	5.4050	-66	20		
1082	5.4100	-68	20		
1083	5.4150	-69	20		
1084	5.4200	-70	19		
1085	5.4250	-72	19		
1086	5.4300	-73	19		
1087	5.4350	-74	19		
1088	5.4400	-75	18		
1089	5.4450	-76	18		
1090	5.4500	-76	17		
1091	5.4550	-77	17		
1092	5.4600	-78	16		
1093	5.4650	-78	15		
1094	5.4700	-78	14		
1095	5.4750	-79	13		
1096	5.4800	-79	12		
1097	5.4850	-79	11		
1098	5.4900	-78	10		
1099	5.4950	-78	9		
1100	5.5000	-78	8		
1101	5.5050	-77	6		
1102	5.5100	-77	5		
1103	5.5150	-76	3		
1104	5.5200	-75	2		
1105	5.5250	-74	0		
1106	5.5300	-73	-1		
1107	5.5350	-72	-3		
1108	5.5400	-71	-5		
1109	5.5450	-70	-6		
1110	5.5500	-68	-8		
1111	5.5550	-67	-10		
1112	5.5600	-66	-12		
1113	5.5650	-64	-14		
1114	5.5700	-62	-16		
1115	5.5750	-60	-17		
1116	5.5800	-58	-19		
1117	5.5850	-57	-21		
1118	5.5900	-55	-23		
1119	5.5950	-53	-25		
1120	5.6000	-51	-27		
1121	5.6050	-48	-29		
1122	5.6100	-46	-31		
1123	5.6150	-44	-33		
1124	5.6200	-42	-35		
1125	5.6250	-40	-37		
1126	5.6300	-38	-39		
1127	5.6350	-35	-41		
1128	5.6400	-33	-43		
1129	5.6450	-31	-45		
1130	5.6500	-28	-46		
1131	5.6550	-26	-48		
1132	5.6600	-24	-50		
1133	5.6650	-22	-51		
1134	5.6700	-19	-53		
1135	5.6750	-17	-54		
1136	5.6800	-15	-56		
1137	5.6850	-12	-57		
1138	5.6900	-10	-58		
1139	5.6950	-8	-60		
1140	5.7000	-6	-61		
1141	5.7050	-4	-62		
1142	5.7100	-2	-63		
1143	5.7150	0	-64		
1144	5.7200	2	-64		
1145	5.7250	4	-65		
1146	5.7300	6	-66		
1147	5.7350	8	-66		
1148	5.7400	10	-67		
1149	5.7450	11	-67		
1150	5.7500	13	-67		
1151	5.7550	14	-67		
1152	5.7600	16	-67		
1153	5.7650	17	-67		
1154	5.7700	18	-67		
1155	5.7750	20	-67		
1156	5.7800	21	-66		
1157	5.7850	22	-66		
1158	5.7900	23	-65		
1159	5.7950	24	-64		
1160	5.8000	25	-63		
1161	5.8050	26	-62		
1162	5.8100	26	-61		
1163	5.8150	27	-60		
1164	5.8200	28	-58		
1165	5.8250	28	-57		
1166	5.8300	28	-55		
1167	5.8350	29	-54		
1168	5.8400	29	-52		
1169	5.8450	29	-50		
1170	5.8500	29	-48		
1171	5.8550	29	-46		
1172	5.8600	29	-44		
1173	5.8650	29	-42		
1174	5.8700	29	-40		
1175	5.8750	29	-37		
1176	5.8800	28	-35		
1177	5.8850	28	-32		
1178	5.8900	28	-30		
1179	5.8950	27	-27		
1180	5.9000	27	-24		
1181	5.9050	26	-21		
1182	5.9100	26	-18		
1183	5.9150	25	-16		
1184	5.9200	24	-12		
1185	5.9250	24	-10		
1186	5.9300	23	-6		
1187	5.9350	22	-3		
1188	5.9400	21	0		
1189	5.9450	20	3		
1190	5.9500	20	6		
1191	5.9550	18	9		
1192	5.9600	18	12		
1193	5.9650	17	16		
1194	5.9700	16	19		
1195	5.9750	15	22		
1196	5.9800	14	25		
1197	5.9850	14	28		
1198	5.9900	12	32		
1199	5.9950	12	35		
1200	6.0000	11	38		
1201	6.0050	10	41		
1202	6.0100	9	44		
1203	6.0150	8	47		
1204	6.0200	8	50		
1205	6.0250	7	53		
1206	6.0300	6	56		
1207	6.0350	6	59		
1208	6.0400	5	61		
1209	6.0450	4	64		
1210	6.0500	4	67		
1211	6.0550	4	69		
1212	6.0600	4	72		
1213	6.0650	3	74		
1214	6.0700	3	76		
1215	6.0750	3	78		
1216	6.0800	2	80		
1217	6.0850	2	82		
1218	6.0900	2	84		
1219	6.0950	2	86		
1220	6.1000	3	88		
1221	6.1050	3	90		
1222	6.1100	3	91		
1223	6.1150	4	92		
1224	6.1200	4	94		
1225	6.1250	5	95		
1226	6.1300	5	96		
1227	6.1350	6	97		
1228	6.1400	7	98		
1229	6.1450	8	98		
1230	6.1500	8	99		
1231	6.1550	9	99		
1232	6.1600	10	100		
1233	6.1650	12	100		
1234	6.1700	12	100		
1235	6.1750	14	100		
1236	6.1800	15	100		
1237	6.1850	16	100		
1238	6.1900	18	100		
1239	6.1950	19	99		
1240	6.2000	21	99		
1241	6.2050	22	98		
1242	6.2100	24	97		
1243	6.2150	26	96		
1244	6.2200	28	96		
1245	6.2250	30	94		
1246	6.2300	31	93		
1247	6.2350	33	92		
1248	6.2400	35	91		
1249	6.2450	37	90		
1250	6.2500	39	88		
1251	6.2550	41	87		
1252	6.2600	43	85		
1253	6.2650	45	83		
1254	6.2700	47	82		
1255	6.2750	49	80		
1256	6.2800	51	78		
1257	6.2850	53	76		
1258	6.2900	55	74		
1259	6.2950	57	72		
1260	6.3000	59	70		
1261	6.3050	61	68		
1262	6.3100	63	66		
1263	6.3150	64	64		
1264	6.3200	66	61		
1265	6.3250	68	59		
1266	6.3300	70	57		
1267	6.3350	72	55		
1268	6.3400	74	53		
1269	6.3450	75	50		
1270	6.3500	77	48		
1271	6.3550	78	46		
1272	6.3600	80	44		
1273	6.3650	82	42		
1274	6.3700	83	39		
1275	6.3750	84	37		
1276	6.3800	85	35		
1277	6.3850	86	33		
1278	6.3900	88	31		
1279	6.3950	88	29		
1280	6.4000	90	27		
1281	6.4050	90	25		
1282	6.4100	91	23		
1283	6.4150	92	21		
1284	6.4200	92	19		
1285	6.4250	92	18		
1286	6.4300	92	16		
1287	6.4350	93	14		
1288	6.4400	93	13		
1289	6.4450	93	11		
1290	6.4500	93	10		
1291	6.4550	92	9		
1292	6.4600	92	7		
1293	6.4650	92	6		
1294	6.4700	91	5		
1295	6.4750	90	4		
1296	6.4800	90	3		
1297	6.4850	89	2		
1298	6.4900	88	1		
1299	6.4950	86	0		
1300	6.5000	86	0		
1301	6.5050	84	-1		
1302	6.5100	82	-1		
1303	6.5150	81	-2		
1304	6.5200	79	-2		
1305	6.5250	78	-2		
1306	6.5300	76	-3		
1307	6.5350	74	-3		
1308	6.5400	72	-3		
1309	6.5450	70	-3		
1310	6.5500	68	-3		
1311	6.5550	65	-2		
1312	6.5600	63	-2		
1313	6.5650	60	-2		
1314	6.5700	58	-2		
1315	6.5750	55	-1		
1316	6.5800	52	-1		
1317	6.5850	50	0		
1318	6.5900	47	0		
1319	6.5950	44	1		
1320	6.6000	41	1		
1321	6.6050	38	2		
1322	6.6100	35	3		
1323	6.6150	32	4		
1324	6.6200	29	4		
1325	6.6250	26	5		
1326	6.6300	23	6		
1327	6.6350	20	7		
1328	6.6400	16	8		
1329	6.6450	13	9		
1330	6.6500	10	10		
1331	6.6550	7	10		
1332	6.6600	4	11		
1333	6.6650	0	12		
1334	6.6700	-2	13		
1335	6.6750	-6	14		
1336	6.6800	-9	15		
1337	6.6850	-12	16		
1338	6.6900	-15	17		
1339	6.6950	-18	18		
1340	6.7000	-21	18		
1341	6.7050	-24	19		
1342	6.7100	-27	20		
1343	6.7150	-30	21		
1344	6.7200	-32	21		
1345	6.7250	-35	22		
1346	6.7300	-38	22		
1347	6.7350	-40	23		
1348	6.7400	-43	23		
1349	6.7450	-45	24		
1350	6.7500	-48	24		
1351	6.7550	-50	24		
1352	6.7600	-52	25		
1353	6.7650	-54	25		
1354	6.7700	-56	25		
1355	6.7750	-58	25		
1356	6.7800	-60	25		
1357	6.7850	-62	25		
1358	6.7900	-63	25		
1359	6.7950	-64	24		
1360	6.8000	-66	24		
1361	6.8050	-67	24		
1362	6.8100	-68	23		
1363	6.8150	-70	23		
1364	6.8200	-70	22		
1365	6.8250	-71	21		
1366	6.8300	-72	21		
1367	6.8350	-72	20		
1368	6.8400	-73	19		
1369	6.8450	-73	18		
1370	6.8500	-74	17		
1371	6.8550	-74	16		
1372	6.8600	-74	14		
1373	6.8650	-74	13		
1374	6.8700	-74	12		
1375	6.8750	-73	11		
1376	6.8800	-73	9		
1377	6.8850	-72	8		
1378	6.8900	-72	6		
1379	6.8950	-71	4		
1380	6.9000	-70	3		
1381	6.9050	-70	1		
1382	6.9100	-68	-1		
1383	6.9150	-68	-3		
1384	6.9200	-66	-5		
1385	6.9250	-65	-7		
1386	6.9300	-64	-9		
1387	6.9350	-62	-11		
1388	6.9400	-61	-13		
1389	6.9450	-60	-15		
1390	6.9500	-58	-17		
1391	6.9550	-56	-19		
1392	6.9600	-54	-21		
1393	6.9650	-53	-23		
1394	6.9700	-51	-25		
1395	6.9750	-49	-27		
1396	6.9800	-47	-29		
1397	6.9850	-45	-31		
1398	6.9900	-43	-33		
1399	6.9950	-41	-36		
1400	7.0000	-39	-38		
1401	7.0050	-37	-40		
1402	7.0100	-35	-42		
1403	7.0150	-33	-44		
1404	7.0200	-30	-46		
1405	7.0250	-28	-47		
1406	7.0300	-26	-49		
1407	7.0350	-24	-51		
1408	7.0400	-22	-53		
1409	7.0450	-20	-54		
1410	7.0500	-18	-56		
1411	7.0550	-16	-57		
1412	7.0600	-14	-59		
1413	7.0650	-12	-60		
1414	7.0700	-10	-62		
1415	7.0750	-8	-63		
1416	7.0800	-6	-64		
1417	7.0850	-4	-65		
1418	7.0900	-2	-66		
1419	7.0950	-1	-67		
1420	7.1000	1	-68		
1421	7.1050	3	-68		
1422	7.1100	4	-69		
1423	7.1150	6	-70		
1424	7.1200	8	-70		
1425	7.1250	9	-70		
1426	7.1300	10	-70		
1427	7.1350	12	-70		
1428	7.1400	13	-70		
1429	7.1450	14	-70		
1430	7.1500	15	-70		
1431	7.1550	16	-70		
1432	7.1600	17	-69		
1433	7.1650	18	-69		
1434	7.1700	18	-68		
1435	7.1750	19	-67		
1436	7.1800	20	-66		
1437	7.1850	20	-65		
1438	7.1900	21	-64		
1439	7.1950	22	-63		
1440	7.2000	22	-61		
1441	7.2050	22	-60		
1442	7.2100	22	-58		
1443	7.2150	22	-57		
1444	7.2200	22	-55		
1445	7.2250	22	-53		
1446	7.2300	22	-51		
1447	7.2350	22	-49		
1448	7.2400	22	-47		
1449	7.2450	22	-45		
1450	7.2500	22	-42		
1451	7.2550	22	-40		
1452	7.2600	21	-37		
1453	7.2650	20	-35		
1454	7.2700	20	-32		
1455	7.2750	20	-30		
1456	7.2800	19	-27		
1457	7.2850	18	-24		
1458	7.2900	18	-21		
1459	7.2950	17	-18		
1460	7.3000	16	-15		
1461	7.3050	15	-12		
1462	7.3100	14	-9		
1463	7.3150	14	-6		
1464	7.3200	13	-3		
1465	7.3250	12	0		
1466	7.3300	11	3		
1467	7.3350	10	7		
1468	7.3400	10	10		
1469	7.3450	8	13		
1470	7.3500	8	16		
1471	7.3550	7	19		
1472	7.3600	6	22		
1473	7.3650	5	25		
1474	7.3700	4	28		
1475	7.3750	4	32		
1476	7.3800	3	35		
1477	7.3850	2	38		
1478	7.3900	2	41		
1479	7.3950	1	44		
1480	7.4000	0	46		
1481	7.4050	0	50		
1482	7.4100	-1	52		
1483	7.4150	-2	55		
1484	7.4200	-2	58		
1485	7.4250	-2	60		
1486	7.4300	-2	63		
1487	7.4350	-3	65		
1488	7.4400	-3	68		
1489	7.4450	-3	70		
1490	7.4500	-3	72		
1491	7.4550	-4	74		
1492	7.4600	-3	76		
1493	7.4650	-3	78		
1494	7.4700	-3	80		
1495	7.4750	-3	82		
1496	7.4800	-2	83		
1497	7.4850	-2	85		
1498	7.4900	-2	86		
1499	7.4950	-1	88		
1500	7.5000	0	89		
1501	7.5050	0	90		
1502	7.5100	1	91		
1503	7.5150	2	92		
1504	7.5200	3	93		
1505	7.5250	4	93		
1506	7.5300	5	94		
1507	7.5350	6	94		
1508	7.5400	8	95		
1509	7.5450	9	95		
1510	7.5500	10	95		
1511	7.5550	12	95		
1512	7.5600	13	95		
1513	7.5650	15	95		
1514	7.5700	16	94		
1515	7.5750	18	94		
1516	7.5800	20	93		
1517	7.5850	22	93		
1518	7.5900	23	92		
1519	7.5950	25	91		
1520	7.6000	27	90		
1521	7.6050	29	89		
1522	7.6100	31	88		
1523	7.6150	33	87		
1524	7.6200	35	86		
1525	7.6250	37	85		
1526	7.6300	39	83		
1527	7.6350	42	82		
1528	7.6400	44	80		
1529	7.6450	46	79		
1530	7.6500	48	77		
1531	7.6550	50	76		
1532	7.6600	52	74		
1533	7.6650	54	72		
1534	7.6700	56	70		
1535	7.6750	58	68		
1536	7.6800	60	66		
1537	7.6850	62	64		
1538	7.6900	65	62		
1539	7.6950	67	60		
1540	7.7000	69	58		
1541	7.7050	71	56		
1542	7.7100	72	54		
1543	7.7150	74	52		
1544	7.7200	76	50		
1545	7.7250	78	48		
1546	7.7300	80	46		
1547	7.7350	81	44		
1548	7.7400	83	42		
1549	7.7450	84	40		
1550	7.7500	86	38		
1551	7.7550	87	36		
1552	7.7600	88	34		
1553	7.7650	90	32		
1554	7.7700	90	31		
1555	7.7750	92	29		
1556	7.7800	92	27		
1557	7.7850	93	25		
1558	7.7900	94	24		
1559	7.7950	94	22		
1560	7.8000	95	21		
1561	7.8050	95	19		
1562	7.8100	96	18		
1563	7.8150	96	16		
1564	7.8200	96	15		
1565	7.8250	96	14		
1566	7.8300	96	12		
1567	7.8350	95	11		
1568	7.8400	95	10		
1569	7.8450	94	9		
1570	7.8500	94	8		
1571	7.8550	93	8		
1572	7.8600	92	7		
1573	7.8650	92	6		
1574	7.8700	90	6		
1575	7.8750	89	5		
1576	7.8800	88	5		
1577	7.8850	87	4		
1578	7.8900	85	4		
1579	7.8950	84	4		
1580	7.9000	82	4		
1581	7.9050	80	3		
1582	7.9100	78	3		
1583	7.9150	76	4		
1584	7.9200	74	4		
1585	7.9250	72	4		
1586	7.9300	70	4		
1587	7.9350	68	4		
1588	7.9400	65	5		
1589	7.9450	63	5		
1590	7.9500	60	6		
1591	7.9550	58	6		
1592	7.9600	55	7		
1593	7.9650	52	7		
1594	7.9700	50	8		
1595	7.9750	46	8		
1596	7.9800	44	9		
1597	7.9850	41	10		
1598	7.9900	38	11		
1599	7.9950	35	12		
1600	8.0000	32	12		
1601	8.0050	28	13		
1602	8.0100	26	14		
1603	8.0150	22	15		
1604	8.0200	19	16		
1605	8.0250	16	17		
1606	8.0300	13	18		
1607	8.0350	10	19		
1608	8.0400	7	20		
1609	8.0450	4	20		
1610	8.0500	0	21		
1611	8.0550	-2	22		
1612	8.0600	-6	23		
1613	8.0650	-8	24		
1614	8.0700	-12	25		
1615	8.0750	-14	25		
1616	8.0800	-18	26		
1617	8.0850	-20	27		
1618	8.0900	-23	27		
1619	8.0950	-26	28		
1620	8.1000	-28	28		
1621	8.1050	-31	29		
1622	8.1100	-34	30		
1623	8.1150	-36	30		
1624	8.1200	-39	30		
1625	8.1250	-41	31		
1626	8.1300	-44	31		
1627	8.1350	-46	31		
1628	8.1400	-48	31		
1629	8.1450	-50	31		
1630	8.1500	-52	31		
1631	8.1550	-53	31		
1632	8.1600	-55	31		
1633	8.1650	-56	30		
1634	8.1700	-58	30		
1635	8.1750	-60	30		
1636	8.1800	-61	29		
1637	8.1850	-62	28		
1638	8.1900	-63	28		
1639	8.1950	-64	27		
1640	8.2000	-65	26		
1641	8.2050	-66	25		
1642	8.2100	-66	24		
1643	8.2150	-67	23		
1644	8.2200	-68	22		
1645	8.2250	-68	21		
1646	8.2300	-68	20		
1647	8.2350	-68	18		
1648	8.2400	-68	17		
1649	8.2450	-68	16		
1650	8.2500	-68	14		
1651	8.2550	-68	12		
1652	8.2600	-67	11		
1653	8.2650	-67	9		
1654	8.2700	-66	7		
1655	8.2750	-66	6		
1656	8.2800	-65	4		
1657	8.2850	-64	2		
1658	8.2900	-63	0		
1659	8.2950	-62	-2		
1660	8.3000	-61	-4		
1661	8.3050	-60	-6		
1662	8.3100	-58	-9		
1663	8.3150	-57	-11		
1664	8.3200	-56	-13		
1665	8.3250	-54	-15		
1666	8.3300	-53	-17		
1667	8.3350	-51	-20		
1668	8.3400	-50	-22		
1669	8.3450	-48	-24		
1670	8.3500	-46	-26		
1671	8.3550	-44	-28		
1672	8.3600	-43	-31		
1673	8.3650	-41	-33		
1674	8.3700	-39	-35		
1675	8.3750	-37	-37		
1676	8.3800	-36	-39		
1677	8.3850	-34	-41		
1678	8.3900	-32	-43		
1679	8.3950	-30	-45		
1680	8.4000	-28	-47		
1681	8.4050	-26	-49		
1682	8.4100	-24	-51		
1683	8.4150	-22	-53		
1684	8.4200	-20	-55		
1685	8.4250	-18	-57		
1686	8.4300	-16	-58		
1687	8.4350	-14	-60		
1688	8.4400	-12	-61		
1689	8.4450	-11	-63		
1690	8.4500	-9	-64		
1691	8.4550	-7	-65		
1692	8.4600	-6	-66		
1693	8.4650	-4	-68		
1694	8.4700	-2	-68		
1695	8.4750	-1	-69		
1696	8.4800	0	-70		
1697	8.4850	2	-71		
1698	8.4900	4	-71		
1699	8.4950	5	-72		
1700	8.5000	6	-72		
1701	8.5050	7	-73		
1702	8.5100	8	-73		
1703	8.5150	10	-73		
1704	8.5200	10	-73		
1705	8.5250	11	-73		
1706	8.5300	12	-72		
1707	8.5350	13	-72		
1708	8.5400	14	-71		
1709	8.5450	14	-71		
1710	8.5500	15	-70		
1711	8.5550	16	-69		
1712	8.5600	16	-68		
1713	8.5650	16	-67		
1714	8.5700	16	-66		
1715	8.5750	17	-65		
1716	8.5800	17	-63		
1717	8.5850	17	-62		
1718	8.5900	17	-60		
1719	8.5950	17	-59		
1720	8.6000	17	-57		
1721	8.6050	17	-55		
1722	8.6100	16	-53		
1723	8.6150	16	-51		
1724	8.6200	16	-49		
1725	8.6250	16	-46		
1726	8.6300	15	-44		
1727	8.6350	14	-42		
1728	8.6400	14	-39		
1729	8.6450	14	-37		
1730	8.6500	13	-34		
1731	8.6550	12	-31		
1732	8.6600	12	-29		
1733	8.6650	11	-26		
1734	8.6700	10	-23		
1735	8.6750	9	-20		
1736	8.6800	8	-17		
1737	8.6850	8	-14		
1738	8.6900	6	-11		
1739	8.6950	6	-8		
1740	8.7000	5	-5		
1741	8.7050	4	-2		
1742	8.7100	3	1		
1743	8.7150	2	4		
1744	8.7200	2	7		
1745	8.7250	0	10		
1746	8.7300	0	14		
1747	8.7350	-1	17		
1748	8.7400	-2	20		
1749	8.7450	-3	23		
1750	8.7500	-4	26		
1751	8.7550	-4	29		
1752	8.7600	-5	32		
1753	8.7650	-6	35		
1754	8.7700	-6	38		
1755	8.7750	-7	40		
1756	8.7800	-7	43		
1757	8.7850	-8	46		
1758	8.7900	-8	49		
1759	8.7950	-8	51		
1760	8.8000	-9	54		
1761	8.8050	-9	56		
1762	8.8100	-9	59		
1763	8.8150	-9	61		
1764	8.8200	-10	64		
1765	8.8250	-10	66		
1766	8.8300	-9	68		
1767	8.8350	-9	70		
1768	8.8400	-9	72		
1769	8.8450	-9	74		
1770	8.8500	-8	75		
1771	8.8550	-8	77		
1772	8.8600	-8	78		
1773	8.8650	-7	80		
1774	8.8700	-6	81		
1775	8.8750	-6	83		
1776	8.8800	-4	84		
1777	8.8850	-4	85		
1778	8.8900	-3	86		
1779	8.8950	-2	86		
1780	8.9000	0	87		
1781	8.9050	1	88		
1782	8.9100	2	88		
1783	8.9150	4	89		
1784	8.9200	5	89		
1785	8.9250	6	89		
1786	8.9300	8	89		
1787	8.9350	10	89		
1788	8.9400	11	89		
1789	8.9450	13	89		
1790	8.9500	14	89		
1791	8.9550	16	88		
1792	8.9600	18	88		
1793	8.9650	20	87		
1794	8.9700	22	86		
1795	8.9750	24	86		
1796	8.9800	26	85		
1797	8.9850	28	84		
1798	8.9900	30	83		
1799	8.9950	33	82		
1800	9.0000	35	81		
1801	9.0050	37	79		
1802	9.0100	40	78		
1803	9.0150	42	77		
1804	9.0200	44	75		
1805	9.0250	46	74		
1806	9.0300	48	72		
1807	9.0350	51	70		
1808	9.0400	53	69		
1809	9.0450	55	67		
1810	9.0500	58	66		
1811	9.0550	60	64		
1812	9.0600	62	62		
1813	9.0650	64	60		
1814	9.0700	66	58		
1815	9.0750	68	57		
1816	9.0800	70	55		
1817	9.0850	72	53		
1818	9.0900	74	51		
1819	9.0950	76	49		
1820	9.1000	78	47		
1821	9.1050	80	45		
1822	9.1100	82	44		
1823	9.1150	83	42		
1824	9.1200	85	40		
1825	9.1250	86	38		
1826	9.1300	88	36		
1827	9.1350	89	35		
1828	9.1400	90	33		
1829	9.1450	92	31		
1830	9.1500	92	30		
1831	9.1550	94	28		
1832	9.1600	94	27		
1833	9.1650	95	25		
1834	9.1700	96	24		
1835	9.1750	96	22		
1836	9.1800	97	21		
1837	9.1850	97	20		
1838	9.1900	98	19		
1839	9.1950	98	18		
1840	9.2000	98	16		
1841	9.2050	98	15		
1842	9.2100	98	14		
1843	9.2150	97	14		
1844	9.2200	97	13		
1845	9.2250	96	12		
1846	9.2300	96	12		
1847	9.2350	95	11		
1848	9.2400	94	10		
1849	9.2450	93	10		
1850	9.2500	92	10		
1851	9.2550	91	9		
1852	9.2600	90	9		
1853	9.2650	88	9		
1854	9.2700	87	9		
1855	9.2750	86	9		
1856	9.2800	84	9		
1857	9.2850	82	9		
1858	9.2900	80	9		
1859	9.2950	78	9		
1860	9.3000	76	9		
1861	9.3050	74	10		
1862	9.3100	72	10		
1863	9.3150	69	11		
1864	9.3200	67	11		
1865	9.3250	64	12		
1866	9.3300	62	12		
1867	9.3350	60	13		
1868	9.3400	57	14		
1869	9.3450	54	14		
1870	9.3500	51	15		
1871	9.3550	48	16		
1872	9.3600	46	17		
1873	9.3650	43	17		
1874	9.3700	40	18		
1875	9.3750	37	19		
1876	9.3800	34	20		
1877	9.3850	31	21		
1878	9.3900	28	22		
1879	9.3950	25	23		
1880	9.4000	22	24		
1881	9.4050	18	25		
1882	9.4100	16	26		
1883	9.4150	12	26		
1884	9.4200	10	27		
1885	9.4250	6	28		
1886	9.4300	3	29		
1887	9.4350	0	30		
1888	9.4400	-2	31		
1889	9.4450	-6	31		
1890	9.4500	-8	32		
1891	9.4550	-11	33		
1892	9.4600	-14	34		
1893	9.4650	-17	34		
1894	9.4700	-20	35		
1895	9.4750	-22	35		
1896	9.4800	-25	36		
1897	9.4850	-27	36		
1898	9.4900	-30	36		
1899	9.4950	-32	37		
1900	9.5000	-34	37		
1901	9.5050	-37	37		
1902	9.5100	-39	37		
1903	9.5150	-41	37		
1904	9.5200	-43	37		
1905	9.5250	-45	37		
1906	9.5300	-47	37		
1907	9.5350	-48	36		
1908	9.5400	-50	36		
1909	9.5450	-52	36		
1910	9.5500	-53	35		
1911	9.5550	-54	34		
1912	9.5600	-56	34		
1913	9.5650	-57	33		
1914	9.5700	-58	32		
1915	9.5750	-59	31		
1916	9.5800	-60	30		
1917	9.5850	-60	29		
1918	9.5900	-61	28		
1919	9.5950	-61	27		
1920	9.6000	-62	26		
1921	9.6050	-62	24		
1922	9.6100	-62	23		
1923	9.6150	-62	21		
1924	9.6200	-62	20		
1925	9.6250	-62	18		
1926	9.6300	-62	16		
1927	9.6350	-62	14		
1928	9.6400	-61	13		
1929	9.6450	-61	11		
1930	9.6500	-60	9		
1931	9.6550	-60	7		
1932	9.6600	-59	5		
1933	9.6650	-58	3		
1934	9.6700	-57	1		
1935	9.6750	-56	-2		
1936	9.6800	-55	-4		
1937	9.6850	-54	-6		
1938	9.6900	-53	-8		
1939	9.6950	-52	-10		
1940	9.7000	-50	-13		
1941	9.7050	-49	-15		
1942	9.7100	-48	-18		
1943	9.7150	-46	-20		
1944	9.7200	-44	-22		
1945	9.7250	-43	-24		
1946	9.7300	-41	-27		
1947	9.7350	-40	-29		
1948	9.7400	-38	-31		
1949	9.7450	-36	-34		
1950	9.7500	-35	-36		
1951	9.7550	-33	-38		
1952	9.7600	-31	-40		
1953	9.7650	-30	-43		
1954	9.7700	-28	-45		
1955	9.7750	-26	-47		
1956	9.7800	-24	-49		
1957	9.7850	-22	-51		
1958	9.7900	-21	-53		
1959	9.7950	-19	-55		
1960	9.8000	-18	-56		
1961	9.8050	-16	-58		
1962	9.8100	-14	-60		
1963	9.8150	-12	-62		
1964	9.8200	-11	-63		
1965	9.8250	-9	-64		
1966	9.8300	-8	-66		
1967	9.8350	-6	-67		
1968	9.8400	-5	-68		
1969	9.8450	-4	-69		
1970	9.8500	-2	-70		
1971	9.8550	-1	-71		
1972	9.8600	0	-72		
1973	9.8650	2	-73		
1974	9.8700	3	-73		
1975	9.8750	4	-74		
1976	9.8800	5	-74		
1977	9.8850	6	-74		
1978	9.8900	7	-74		
1979	9.8950	8	-74		
1980	9.9000	8	-74		
1981	9.9050	9	-74		
1982	9.9100	10	-74		
1983	9.9150	10	-74		
1984	9.9200	11	-73		
1985	9.9250	11	-72		
1986	9.9300	12	-72		
1987	9.9350	12	-71		
1988	9.9400	12	-70		
1989	9.9450	12	-69		
1990	9.9500	12	-68		
1991	9.9550	12	-66		
1992	9.9600	12	-65		
1993	9.9650	12	-63		
1994	9.9700	12	-62		
1995	9.9750	12	-60		
1996	9.9800	12	-58		
1997	9.9850	11	-56		
1998	9.9900	11	-54		
1999	9.9950	10	-52		
2000	10.0000	10	-50		
