#	time(s)	count A	count B	count C	count D
1	0.0100	-29	-48	4	
2	0.0200	-27	-46	4	
3	0.0300	-25	-44	4	
4	0.0400	-23	-41	4	
5	0.0500	-22	-39	4	
6	0.0600	-20	-37	4	
7	0.0700	-17	-34	3	
8	0.0800	-15	-32	3	
9	0.0900	-12	-30	3	
10	0.1000	-10	-27	3	
11	0.1100	-7	-24	2	
12	0.1200	-5	-22	2	
13	0.1300	-2	-19	2	
14	0.1400	0	-16	2	
15	0.1500	3	-13	2	
16	0.1600	6	-10	2	
17	0.1700	9	-8	1	
18	0.1800	12	-5	1	
19	0.1900	14	-2	1	
20	0.2000	17	1	1	
21	0.2100	20	4	0	
22	0.2200	23	7	0	
23	0.2300	26	10	0	
24	0.2400	28	12	0	
25	0.2500	31	15	0	
26	0.2600	34	18	0	
27	0.2700	37	21	0	
28	0.2800	39	24	0	
29	0.2900	42	26	0	
30	0.3000	45	29	0	
31	0.3100	47	32	0	
32	0.3200	50	34	-1	
33	0.3300	52	36	-1	
34	0.3400	55	39	-1	
35	0.3500	56	41	-1	
36	0.3600	57	44	-1	
37	0.3700	58	46	-1	
38	0.3800	60	48	-1	
39	0.3900	62	50	-1	
40	0.4000	63	52	-1	
41	0.4100	65	54	-1	
42	0.4200	67	55	-1	
43	0.4300	69	57	-1	
44	0.4400	70	58	-1	
45	0.4500	72	60	-1	
46	0.4600	73	61	-1	
47	0.4700	74	62	-1	
48	0.4800	75	63	-1	
49	0.4900	76	64	-1	
50	0.5000	77	65	-1	
51	0.5100	78	66	-1	
52	0.5200	78	66	0	
53	0.5300	79	66	0	
54	0.5400	79	67	0	
55	0.5500	80	67	0	
56	0.5600	80	67	0	
57	0.5700	80	67	0	
58	0.5800	80	67	0	
59	0.5900	79	67	0	
60	0.6000	79	66	0	
61	0.6100	78	66	0	
62	0.6200	78	65	1	
63	0.6300	77	64	1	
64	0.6400	76	64	1	
65	0.6500	75	62	1	
66	0.6600	74	61	2	
67	0.6700	73	60	2	
68	0.6800	71	59	2	
69	0.6900	70	57	2	
70	0.7000	68	56	2	
71	0.7100	66	54	2	
72	0.7200	65	52	2	
73	0.7300	63	50	3	
74	0.7400	61	49	3	
75	0.7500	60	46	3	
76	0.7600	58	44	3	
77	0.7700	56	42	4	
78	0.7800	55	40	4	
79	0.7900	54	38	4	
80	0.8000	51	35	4	
81	0.8100	49	33	4	
82	0.8200	46	30	4	
83	0.8300	44	28	5	
84	0.8400	41	25	5	
85	0.8500	38	22	5	
86	0.8600	35	20	5	
87	0.8700	32	17	6	
88	0.8800	30	14	6	
89	0.8900	27	11	6	
90	0.9000	24	8	6	
91	0.9100	21	6	6	
92	0.9200	18	3	6	
93	0.9300	16	0	6	
94	0.9400	13	-3	6	
95	0.9500	10	-6	7	
96	0.9600	7	-8	7	
97	0.9700	4	-11	7	
98	0.9800	1	-14	7	
99	0.9900	-1	-17	7	
100	1.0000	-4	-20	8	
101	1.0100	-7	-22	8	
102	1.0200	-9	-25	8	
103	1.0300	-12	-28	8	
104	1.0400	-14	-30	8	
105	1.0500	-17	-32	8	
106	1.0600	-19	-35	8	
107	1.0700	-21	-37	8	
108	1.0800	-23	-39	8	
109	1.0900	-24	-42	8	
110	1.1000	-26	-44	8	
111	1.1100	-28	-46	8	
112	1.1200	-30	-48	8	
113	1.1300	-32	-49	8	
114	1.1400	-34	-51	8	
115	1.1500	-35	-53	8	
116	1.1600	-36	-54	8	
117	1.1700	-38	-56	8	
118	1.1800	-39	-57	8	
119	1.1900	-40	-58	8	
120	1.2000	-41	-59	8	
121	1.2100	-42	-60	8	
122	1.2200	-43	-61	8	
123	1.2300	-43	-62	8	
124	1.2400	-44	-62	8	
125	1.2500	-44	-62	8	
126	1.2600	-44	-63	8	
127	1.2700	-44	-63	7	
128	1.2800	-44	-63	7	
129	1.2900	-44	-63	7	
130	1.3000	-44	-63	7	
131	1.3100	-44	-62	7	
132	1.3200	-43	-62	6	
133	1.3300	-43	-62	6	
134	1.3400	-42	-61	6	
135	1.3500	-41	-60	6	
136	1.3600	-40	-59	6	
137	1.3700	-39	-58	6	
138	1.3800	-38	-57	6	
139	1.3900	-36	-56	6	
140	1.4000	-35	-54	5	
141	1.4100	-34	-52	5	
142	1.4200	-32	-51	5	
143	1.4300	-30	-49	4	
144	1.4400	-28	-47	4	
145	1.4500	-27	-46	4	
146	1.4600	-25	-44	4	
147	1.4700	-23	-41	4	
148	1.4800	-22	-39	4	
149	1.4900	-19	-37	4	
150	1.5000	-17	-34	3	
151	1.5100	-15	-32	3	
152	1.5200	-12	-30	3	
153	1.5300	-10	-27	3	
154	1.5400	-7	-24	2	
155	1.5500	-5	-22	2	
156	1.5600	-2	-19	2	
157	1.5700	1	-16	2	
158	1.5800	3	-14	2	
159	1.5900	6	-10	2	
160	1.6000	9	-8	1	
161	1.6100	12	-5	1	
162	1.6200	14	-2	1	
163	1.6300	17	1	1	
164	1.6400	20	4	0	
165	1.6500	23	7	0	
166	1.6600	26	10	0	
167	1.6700	28	12	0	
168	1.6800	31	15	0	
169	1.6900	34	18	0	
170	1.7000	37	21	0	
171	1.7100	39	24	0	
172	1.7200	42	26	0	
173	1.7300	45	29	0	
174	1.7400	47	32	0	
175	1.7500	50	34	-1	
176	1.7600	52	36	-1	
177	1.7700	54	39	-1	
178	1.7800	56	41	-1	
179	1.7900	57	44	-1	
180	1.8000	58	46	-1	
181	1.8100	60	48	-1	
182	1.8200	61	50	-1	
183	1.8300	63	52	-1	
184	1.8400	65	53	-1	
185	1.8500	67	55	-1	
186	1.8600	68	57	-1	
187	1.8700	70	58	-1	
188	1.8800	71	60	-1	
189	1.8900	73	61	-1	
190	1.9000	74	62	-1	
191	1.9100	75	63	-1	
192	1.9200	76	64	-1	
193	1.9300	77	65	-1	
194	1.9400	78	66	-1	
195	1.9500	78	66	0	
196	1.9600	79	66	0	
197	1.9700	79	67	0	
198	1.9800	79	67	0	
199	1.9900	80	67	0	
200	2.0000	80	67	0	
201	2.0100	79	67	0	
202	2.0200	79	66	0	
203	2.0300	79	66	0	
204	2.0400	78	66	0	
205	2.0500	78	65	1	
206	2.0600	77	64	1	
207	2.0700	76	63	1	
208	2.0800	75	62	1	
209	2.0900	74	61	1	
210	2.1000	72	60	2	
211	2.1100	71	59	2	
212	2.1200	70	57	2	
213	2.1300	68	56	2	
214	2.1400	66	54	2	
215	2.1500	65	52	2	
216	2.1600	63	50	3	
217	2.1700	61	48	3	
218	2.1800	60	46	3	
219	2.1900	58	44	3	
220	2.2000	56	42	4	
221	2.2100	56	40	4	
222	2.2200	55	38	4	
223	2.2300	52	35	4	
224	2.2400	50	33	4	
225	2.2500	47	30	4	
226	2.2600	44	28	5	
227	2.2700	42	25	5	
228	2.2800	39	22	5	
229	2.2900	36	20	5	
230	2.3000	34	17	6	
231	2.3100	31	14	6	
232	2.3200	28	11	6	
233	2.3300	25	8	6	
234	2.3400	22	6	6	
235	2.3500	19	3	6	
236	2.3600	16	0	6	
237	2.3700	14	-3	6	
238	2.3800	11	-6	7	
239	2.3900	8	-8	7	
240	2.4000	5	-11	7	
241	2.4100	2	-14	7	
242	2.4200	0	-17	7	
243	2.4300	-3	-20	8	
244	2.4400	-6	-22	8	
245	2.4500	-8	-25	8	
246	2.4600	-11	-27	8	
247	2.4700	-13	-30	8	
248	2.4800	-16	-32	8	
249	2.4900	-18	-35	8	
250	2.5000	-20	-37	8	
251	2.5100	-22	-39	8	
252	2.5200	-24	-41	8	
253	2.5300	-26	-44	8	
254	2.5400	-27	-46	8	
255	2.5500	-29	-47	8	
256	2.5600	-31	-49	8	
257	2.5700	-32	-51	8	
258	2.5800	-34	-52	8	
259	2.5900	-36	-54	8	
260	2.6000	-37	-55	8	
261	2.6100	-38	-57	8	
262	2.6200	-39	-58	8	
263	2.6300	-40	-59	8	
264	2.6400	-41	-60	8	
265	2.6500	-42	-60	8	
266	2.6600	-42	-61	8	
267	2.6700	-43	-62	8	
268	2.6800	-43	-62	8	
269	2.6900	-43	-62	8	
270	2.7000	-43	-63	7	
271	2.7100	-43	-63	7	
272	2.7200	-43	-63	7	
273	2.7300	-43	-63	7	
274	2.7400	-43	-62	7	
275	2.7500	-42	-62	6	
276	2.7600	-42	-61	6	
277	2.7700	-41	-61	6	
278	2.7800	-40	-60	6	
279	2.7900	-39	-59	6	
280	2.8000	-38	-58	6	
281	2.8100	-37	-57	6	
282	2.8200	-35	-56	6	
283	2.8300	-34	-54	5	
284	2.8400	-32	-52	5	
285	2.8500	-31	-51	5	
286	2.8600	-29	-49	5	
287	2.8700	-27	-47	4	
288	2.8800	-26	-45	4	
289	2.8900	-24	-43	4	
290	2.9000	-22	-41	4	
291	2.9100	-20	-39	4	
292	2.9200	-18	-37	4	
293	2.9300	-16	-34	3	
294	2.9400	-14	-32	3	
295	2.9500	-11	-30	3	
296	2.9600	-9	-27	3	
297	2.9700	-6	-24	2	
298	2.9800	-4	-22	2	
299	2.9900	-1	-19	2	
300	3.0000	2	-16	2	
301	3.0100	4	-13	2	
302	3.0200	7	-10	2	
303	3.0300	10	-8	1	
304	3.0400	13	-5	1	
305	3.0500	15	-2	1	
306	3.0600	18	1	1	
307	3.0700	21	4	1	
308	3.0800	24	6	0	
309	3.0900	27	10	0	
310	3.1000	29	12	0	
311	3.1100	32	15	0	
312	3.1200	35	18	0	
313	3.1300	38	21	0	
314	3.1400	40	24	0	
315	3.1500	43	26	0	
316	3.1600	46	29	0	
317	3.1700	48	32	0	
318	3.1800	50	34	-1	
319	3.1900	53	36	-1	
320	3.2000	55	39	-1	
321	3.2100	57	41	-1	
322	3.2200	58	43	-1	
323	3.2300	59	46	-1	
324	3.2400	61	48	-1	
325	3.2500	62	50	-1	
326	3.2600	64	52	-1	
327	3.2700	66	53	-1	
328	3.2800	68	55	-1	
329	3.2900	69	56	-1	
330	3.3000	71	58	-1	
331	3.3100	72	60	-1	
332	3.3200	74	61	-1	
333	3.3300	75	62	-1	
334	3.3400	76	63	-1	
335	3.3500	77	64	-1	
336	3.3600	78	65	-1	
337	3.3700	78	65	-1	
338	3.3800	79	66	0	
339	3.3900	80	66	0	
340	3.4000	80	67	0	
341	3.4100	80	67	0	
342	3.4200	80	67	0	
343	3.4300	80	67	0	
344	3.4400	80	67	0	
345	3.4500	80	66	0	
346	3.4600	80	66	0	
347	3.4700	79	66	0	
348	3.4800	78	65	1	
349	3.4900	78	64	1	
350	3.5000	77	63	1	
351	3.5100	76	62	1	
352	3.5200	75	61	1	
353	3.5300	74	60	2	
354	3.5400	72	58	2	
355	3.5500	71	57	2	
356	3.5600	69	56	2	
357	3.5700	67	54	2	
358	3.5800	66	52	2	
359	3.5900	64	50	3	
360	3.6000	62	48	3	
361	3.6100	61	46	3	
362	3.6200	59	44	3	
363	3.6300	57	42	4	
364	3.6400	57	40	4	
365	3.6500	56	38	4	
366	3.6600	53	35	4	
367	3.6700	51	33	4	
368	3.6800	48	30	4	
369	3.6900	46	28	5	
370	3.7000	43	25	5	
371	3.7100	40	22	5	
372	3.7200	37	20	5	
373	3.7300	34	17	6	
374	3.7400	32	14	6	
375	3.7500	29	11	6	
376	3.7600	26	8	6	
377	3.7700	23	6	6	
378	3.7800	20	3	6	
379	3.7900	18	0	6	
380	3.8000	15	-3	6	
381	3.8100	12	-6	7	
382	3.8200	9	-8	7	
383	3.8300	6	-11	7	
384	3.8400	3	-14	7	
385	3.8500	1	-17	7	
386	3.8600	-2	-20	8	
387	3.8700	-5	-22	8	
388	3.8800	-7	-25	8	
389	3.8900	-10	-27	8	
390	3.9000	-12	-30	8	
391	3.9100	-15	-32	8	
392	3.9200	-17	-34	8	
393	3.9300	-19	-37	8	
394	3.9400	-21	-39	8	
395	3.9500	-22	-41	8	
396	3.9600	-24	-43	8	
397	3.9700	-26	-45	8	
398	3.9800	-28	-47	8	
399	3.9900	-30	-49	8	
400	4.0000	-32	-51	8	
401	4.0100	-33	-52	8	
402	4.0200	-34	-54	8	
403	4.0300	-36	-55	8	
404	4.0400	-37	-56	8	
405	4.0500	-38	-58	8	
406	4.0600	-39	-59	8	
407	4.0700	-40	-60	8	
408	4.0800	-40	-60	8	
409	4.0900	-41	-61	8	
410	4.1000	-42	-62	8	
411	4.1100	-42	-62	8	
412	4.1200	-42	-62	8	
413	4.1300	-42	-63	7	
414	4.1400	-42	-63	7	
415	4.1500	-42	-63	7	
416	4.1600	-42	-62	7	
417	4.1700	-42	-62	7	
418	4.1800	-41	-62	6	
419	4.1900	-40	-61	6	
420	4.2000	-40	-61	6	
421	4.2100	-39	-60	6	
422	4.2200	-38	-59	6	
423	4.2300	-37	-58	6	
424	4.2400	-36	-57	6	
425	4.2500	-34	-55	6	
426	4.2600	-33	-54	5	
427	4.2700	-32	-52	5	
428	4.2800	-30	-51	5	
429	4.2900	-28	-49	5	
430	4.3000	-26	-47	4	
431	4.3100	-24	-45	4	
432	4.3200	-22	-43	4	
433	4.3300	-21	-41	4	
434	4.3400	-19	-39	4	
435	4.3500	-17	-37	4	
436	4.3600	-15	-34	3	
437	4.3700	-12	-32	3	
438	4.3800	-10	-30	3	
439	4.3900	-8	-27	3	
440	4.4000	-5	-24	2	
441	4.4100	-2	-22	2	
442	4.4200	0	-19	2	
443	4.4300	3	-16	2	
444	4.4400	5	-14	2	
445	4.4500	8	-11	2	
446	4.4600	11	-8	2	
447	4.4700	14	-5	1	
448	4.4800	16	-2	1	
449	4.4900	19	1	1	
450	4.5000	22	4	1	
451	4.5100	25	6	0	
452	4.5200	28	10	0	
453	4.5300	30	12	0	
454	4.5400	33	15	0	
455	4.5500	36	18	0	
456	4.5600	38	21	0	
457	4.5700	41	24	0	
458	4.5800	44	26	0	
459	4.5900	46	29	0	
460	4.6000	49	31	0	
461	4.6100	51	34	-1	
462	4.6200	54	36	-1	
463	4.6300	56	39	-1	
464	4.6400	57	41	-1	
465	4.6500	59	43	-1	
466	4.6600	60	46	-1	
467	4.6700	62	48	-1	
468	4.6800	63	50	-1	
469	4.6900	65	51	-1	
470	4.7000	67	53	-1	
471	4.7100	68	55	-1	
472	4.7200	70	56	-1	
473	4.7300	72	58	-1	
474	4.7400	73	59	-1	
475	4.7500	74	61	-1	
476	4.7600	76	62	-1	
477	4.7700	77	63	-1	
478	4.7800	78	64	-1	
479	4.7900	79	64	-1	
480	4.8000	79	65	-1	
481	4.8100	80	66	0	
482	4.8200	80	66	0	
483	4.8300	81	66	0	
484	4.8400	81	67	0	
485	4.8500	81	67	0	
486	4.8600	81	67	0	
487	4.8700	81	67	0	
488	4.8800	81	66	0	
489	4.8900	80	66	0	
490	4.9000	80	65	0	
491	4.9100	79	65	0	
492	4.9200	79	64	1	
493	4.9300	78	63	1	
494	4.9400	77	62	1	
495	4.9500	76	61	1	
496	4.9600	74	60	2	
497	4.9700	73	58	2	
498	4.9800	72	57	2	
499	4.9900	70	56	2	
500	5.0000	68	54	2	
501	5.0100	66	52	2	
502	5.0200	65	50	3	
503	5.0300	63	48	3	
504	5.0400	62	46	3	
505	5.0500	60	44	3	
506	5.0600	58	42	4	
507	5.0700	58	40	4	
508	5.0800	57	38	4	
509	5.0900	54	35	4	
510	5.1000	52	32	4	
511	5.1100	49	30	4	
512	5.1200	46	28	4	
513	5.1300	44	25	5	
514	5.1400	41	22	5	
515	5.1500	38	20	5	
516	5.1600	36	17	6	
517	5.1700	33	14	6	
518	5.1800	30	11	6	
519	5.1900	27	8	6	
520	5.2000	24	6	6	
521	5.2100	21	3	6	
522	5.2200	18	0	6	
523	5.2300	16	-3	6	
524	5.2400	13	-6	7	
525	5.2500	10	-8	7	
526	5.2600	7	-11	7	
527	5.2700	4	-14	7	
528	5.2800	2	-17	7	
529	5.2900	-1	-19	7	
530	5.3000	-4	-22	8	
531	5.3100	-6	-25	8	
532	5.3200	-9	-27	8	
533	5.3300	-11	-30	8	
534	5.3400	-14	-32	8	
535	5.3500	-16	-34	8	
536	5.3600	-18	-37	8	
537	5.3700	-20	-39	8	
538	5.3800	-21	-41	8	
539	5.3900	-23	-43	8	
540	5.4000	-25	-45	8	
541	5.4100	-27	-47	8	
542	5.4200	-29	-49	8	
543	5.4300	-30	-51	8	
544	5.4400	-32	-52	8	
545	5.4500	-33	-54	8	
546	5.4600	-35	-55	8	
547	5.4700	-36	-56	8	
548	5.4800	-37	-58	8	
549	5.4900	-38	-59	8	
550	5.5000	-39	-60	8	
551	5.5100	-39	-60	8	
552	5.5200	-40	-61	8	
553	5.5300	-40	-62	8	
554	5.5400	-41	-62	8	
555	5.5500	-41	-62	8	
556	5.5600	-41	-63	7	
557	5.5700	-41	-63	7	
558	5.5800	-41	-63	7	
559	5.5900	-41	-62	7	
560	5.6000	-40	-62	7	
561	5.6100	-40	-62	6	
562	5.6200	-39	-61	6	
563	5.6300	-38	-60	6	
564	5.6400	-38	-60	6	
565	5.6500	-37	-59	6	
566	5.6600	-36	-58	6	
567	5.6700	-34	-57	6	
568	5.6800	-33	-55	6	
569	5.6900	-32	-54	5	
570	5.7000	-30	-52	5	
571	5.7100	-29	-51	5	
572	5.7200	-27	-49	5	
573	5.7300	-25	-47	4	
574	5.7400	-23	-45	4	
575	5.7500	-21	-43	4	
576	5.7600	-20	-41	4	
577	5.7700	-18	-39	4	
578	5.7800	-16	-37	4	
579	5.7900	-14	-34	3	
580	5.8000	-12	-32	3	
581	5.8100	-9	-30	3	
582	5.8200	-7	-27	3	
583	5.8300	-4	-24	2	
584	5.8400	-2	-22	2	
585	5.8500	1	-19	2	
586	5.8600	4	-16	2	
587	5.8700	6	-14	2	
588	5.8800	9	-11	2	
589	5.8900	12	-8	2	
590	5.9000	14	-5	1	
591	5.9100	17	-2	1	
592	5.9200	20	1	1	
593	5.9300	23	4	1	
594	5.9400	26	6	0	
595	5.9500	28	9	0	
596	5.9600	31	12	0	
597	5.9700	34	15	0	
598	5.9800	37	18	0	
599	5.9900	39	21	0	
600	6.0000	42	23	0	
601	6.0100	45	26	0	
602	6.0200	47	29	0	
603	6.0300	50	31	0	
604	6.0400	52	34	-1	
605	6.0500	55	36	-1	
606	6.0600	57	39	-1	
607	6.0700	58	41	-1	
608	6.0800	60	43	-1	
609	6.0900	61	45	-1	
610	6.1000	63	47	-1	
611	6.1100	64	50	-1	
612	6.1200	66	51	-1	
613	6.1300	68	53	-1	
614	6.1400	70	55	-1	
615	6.1500	71	56	-1	
616	6.1600	73	58	-1	
617	6.1700	74	59	-1	
618	6.1800	75	60	-1	
619	6.1900	76	62	-1	
620	6.2000	78	63	-1	
621	6.2100	79	64	-1	
622	6.2200	80	64	-1	
623	6.2300	80	65	-1	
624	6.2400	81	66	0	
625	6.2500	81	66	0	
626	6.2600	82	66	0	
627	6.2700	82	66	0	
628	6.2800	82	67	0	
629	6.2900	82	67	0	
630	6.3000	82	66	0	
631	6.3100	82	66	0	
632	6.3200	81	66	0	
633	6.3300	81	65	0	
634	6.3400	80	64	0	
635	6.3500	80	64	1	
636	6.3600	79	63	1	
637	6.3700	78	62	1	
638	6.3800	76	61	1	
639	6.3900	75	60	2	
640	6.4000	74	58	2	
641	6.4100	72	57	2	
642	6.4200	71	55	2	
643	6.4300	69	54	2	
644	6.4400	68	52	2	
645	6.4500	66	50	2	
646	6.4600	64	48	3	
647	6.4700	63	46	3	
648	6.4800	61	44	3	
649	6.4900	59	42	4	
650	6.5000	59	40	4	
651	6.5100	58	37	4	
652	6.5200	55	35	4	
653	6.5300	52	32	4	
654	6.5400	50	30	4	
655	6.5500	47	28	4	
656	6.5600	45	25	5	
657	6.5700	42	22	5	
658	6.5800	39	20	5	
659	6.5900	36	17	6	
660	6.6000	34	14	6	
661	6.6100	31	11	6	
662	6.6200	28	8	6	
663	6.6300	25	6	6	
664	6.6400	22	3	6	
665	6.6500	20	0	6	
666	6.6600	17	-3	6	
667	6.6700	14	-6	7	
668	6.6800	11	-8	7	
669	6.6900	8	-11	7	
670	6.7000	6	-14	7	
671	6.7100	3	-17	7	
672	6.7200	0	-19	7	
673	6.7300	-2	-22	8	
674	6.7400	-5	-24	8	
675	6.7500	-8	-27	8	
676	6.7600	-10	-30	8	
677	6.7700	-12	-32	8	
678	6.7800	-15	-34	8	
679	6.7900	-17	-37	8	
680	6.8000	-19	-39	8	
681	6.8100	-20	-41	8	
682	6.8200	-22	-43	8	
683	6.8300	-24	-45	8	
684	6.8400	-26	-47	8	
685	6.8500	-28	-49	8	
686	6.8600	-29	-50	8	
687	6.8700	-31	-52	8	
688	6.8800	-32	-54	8	
689	6.8900	-34	-55	8	
690	6.9000	-35	-56	8	
691	6.9100	-36	-58	8	
692	6.9200	-37	-58	8	
693	6.9300	-38	-60	8	
694	6.9400	-38	-60	8	
695	6.9500	-39	-61	8	
696	6.9600	-39	-62	8	
697	6.9700	-40	-62	8	
698	6.9800	-40	-62	8	
699	6.9900	-40	-62	7	
700	7.0000	-40	-63	7	
701	7.0100	-40	-63	7	
702	7.0200	-40	-62	7	
703	7.0300	-39	-62	7	
704	7.0400	-39	-62	6	
705	7.0500	-38	-61	6	
706	7.0600	-37	-60	6	
707	7.0700	-36	-60	6	
708	7.0800	-36	-59	6	
709	7.0900	-34	-58	6	
710	7.1000	-33	-56	6	
711	7.1100	-32	-55	6	
712	7.1200	-31	-54	5	
713	7.1300	-29	-52	5	
714	7.1400	-28	-51	5	
715	7.1500	-26	-49	5	
716	7.1600	-24	-47	4	
717	7.1700	-22	-45	4	
718	7.1800	-20	-43	4	
719	7.1900	-19	-41	4	
720	7.2000	-17	-39	4	
721	7.2100	-15	-37	4	
722	7.2200	-13	-34	3	
723	7.2300	-10	-32	3	
724	7.2400	-8	-30	3	
725	7.2500	-6	-27	3	
726	7.2600	-3	-24	2	
727	7.2700	-1	-22	2	
728	7.2800	2	-19	2	
729	7.2900	5	-16	2	
730	7.3000	7	-14	2	
731	7.3100	10	-10	2	
732	7.3200	13	-8	2	
733	7.3300	16	-5	1	
734	7.3400	18	-2	1	
735	7.3500	21	1	1	
736	7.3600	24	4	1	
737	7.3700	26	6	0	
738	7.3800	29	9	0	
739	7.3900	32	12	0	
740	7.4000	35	15	0	
741	7.4100	38	18	0	
742	7.4200	40	21	0	
743	7.4300	43	23	0	
744	7.4400	46	26	0	
745	7.4500	48	29	0	
746	7.4600	51	31	0	
747	7.4700	53	34	-1	
748	7.4800	56	36	-1	
749	7.4900	58	38	-1	
750	7.5000	59	41	-1	
751	7.5100	60	43	-1	
752	7.5200	62	45	-1	
753	7.5300	64	47	-1	
754	7.5400	65	49	-1	
755	7.5500	67	51	-1	
756	7.5600	69	53	-1	
757	7.5700	70	55	-1	
758	7.5800	72	56	-1	
759	7.5900	74	58	-1	
760	7.6000	75	59	-1	
761	7.6100	76	60	-1	
762	7.6200	78	62	-1	
763	7.6300	79	62	-1	
764	7.6400	80	64	-1	
765	7.6500	80	64	-1	
766	7.6600	81	65	-1	
767	7.6700	82	66	0	
768	7.6800	82	66	0	
769	7.6900	83	66	0	
770	7.7000	83	66	0	
771	7.7100	83	66	0	
772	7.7200	83	66	0	
773	7.7300	83	66	0	
774	7.7400	83	66	0	
775	7.7500	82	66	0	
776	7.7600	82	65	0	
777	7.7700	81	64	0	
778	7.7800	80	64	1	
779	7.7900	80	63	1	
780	7.8000	79	62	1	
781	7.8100	78	61	1	
782	7.8200	76	60	2	
783	7.8300	75	58	2	
784	7.8400	74	57	2	
785	7.8500	72	55	2	
786	7.8600	70	54	2	
787	7.8700	68	52	2	
788	7.8800	67	50	2	
789	7.8900	65	48	3	
790	7.9000	64	46	3	
791	7.9100	62	44	3	
792	7.9200	60	42	4	
793	7.9300	60	40	4	
794	7.9400	58	38	4	
795	7.9500	56	35	4	
796	7.9600	54	33	4	
797	7.9700	51	30	4	
798	7.9800	48	28	4	
799	7.9900	46	25	5	
800	8.0000	43	22	5	
801	8.0100	40	20	5	
802	8.0200	38	17	6	
803	8.0300	35	14	6	
804	8.0400	32	12	6	
805	8.0500	29	9	6	
806	8.0600	26	6	6	
807	8.0700	24	3	6	
808	8.0800	21	0	6	
809	8.0900	18	-2	6	
810	8.1000	15	-5	7	
811	8.1100	12	-8	7	
812	8.1200	9	-11	7	
813	8.1300	7	-14	7	
814	8.1400	4	-16	7	
815	8.1500	1	-19	7	
816	8.1600	-1	-22	8	
817	8.1700	-4	-24	8	
818	8.1800	-6	-27	8	
819	8.1900	-9	-29	8	
820	8.2000	-11	-32	8	
821	8.2100	-14	-34	8	
822	8.2200	-16	-36	8	
823	8.2300	-18	-39	8	
824	8.2400	-19	-41	8	
825	8.2500	-21	-43	8	
826	8.2600	-23	-45	8	
827	8.2700	-25	-47	8	
828	8.2800	-26	-49	8	
829	8.2900	-28	-50	8	
830	8.3000	-30	-52	8	
831	8.3100	-31	-54	8	
832	8.3200	-32	-55	8	
833	8.3300	-34	-56	8	
834	8.3400	-34	-57	8	
835	8.3500	-36	-58	8	
836	8.3600	-36	-59	8	
837	8.3700	-37	-60	8	
838	8.3800	-38	-61	8	
839	8.3900	-38	-62	8	
840	8.4000	-38	-62	8	
841	8.4100	-39	-62	8	
842	8.4200	-39	-62	7	
843	8.4300	-39	-62	7	
844	8.4400	-39	-62	7	
845	8.4500	-38	-62	7	
846	8.4600	-38	-62	7	
847	8.4700	-38	-62	6	
848	8.4800	-37	-61	6	
849	8.4900	-36	-60	6	
850	8.5000	-36	-60	6	
851	8.5100	-34	-59	6	
852	8.5200	-34	-58	6	
853	8.5300	-32	-56	6	
854	8.5400	-31	-55	6	
855	8.5500	-30	-54	5	
856	8.5600	-28	-52	5	
857	8.5700	-27	-51	5	
858	8.5800	-25	-49	5	
859	8.5900	-23	-47	4	
860	8.6000	-21	-45	4	
861	8.6100	-19	-43	4	
862	8.6200	-18	-41	4	
863	8.6300	-16	-39	4	
864	8.6400	-14	-37	4	
865	8.6500	-12	-34	3	
866	8.6600	-10	-32	3	
867	8.6700	-7	-30	3	
868	8.6800	-5	-27	3	
869	8.6900	-2	-24	2	
870	8.7000	0	-22	2	
871	8.7100	3	-19	2	
872	8.7200	6	-16	2	
873	8.7300	8	-14	2	
874	8.7400	11	-11	2	
875	8.7500	14	-8	2	
876	8.7600	16	-5	1	
877	8.7700	19	-2	1	
878	8.7800	22	1	1	
879	8.7900	25	4	1	
880	8.8000	27	6	0	
881	8.8100	30	9	0	
882	8.8200	33	12	0	
883	8.8300	36	15	0	
884	8.8400	38	18	0	
885	8.8500	41	20	0	
886	8.8600	44	23	0	
887	8.8700	46	26	0	
888	8.8800	49	28	0	
889	8.8900	52	31	0	
890	8.9000	54	34	-1	
891	8.9100	56	36	-1	
892	8.9200	59	38	-1	
893	8.9300	60	41	-1	
894	8.9400	61	43	-1	
895	8.9500	63	45	-1	
896	8.9600	65	47	-1	
897	8.9700	66	49	-1	
898	8.9800	68	51	-1	
899	8.9900	70	53	-1	
900	9.0000	71	54	-1	
901	9.0100	73	56	-1	
902	9.0200	74	58	-1	
903	9.0300	76	59	-1	
904	9.0400	77	60	-1	
905	9.0500	78	61	-1	
906	9.0600	80	62	-1	
907	9.0700	80	63	-1	
908	9.0800	81	64	-1	
909	9.0900	82	65	-1	
910	9.1000	83	65	0	
911	9.1100	83	66	0	
912	9.1200	84	66	0	
913	9.1300	84	66	0	
914	9.1400	84	66	0	
915	9.1500	84	66	0	
916	9.1600	84	66	0	
917	9.1700	84	66	0	
918	9.1800	83	66	0	
919	9.1900	83	65	0	
920	9.2000	82	64	0	
921	9.2100	82	64	1	
922	9.2200	81	63	1	
923	9.2300	80	62	1	
924	9.2400	78	61	1	
925	9.2500	77	60	2	
926	9.2600	76	58	2	
927	9.2700	74	57	2	
928	9.2800	73	55	2	
929	9.2900	71	54	2	
930	9.3000	70	52	2	
931	9.3100	68	50	2	
932	9.3200	66	48	3	
933	9.3300	65	46	3	
934	9.3400	63	44	3	
935	9.3500	61	42	4	
936	9.3600	61	40	4	
937	9.3700	60	38	4	
938	9.3800	57	35	4	
939	9.3900	55	33	4	
940	9.4000	52	30	4	
941	9.4100	50	28	4	
942	9.4200	47	25	5	
943	9.4300	44	22	5	
944	9.4400	42	20	5	
945	9.4500	39	17	6	
946	9.4600	36	14	6	
947	9.4700	33	12	6	
948	9.4800	30	9	6	
949	9.4900	28	6	6	
950	9.5000	25	3	6	
951	9.5100	22	0	6	
952	9.5200	19	-2	6	
953	9.5300	16	-5	7	
954	9.5400	13	-8	7	
955	9.5500	10	-11	7	
956	9.5600	8	-14	7	
957	9.5700	5	-16	7	
958	9.5800	2	-19	7	
959	9.5900	0	-22	8	
960	9.6000	-3	-24	8	
961	9.6100	-5	-27	8	
962	9.6200	-8	-29	8	
963	9.6300	-10	-32	8	
964	9.6400	-12	-34	8	
965	9.6500	-15	-36	8	
966	9.6600	-17	-39	8	
967	9.6700	-18	-41	8	
968	9.6800	-20	-43	8	
969	9.6900	-22	-45	8	
970	9.7000	-24	-47	8	
971	9.7100	-25	-48	8	
972	9.7200	-27	-50	8	
973	9.7300	-28	-52	8	
974	9.7400	-30	-53	8	
975	9.7500	-31	-55	8	
976	9.7600	-32	-56	8	
977	9.7700	-33	-57	8	
978	9.7800	-34	-58	8	
979	9.7900	-35	-59	8	
980	9.8000	-36	-60	8	
981	9.8100	-36	-61	8	
982	9.8200	-37	-62	8	
983	9.8300	-37	-62	8	
984	9.8400	-38	-62	8	
985	9.8500	-38	-62	7	
986	9.8600	-38	-62	7	
987	9.8700	-38	-62	7	
988	9.8800	-37	-62	7	
989	9.8900	-37	-62	7	
990	9.9000	-36	-62	6	
991	9.9100	-36	-61	6	
992	9.9200	-35	-60	6	
993	9.9300	-34	-60	6	
994	9.9400	-34	-59	6	
995	9.9500	-32	-58	6	
996	9.9600	-31	-56	6	
997	9.9700	-30	-55	6	
998	9.9800	-29	-54	5	
999	9.9900	-27	-52	5	
1000	10.0000	-26	-51	5	
