#	time(s)	count A	count B	count C	count D
1	0.0100			114	
2	0.0200			114	
3	0.0300			114	
4	0.0400			114	
5	0.0500			114	
6	0.0600			114	
7	0.0700			114	
8	0.0800			114	
9	0.0900			114	
10	0.1000			114	
11	0.1100			114	
12	0.1200			114	
13	0.1300			114	
14	0.1400			114	
15	0.1500			114	
16	0.1600			113	
17	0.1700			112	
18	0.1800			110	
19	0.1900			108	
20	0.2000			105	
21	0.2100			102	
22	0.2200			99	
23	0.2300			95	
24	0.2400			91	
25	0.2500			87	
26	0.2600			82	
27	0.2700			77	
28	0.2800			72	
29	0.2900			66	
30	0.3000			61	
31	0.3100			55	
32	0.3200			49	
33	0.3300			42	
34	0.3400			36	
35	0.3500			30	
36	0.3600			23	
37	0.3700			16	
38	0.3800			10	
39	0.3900			3	
40	0.4000			-4	
41	0.4100			-11	
42	0.4200			-18	
43	0.4300			-24	
44	0.4400			-30	
45	0.4500			-37	
46	0.4600			-43	
47	0.4700			-49	
48	0.4800			-54	
49	0.4900			-60	
50	0.5000			-65	
51	0.5100			-70	
52	0.5200			-75	
53	0.5300			-79	
54	0.5400			-83	
55	0.5500			-87	
56	0.5600			-90	
57	0.5700			-94	
58	0.5800			-96	
59	0.5900			-98	
60	0.6000			-100	
61	0.6100			-102	
62	0.6200			-103	
63	0.6300			-104	
64	0.6400			-104	
65	0.6500			-104	
66	0.6600			-103	
67	0.6700			-102	
68	0.6800			-101	
69	0.6900			-100	
70	0.7000			-98	
71	0.7100			-95	
72	0.7200			-92	
73	0.7300			-89	
74	0.7400			-86	
75	0.7500			-82	
76	0.7600			-78	
77	0.7700			-74	
78	0.7800			-69	
79	0.7900			-64	
80	0.8000			-59	
81	0.8100			-54	
82	0.8200			-48	
83	0.8300			-42	
84	0.8400			-37	
85	0.8500			-31	
86	0.8600			-25	
87	0.8700			-19	
88	0.8800			-12	
89	0.8900			-6	
90	0.9000			0	
91	0.9100			6	
92	0.9200			12	
93	0.9300			18	
94	0.9400			24	
95	0.9500			30	
96	0.9600			36	
97	0.9700			42	
98	0.9800			47	
99	0.9900			52	
100	1.0000			58	
101	1.0100			62	
102	1.0200			67	
103	1.0300			72	
104	1.0400			76	
105	1.0500			79	
106	1.0600			83	
107	1.0700			86	
108	1.0800			89	
109	1.0900			91	
110	1.1000			94	
111	1.1100			95	
112	1.1200			97	
113	1.1300			98	
114	1.1400			98	
115	1.1500			99	
116	1.1600			99	
117	1.1700			98	
118	1.1800			98	
119	1.1900			96	
120	1.2000			95	
121	1.2100			93	
122	1.2200			91	
123	1.2300			88	
124	1.2400			86	
125	1.2500			82	
126	1.2600			79	
127	1.2700			75	
128	1.2800			71	
129	1.2900			67	
130	1.3000			62	
131	1.3100			58	
132	1.3200			53	
133	1.3300			48	
134	1.3400			42	
135	1.3500			37	
136	1.3600			32	
137	1.3700			26	
138	1.3800			20	
139	1.3900			14	
140	1.4000			8	
141	1.4100			3	
142	1.4200			-3	
143	1.4300			-9	
144	1.4400			-15	
145	1.4500			-20	
146	1.4600			-26	
147	1.4700			-31	
148	1.4800			-36	
149	1.4900			-42	
150	1.5000			-46	
151	1.5100			-52	
152	1.5200			-56	
153	1.5300			-60	
154	1.5400			-64	
155	1.5500			-68	
156	1.5600			-72	
157	1.5700			-75	
158	1.5800			-78	
159	1.5900			-81	
160	1.6000			-83	
161	1.6100			-85	
162	1.6200			-86	
163	1.6300			-88	
164	1.6400			-89	
165	1.6500			-90	
166	1.6600			-90	
167	1.6700			-90	
168	1.6800			-90	
169	1.6900			-89	
170	1.7000			-88	
171	1.7100			-86	
172	1.7200			-84	
173	1.7300			-82	
174	1.7400			-80	
175	1.7500			-77	
176	1.7600			-74	
177	1.7700			-71	
178	1.7800			-68	
179	1.7900			-64	
180	1.8000			-60	
181	1.8100			-56	
182	1.8200			-51	
183	1.8300			-46	
184	1.8400			-42	
185	1.8500			-37	
186	1.8600			-32	
187	1.8700			-27	
188	1.8800			-22	
189	1.8900			-16	
190	1.9000			-11	
191	1.9100			-6	
192	1.9200			0	
193	1.9300			5	
194	1.9400			10	
195	1.9500			16	
196	1.9600			21	
197	1.9700			26	
198	1.9800			31	
199	1.9900			36	
200	2.0000			41	
201	2.0100			46	
202	2.0200			50	
203	2.0300			54	
204	2.0400			58	
205	2.0500			62	
206	2.0600			66	
207	2.0700			68	
208	2.0800			72	
209	2.0900			74	
210	2.1000			77	
211	2.1100			79	
212	2.1200			81	
213	2.1300			82	
214	2.1400			84	
215	2.1500			85	
216	2.1600			86	
217	2.1700			86	
218	2.1800			86	
219	2.1900			86	
220	2.2000			85	
221	2.2100			84	
222	2.2200			82	
223	2.2300			81	
224	2.2400			79	
225	2.2500			77	
226	2.2600			74	
227	2.2700			72	
228	2.2800			69	
229	2.2900			66	
230	2.3000			62	
231	2.3100			58	
232	2.3200			54	
233	2.3300			50	
234	2.3400			46	
235	2.3500			42	
236	2.3600			37	
237	2.3700			32	
238	2.3800			28	
239	2.3900			23	
240	2.4000			18	
241	2.4100			13	
242	2.4200			8	
243	2.4300			3	
244	2.4400			-2	
245	2.4500			-8	
246	2.4600			-12	
247	2.4700			-17	
248	2.4800			-22	
249	2.4900			-27	
250	2.5000			-31	
251	2.5100			-36	
252	2.5200			-40	
253	2.5300			-44	
254	2.5400			-48	
255	2.5500			-52	
256	2.5600			-56	
257	2.5700			-59	
258	2.5800			-62	
259	2.5900			-64	
260	2.6000			-67	
261	2.6100			-70	
262	2.6200			-72	
263	2.6300			-73	
264	2.6400			-74	
265	2.6500			-76	
266	2.6600			-76	
267	2.6700			-77	
268	2.6800			-77	
269	2.6900			-77	
270	2.7000			-77	
271	2.7100			-76	
272	2.7200			-75	
273	2.7300			-74	
274	2.7400			-72	
275	2.7500			-70	
276	2.7600			-68	
277	2.7700			-66	
278	2.7800			-64	
279	2.7900			-61	
280	2.8000			-58	
281	2.8100			-54	
282	2.8200			-51	
283	2.8300			-48	
284	2.8400			-44	
285	2.8500			-40	
286	2.8600			-36	
287	2.8700			-32	
288	2.8800			-27	
289	2.8900			-23	
290	2.9000			-18	
291	2.9100			-14	
292	2.9200			-9	
293	2.9300			-4	
294	2.9400			0	
295	2.9500			4	
296	2.9600			9	
297	2.9700			14	
298	2.9800			18	
299	2.9900			23	
300	3.0000			27	
301	3.0100			32	
302	3.0200			36	
303	3.0300			40	
304	3.0400			43	
305	3.0500			47	
306	3.0600			50	
307	3.0700			54	
308	3.0800			56	
309	3.0900			60	
310	3.1000			62	
311	3.1100			64	
312	3.1200			66	
313	3.1300			68	
314	3.1400			70	
315	3.1500			72	
316	3.1600			72	
317	3.1700			74	
318	3.1800			74	
319	3.1900			74	
320	3.2000			74	
321	3.2100			74	
322	3.2200			74	
323	3.2300			72	
324	3.2400			72	
325	3.2500			70	
326	3.2600			68	
327	3.2700			67	
328	3.2800			64	
329	3.2900			62	
330	3.3000			60	
331	3.3100			57	
332	3.3200			54	
333	3.3300			50	
334	3.3400			47	
335	3.3500			44	
336	3.3600			40	
337	3.3700			36	
338	3.3800			32	
339	3.3900			28	
340	3.4000			24	
341	3.4100			20	
342	3.4200			16	
343	3.4300			11	
344	3.4400			7	
345	3.4500			2	
346	3.4600			-2	
347	3.4700			-6	
348	3.4800			-10	
349	3.4900			-14	
350	3.5000			-18	
351	3.5100			-23	
352	3.5200			-27	
353	3.5300			-30	
354	3.5400			-34	
355	3.5500			-38	
356	3.5600			-41	
357	3.5700			-44	
358	3.5800			-48	
359	3.5900			-50	
360	3.6000			-53	
361	3.6100			-56	
362	3.6200			-58	
363	3.6300			-60	
364	3.6400			-62	
365	3.6500			-63	
366	3.6600			-64	
367	3.6700			-65	
368	3.6800			-66	
369	3.6900			-66	
370	3.7000			-66	
371	3.7100			-66	
372	3.7200			-66	
373	3.7300			-66	
374	3.7400			-64	
375	3.7500			-64	
376	3.7600			-62	
377	3.7700			-61	
378	3.7800			-59	
379	3.7900			-57	
380	3.8000			-55	
381	3.8100			-52	
382	3.8200			-50	
383	3.8300			-47	
384	3.8400			-44	
385	3.8500			-41	
386	3.8600			-38	
387	3.8700			-34	
388	3.8800			-31	
389	3.8900			-28	
390	3.9000			-24	
391	3.9100			-20	
392	3.9200			-16	
393	3.9300			-12	
394	3.9400			-8	
395	3.9500			-4	
396	3.9600			0	
397	3.9700			4	
398	3.9800			8	
399	3.9900			12	
400	4.0000			15	
401	4.0100			19	
402	4.0200			23	
403	4.0300			26	
404	4.0400			30	
405	4.0500			34	
406	4.0600			37	
407	4.0700			40	
408	4.0800			43	
409	4.0900			46	
410	4.1000			48	
411	4.1100			51	
412	4.1200			53	
413	4.1300			55	
414	4.1400			57	
415	4.1500			59	
416	4.1600			60	
417	4.1700			61	
418	4.1800			62	
419	4.1900			63	
420	4.2000			64	
421	4.2100			64	
422	4.2200			64	
423	4.2300			64	
424	4.2400			63	
425	4.2500			62	
426	4.2600			62	
427	4.2700			60	
428	4.2800			59	
429	4.2900			58	
430	4.3000			56	
431	4.3100			54	
432	4.3200			52	
433	4.3300			49	
434	4.3400			46	
435	4.3500			44	
436	4.3600			41	
437	4.3700			38	
438	4.3800			35	
439	4.3900			32	
440	4.4000			28	
441	4.4100			25	
442	4.4200			21	
443	4.4300			18	
444	4.4400			14	
445	4.4500			10	
446	4.4600			6	
447	4.4700			3	
448	4.4800			-1	
449	4.4900			-4	
450	4.5000			-8	
451	4.5100			-12	
452	4.5200			-15	
453	4.5300			-19	
454	4.5400			-22	
455	4.5500			-26	
456	4.5600			-29	
457	4.5700			-32	
458	4.5800			-35	
459	4.5900			-38	
460	4.6000			-40	
461	4.6100			-43	
462	4.6200			-45	
463	4.6300			-47	
464	4.6400			-49	
465	4.6500			-51	
466	4.6600			-52	
467	4.6700			-54	
468	4.6800			-54	
469	4.6900			-56	
470	4.7000			-56	
471	4.7100			-56	
472	4.7200			-56	
473	4.7300			-56	
474	4.7400			-56	
475	4.7500			-56	
476	4.7600			-55	
477	4.7700			-54	
478	4.7800			-53	
479	4.7900			-52	
480	4.8000			-50	
481	4.8100			-49	
482	4.8200			-47	
483	4.8300			-45	
484	4.8400			-43	
485	4.8500			-40	
486	4.8600			-38	
487	4.8700			-36	
488	4.8800			-33	
489	4.8900			-30	
490	4.9000			-27	
491	4.9100			-24	
492	4.9200			-20	
493	4.9300			-17	
494	4.9400			-14	
495	4.9500			-10	
496	4.9600			-7	
497	4.9700			-4	
498	4.9800			0	
499	4.9900			3	
500	5.0000			6	
501	5.0100			10	
502	5.0200			13	
503	5.0300			16	
504	5.0400			20	
505	5.0500			23	
506	5.0600			26	
507	5.0700			29	
508	5.0800			32	
509	5.0900			34	
510	5.1000			37	
511	5.1100			39	
512	5.1200			42	
513	5.1300			44	
514	5.1400			46	
515	5.1500			48	
516	5.1600			49	
517	5.1700			50	
518	5.1800			52	
519	5.1900			53	
520	5.2000			54	
521	5.2100			54	
522	5.2200			55	
523	5.2300			55	
524	5.2400			55	
525	5.2500			55	
526	5.2600			54	
527	5.2700			54	
528	5.2800			53	
529	5.2900			52	
530	5.3000			51	
531	5.3100			50	
532	5.3200			48	
533	5.3300			46	
534	5.3400			45	
535	5.3500			42	
536	5.3600			40	
537	5.3700			38	
538	5.3800			36	
539	5.3900			33	
540	5.4000			30	
541	5.4100			28	
542	5.4200			25	
543	5.4300			22	
544	5.4400			19	
545	5.4500			16	
546	5.4600			12	
547	5.4700			10	
548	5.4800			6	
549	5.4900			3	
550	5.5000			0	
551	5.5100			-4	
552	5.5200			-6	
553	5.5300			-10	
554	5.5400			-12	
555	5.5500			-16	
556	5.5600			-18	
557	5.5700			-22	
558	5.5800			-24	
559	5.5900			-27	
560	5.6000			-30	
561	5.6100			-32	
562	5.6200			-34	
563	5.6300			-36	
564	5.6400			-38	
565	5.6500			-40	
566	5.6600			-42	
567	5.6700			-43	
568	5.6800			-44	
569	5.6900			-46	
570	5.7000			-46	
571	5.7100			-47	
572	5.7200			-48	
573	5.7300			-48	
574	5.7400			-48	
575	5.7500			-48	
576	5.7600			-48	
577	5.7700			-48	
578	5.7800			-47	
579	5.7900			-46	
580	5.8000			-46	
581	5.8100			-44	
582	5.8200			-44	
583	5.8300			-42	
584	5.8400			-40	
585	5.8500			-38	
586	5.8600			-37	
587	5.8700			-35	
588	5.8800			-32	
589	5.8900			-30	
590	5.9000			-28	
591	5.9100			-25	
592	5.9200			-23	
593	5.9300			-20	
594	5.9400			-17	
595	5.9500			-14	
596	5.9600			-12	
597	5.9700			-9	
598	5.9800			-6	
599	5.9900			-3	
600	6.0000			0	
601	6.0100			3	
602	6.0200			6	
603	6.0300			9	
604	6.0400			12	
605	6.0500			14	
606	6.0600			18	
607	6.0700			20	
608	6.0800			23	
609	6.0900			25	
610	6.1000			28	
611	6.1100			30	
612	6.1200			32	
613	6.1300			34	
614	6.1400			36	
615	6.1500			38	
616	6.1600			40	
617	6.1700			42	
618	6.1800			43	
619	6.1900			44	
620	6.2000			45	
621	6.2100			46	
622	6.2200			46	
623	6.2300			47	
624	6.2400			48	
625	6.2500			48	
626	6.2600			48	
627	6.2700			48	
628	6.2800			48	
629	6.2900			47	
630	6.3000			46	
631	6.3100			45	
632	6.3200			44	
633	6.3300			43	
634	6.3400			42	
635	6.3500			40	
636	6.3600			39	
637	6.3700			37	
638	6.3800			35	
639	6.3900			33	
640	6.4000			31	
641	6.4100			29	
642	6.4200			26	
643	6.4300			24	
644	6.4400			22	
645	6.4500			19	
646	6.4600			16	
647	6.4700			14	
648	6.4800			11	
649	6.4900			8	
650	6.5000			6	
651	6.5100			3	
652	6.5200			0	
653	6.5300			-2	
654	6.5400			-5	
655	6.5500			-8	
656	6.5600			-10	
657	6.5700			-13	
658	6.5800			-16	
659	6.5900			-18	
660	6.6000			-20	
661	6.6100			-23	
662	6.6200			-25	
663	6.6300			-27	
664	6.6400			-29	
665	6.6500			-31	
666	6.6600			-32	
667	6.6700			-34	
668	6.6800			-36	
669	6.6900			-37	
670	6.7000			-38	
671	6.7100			-39	
672	6.7200			-40	
673	6.7300			-40	
674	6.7400			-41	
675	6.7500			-42	
676	6.7600			-42	
677	6.7700			-42	
678	6.7800			-42	
679	6.7900			-41	
680	6.8000			-41	
681	6.8100			-40	
682	6.8200			-39	
683	6.8300			-38	
684	6.8400			-37	
685	6.8500			-36	
686	6.8600			-35	
687	6.8700			-33	
688	6.8800			-32	
689	6.8900			-30	
690	6.9000			-28	
691	6.9100			-26	
692	6.9200			-24	
693	6.9300			-22	
694	6.9400			-20	
695	6.9500			-17	
696	6.9600			-15	
697	6.9700			-12	
698	6.9800			-10	
699	6.9900			-8	
700	7.0000			-5	
701	7.0100			-2	
702	7.0200			0	
703	7.0300			3	
704	7.0400			5	
705	7.0500			8	
706	7.0600			10	
707	7.0700			13	
708	7.0800			15	
709	7.0900			17	
710	7.1000			20	
711	7.1100			22	
712	7.1200			24	
713	7.1300			26	
714	7.1400			28	
715	7.1500			30	
716	7.1600			32	
717	7.1700			33	
718	7.1800			34	
719	7.1900			36	
720	7.2000			37	
721	7.2100			38	
722	7.2200			39	
723	7.2300			40	
724	7.2400			40	
725	7.2500			41	
726	7.2600			41	
727	7.2700			41	
728	7.2800			41	
729	7.2900			41	
730	7.3000			41	
731	7.3100			40	
732	7.3200			40	
733	7.3300			39	
734	7.3400			38	
735	7.3500			37	
736	7.3600			36	
737	7.3700			35	
738	7.3800			34	
739	7.3900			32	
740	7.4000			30	
741	7.4100			29	
742	7.4200			27	
743	7.4300			25	
744	7.4400			23	
745	7.4500			21	
746	7.4600			19	
747	7.4700			16	
748	7.4800			14	
749	7.4900			12	
750	7.5000			10	
751	7.5100			8	
752	7.5200			5	
753	7.5300			2	
754	7.5400			0	
755	7.5500			-2	
756	7.5600			-4	
757	7.5700			-7	
758	7.5800			-9	
759	7.5900			-11	
760	7.6000			-14	
761	7.6100			-16	
762	7.6200			-18	
763	7.6300			-20	
764	7.6400			-22	
765	7.6500			-23	
766	7.6600			-25	
767	7.6700			-26	
768	7.6800			-28	
769	7.6900			-29	
770	7.7000			-30	
771	7.7100			-32	
772	7.7200			-32	
773	7.7300			-34	
774	7.7400			-34	
775	7.7500			-34	
776	7.7600			-35	
777	7.7700			-35	
778	7.7800			-36	
779	7.7900			-36	
780	7.8000			-36	
781	7.8100			-35	
782	7.8200			-35	
783	7.8300			-34	
784	7.8400			-34	
785	7.8500			-33	
786	7.8600			-32	
787	7.8700			-31	
788	7.8800			-30	
789	7.8900			-28	
790	7.9000			-27	
791	7.9100			-25	
792	7.9200			-24	
793	7.9300			-22	
794	7.9400			-20	
795	7.9500			-18	
796	7.9600			-16	
797	7.9700			-14	
798	7.9800			-12	
799	7.9900			-10	
800	8.0000			-8	
801	8.0100			-6	
802	8.0200			-4	
803	8.0300			-2	
804	8.0400			0	
805	8.0500			2	
806	8.0600			5	
807	8.0700			7	
808	8.0800			9	
809	8.0900			11	
810	8.1000			13	
811	8.1100			15	
812	8.1200			17	
813	8.1300			19	
814	8.1400			21	
815	8.1500			22	
816	8.1600			24	
817	8.1700			26	
818	8.1800			27	
819	8.1900			28	
820	8.2000			30	
821	8.2100			31	
822	8.2200			32	
823	8.2300			33	
824	8.2400			34	
825	8.2500			34	
826	8.2600			34	
827	8.2700			35	
828	8.2800			36	
829	8.2900			36	
830	8.3000			36	
831	8.3100			36	
832	8.3200			35	
833	8.3300			35	
834	8.3400			34	
835	8.3500			34	
836	8.3600			33	
837	8.3700			32	
838	8.3800			31	
839	8.3900			30	
840	8.4000			29	
841	8.4100			28	
842	8.4200			26	
843	8.4300			25	
844	8.4400			23	
845	8.4500			22	
846	8.4600			20	
847	8.4700			18	
848	8.4800			16	
849	8.4900			14	
850	8.5000			12	
851	8.5100			10	
852	8.5200			8	
853	8.5300			6	
854	8.5400			4	
855	8.5500			2	
856	8.5600			0	
857	8.5700			-2	
858	8.5800			-4	
859	8.5900			-6	
860	8.6000			-8	
861	8.6100			-10	
862	8.6200			-11	
863	8.6300			-13	
864	8.6400			-15	
865	8.6500			-16	
866	8.6600			-18	
867	8.6700			-20	
868	8.6800			-21	
869	8.6900			-22	
870	8.7000			-24	
871	8.7100			-24	
872	8.7200			-26	
873	8.7300			-26	
874	8.7400			-28	
875	8.7500			-28	
876	8.7600			-29	
877	8.7700			-29	
878	8.7800			-30	
879	8.7900			-30	
880	8.8000			-30	
881	8.8100			-30	
882	8.8200			-30	
883	8.8300			-30	
884	8.8400			-29	
885	8.8500			-29	
886	8.8600			-28	
887	8.8700			-28	
888	8.8800			-26	
889	8.8900			-26	
890	8.9000			-25	
891	8.9100			-24	
892	8.9200			-22	
893	8.9300			-21	
894	8.9400			-20	
895	8.9500			-18	
896	8.9600			-17	
897	8.9700			-15	
898	8.9800			-14	
899	8.9900			-12	
900	9.0000			-10	
901	9.0100			-8	
902	9.0200			-6	
903	9.0300			-5	
904	9.0400			-3	
905	9.0500			-1	
906	9.0600			0	
907	9.0700			2	
908	9.0800			4	
909	9.0900			6	
910	9.1000			8	
911	9.1100			10	
912	9.1200			11	
913	9.1300			13	
914	9.1400			14	
915	9.1500			16	
916	9.1600			18	
917	9.1700			19	
918	9.1800			20	
919	9.1900			22	
920	9.2000			23	
921	9.2100			24	
922	9.2200			25	
923	9.2300			26	
924	9.2400			27	
925	9.2500			28	
926	9.2600			28	
927	9.2700			29	
928	9.2800			29	
929	9.2900			30	
930	9.3000			30	
931	9.3100			30	
932	9.3200			30	
933	9.3300			30	
934	9.3400			30	
935	9.3500			30	
936	9.3600			29	
937	9.3700			28	
938	9.3800			28	
939	9.3900			27	
940	9.4000			26	
941	9.4100			26	
942	9.4200			24	
943	9.4300			23	
944	9.4400			22	
945	9.4500			21	
946	9.4600			20	
947	9.4700			18	
948	9.4800			17	
949	9.4900			15	
950	9.5000			14	
951	9.5100			12	
952	9.5200			10	
953	9.5300			9	
954	9.5400			7	
955	9.5500			6	
956	9.5600			4	
957	9.5700			2	
958	9.5800			0	
959	9.5900			-1	
960	9.6000			-3	
961	9.6100			-4	
962	9.6200			-6	
963	9.6300			-8	
964	9.6400			-10	
965	9.6500			-11	
966	9.6600			-12	
967	9.6700			-14	
968	9.6800			-15	
969	9.6900			-16	
970	9.7000			-17	
971	9.7100			-18	
972	9.7200			-20	
973	9.7300			-20	
974	9.7400			-21	
975	9.7500			-22	
976	9.7600			-23	
977	9.7700			-23	
978	9.7800			-24	
979	9.7900			-24	
980	9.8000			-24	
981	9.8100			-24	
982	9.8200			-24	
983	9.8300			-24	
984	9.8400			-24	
985	9.8500			-24	
986	9.8600			-24	
987	9.8700			-24	
988	9.8800			-23	
989	9.8900			-22	
990	9.9000			-22	
991	9.9100			-21	
992	9.9200			-20	
993	9.9300			-19	
994	9.9400			-18	
995	9.9500			-17	
996	9.9600			-16	
997	9.9700			-14	
998	9.9800			-14	
999	9.9900			-12	
1000	10.0000			-11	
