#	time(s)	count A	count B	count C	count D
1	0.0050	0		-12	
2	0.0100	0		-13	
3	0.0150	0		-13	
4	0.0200	0		-13	
5	0.0250	0		-13	
6	0.0300	0		-13	
7	0.0350	0		-14	
8	0.0400	0		-14	
9	0.0450	1		-14	
10	0.0500	1		-14	
11	0.0550	1		-14	
12	0.0600	1		-14	
13	0.0650	1		-14	
14	0.0700	1		-14	
15	0.0750	2		-14	
16	0.0800	2		-14	
17	0.0850	2		-14	
18	0.0900	2		-14	
19	0.0950	2		-14	
20	0.1000	2		-14	
21	0.1050	2		-14	
22	0.1100	2		-14	
23	0.1150	3		-13	
24	0.1200	3		-13	
25	0.1250	3		-13	
26	0.1300	3		-13	
27	0.1350	3		-13	
28	0.1400	3		-12	
29	0.1450	3		-12	
30	0.1500	4		-12	
31	0.1550	4		-12	
32	0.1600	4		-12	
33	0.1650	4		-11	
34	0.1700	4		-11	
35	0.1750	4		-11	
36	0.1800	4		-10	
37	0.1850	4		-10	
38	0.1900	4		-10	
39	0.1950	4		-10	
40	0.2000	4		-9	
41	0.2050	4		-9	
42	0.2100	4		-8	
43	0.2150	4		-8	
44	0.2200	5		-8	
45	0.2250	5		-7	
46	0.2300	5		-7	
47	0.2350	5		-6	
48	0.2400	5		-6	
49	0.2450	5		-6	
50	0.2500	5		-5	
51	0.2550	5		-5	
52	0.2600	5		-4	
53	0.2650	5		-4	
54	0.2700	5		-4	
55	0.2750	5		-3	
56	0.2800	5		-3	
57	0.2850	5		-2	
58	0.2900	5		-2	
59	0.2950	5		-1	
60	0.3000	5		-1	
61	0.3050	5		0	
62	0.3100	5		0	
63	0.3150	5		0	
64	0.3200	5		1	
65	0.3250	5		1	
66	0.3300	5		2	
67	0.3350	5		2	
68	0.3400	5		3	
69	0.3450	4		3	
70	0.3500	4		4	
71	0.3550	4		4	
72	0.3600	4		5	
73	0.3650	4		5	
74	0.3700	4		6	
75	0.3750	4		6	
76	0.3800	4		6	
77	0.3850	4		7	
78	0.3900	4		7	
79	0.3950	4		8	
80	0.4000	4		8	
81	0.4050	4		9	
82	0.4100	4		9	
83	0.4150	3		10	
84	0.4200	3		10	
85	0.4250	3		10	
86	0.4300	3		11	
87	0.4350	3		11	
88	0.4400	3		12	
89	0.4450	2		12	
90	0.4500	2		12	
91	0.4550	2		13	
92	0.4600	2		13	
93	0.4650	2		14	
94	0.4700	2		14	
95	0.4750	2		14	
96	0.4800	2		14	
97	0.4850	2		15	
98	0.4900	1		15	
99	0.4950	1		15	
100	0.5000	1		16	
101	0.5050	1		16	
102	0.5100	1		16	
103	0.5150	0		16	
104	0.5200	0		16	
105	0.5250	0		17	
106	0.5300	0		17	
107	0.5350	0		17	
108	0.5400	0		17	
109	0.5450	0		18	
110	0.5500	0		18	
111	0.5550	-1		18	
112	0.5600	-1		18	
113	0.5650	-1		18	
114	0.5700	-1		18	
115	0.5750	-1		18	
116	0.5800	-2		18	
117	0.5850	-2		18	
118	0.5900	-2		18	
119	0.5950	-2		18	
120	0.6000	-2		18	
121	0.6050	-2		18	
122	0.6100	-2		18	
123	0.6150	-2		18	
124	0.6200	-2		18	
125	0.6250	-3		18	
126	0.6300	-3		18	
127	0.6350	-3		18	
128	0.6400	-3		17	
129	0.6450	-3		17	
130	0.6500	-3		17	
131	0.6550	-3		17	
132	0.6600	-4		16	
133	0.6650	-4		16	
134	0.6700	-4		16	
135	0.6750	-4		16	
136	0.6800	-4		16	
137	0.6850	-4		15	
138	0.6900	-4		15	
139	0.6950	-4		14	
140	0.7000	-4		14	
141	0.7050	-4		14	
142	0.7100	-4		14	
143	0.7150	-4		13	
144	0.7200	-4		13	
145	0.7250	-4		12	
146	0.7300	-4		12	
147	0.7350	-4		12	
148	0.7400	-5		11	
149	0.7450	-5		11	
150	0.7500	-5		10	
151	0.7550	-5		10	
152	0.7600	-5		9	
153	0.7650	-5		9	
154	0.7700	-5		8	
155	0.7750	-5		8	
156	0.7800	-5		7	
157	0.7850	-5		7	
158	0.7900	-5		6	
159	0.7950	-5		6	
160	0.8000	-5		5	
161	0.8050	-5		5	
162	0.8100	-5		4	
163	0.8150	-5		4	
164	0.8200	-5		3	
165	0.8250	-5		3	
166	0.8300	-5		2	
167	0.8350	-4		2	
168	0.8400	-4		1	
169	0.8450	-4		0	
170	0.8500	-4		0	
171	0.8550	-4		-1	
172	0.8600	-4		-1	
173	0.8650	-4		-2	
174	0.8700	-4		-2	
175	0.8750	-4		-3	
176	0.8800	-4		-3	
177	0.8850	-4		-4	
178	0.8900	-4		-4	
179	0.8950	-4		-5	
180	0.9000	-4		-5	
181	0.9050	-4		-6	
182	0.9100	-3		-6	
183	0.9150	-3		-7	
184	0.9200	-3		-7	
185	0.9250	-3		-8	
186	0.9300	-3		-8	
187	0.9350	-3		-8	
188	0.9400	-3		-9	
189	0.9450	-2		-9	
190	0.9500	-2		-10	
191	0.9550	-2		-10	
192	0.9600	-2		-10	
193	0.9650	-2		-11	
194	0.9700	-2		-11	
195	0.9750	-2		-11	
196	0.9800	-2		-12	
197	0.9850	-2		-12	
198	0.9900	-1		-12	
199	0.9950	-1		-12	
200	1.0000	-1		-13	
201	1.0050	-1		-13	
202	1.0100	-1		-13	
203	1.0150	0		-14	
204	1.0200	0		-14	
205	1.0250	0		-14	
206	1.0300	0		-14	
207	1.0350	0		-14	
208	1.0400	0		-14	
209	1.0450	0		-14	
210	1.0500	0		-14	
211	1.0550	1		-14	
212	1.0600	1		-14	
213	1.0650	1		-14	
214	1.0700	1		-14	
215	1.0750	1		-14	
216	1.0800	2		-14	
217	1.0850	2		-14	
218	1.0900	2		-14	
219	1.0950	2		-14	
220	1.1000	2		-14	
221	1.1050	2		-14	
222	1.1100	2		-14	
223	1.1150	2		-14	
224	1.1200	2		-14	
225	1.1250	3		-14	
226	1.1300	3		-14	
227	1.1350	3		-13	
228	1.1400	3		-13	
229	1.1450	3		-13	
230	1.1500	3		-13	
231	1.1550	4		-12	
232	1.1600	4		-12	
233	1.1650	4		-12	
234	1.1700	4		-12	
235	1.1750	4		-12	
236	1.1800	4		-11	
237	1.1850	4		-11	
238	1.1900	4		-10	
239	1.1950	4		-10	
240	1.2000	4		-10	
241	1.2050	4		-10	
242	1.2100	4		-9	
243	1.2150	4		-9	
244	1.2200	4		-8	
245	1.2250	4		-8	
246	1.2300	5		-8	
247	1.2350	5		-7	
248	1.2400	5		-7	
249	1.2450	5		-6	
250	1.2500	5		-6	
251	1.2550	5		-5	
252	1.2600	5		-5	
253	1.2650	5		-4	
254	1.2700	5		-4	
255	1.2750	5		-4	
256	1.2800	5		-3	
257	1.2850	5		-3	
258	1.2900	5		-2	
259	1.2950	5		-2	
260	1.3000	5		-1	
261	1.3050	5		-1	
262	1.3100	5		0	
263	1.3150	5		0	
264	1.3200	5		1	
265	1.3250	5		1	
266	1.3300	5		2	
267	1.3350	5		2	
268	1.3400	5		2	
269	1.3450	5		3	
270	1.3500	4		4	
271	1.3550	4		4	
272	1.3600	4		4	
273	1.3650	4		5	
274	1.3700	4		6	
275	1.3750	4		6	
276	1.3800	4		6	
277	1.3850	4		7	
278	1.3900	4		7	
279	1.3950	4		8	
280	1.4000	4		8	
281	1.4050	4		9	
282	1.4100	4		9	
283	1.4150	4		10	
284	1.4200	3		10	
285	1.4250	3		10	
286	1.4300	3		11	
287	1.4350	3		11	
288	1.4400	3		12	
289	1.4450	3		12	
290	1.4500	3		12	
291	1.4550	2		13	
292	1.4600	2		13	
293	1.4650	2		14	
294	1.4700	2		14	
295	1.4750	2		14	
296	1.4800	2		14	
297	1.4850	2		15	
298	1.4900	2		15	
299	1.4950	2		16	
300	1.5000	1		16	
301	1.5050	1		16	
302	1.5100	1		16	
303	1.5150	1		16	
304	1.5200	1		17	
305	1.5250	0		17	
306	1.5300	0		17	
307	1.5350	0		17	
308	1.5400	0		18	
309	1.5450	0		18	
310	1.5500	0		18	
311	1.5550	0		18	
312	1.5600	0		18	
313	1.5650	-1		18	
314	1.5700	-1		18	
315	1.5750	-1		18	
316	1.5800	-1		18	
317	1.5850	-1		18	
318	1.5900	-2		18	
319	1.5950	-2		18	
320	1.6000	-2		18	
321	1.6050	-2		18	
322	1.6100	-2		18	
323	1.6150	-2		18	
324	1.6200	-2		18	
325	1.6250	-2		18	
326	1.6300	-2		18	
327	1.6350	-3		18	
328	1.6400	-3		18	
329	1.6450	-3		18	
330	1.6500	-3		17	
331	1.6550	-3		17	
332	1.6600	-3		17	
333	1.6650	-4		17	
334	1.6700	-4		16	
335	1.6750	-4		16	
336	1.6800	-4		16	
337	1.6850	-4		16	
338	1.6900	-4		15	
339	1.6950	-4		15	
340	1.7000	-4		15	
341	1.7050	-4		14	
342	1.7100	-4		14	
343	1.7150	-4		14	
344	1.7200	-4		13	
345	1.7250	-4		13	
346	1.7300	-4		12	
347	1.7350	-4		12	
348	1.7400	-4		12	
349	1.7450	-5		11	
350	1.7500	-5		11	
351	1.7550	-5		10	
352	1.7600	-5		10	
353	1.7650	-5		9	
354	1.7700	-5		9	
355	1.7750	-5		8	
356	1.7800	-5		8	
357	1.7850	-5		7	
358	1.7900	-5		7	
359	1.7950	-5		6	
360	1.8000	-5		6	
361	1.8050	-5		5	
362	1.8100	-5		4	
363	1.8150	-5		4	
364	1.8200	-5		4	
365	1.8250	-5		3	
366	1.8300	-5		2	
367	1.8350	-5		2	
368	1.8400	-5		1	
369	1.8450	-4		1	
370	1.8500	-4		0	
371	1.8550	-4		0	
372	1.8600	-4		-1	
373	1.8650	-4		-2	
374	1.8700	-4		-2	
375	1.8750	-4		-2	
376	1.8800	-4		-3	
377	1.8850	-4		-4	
378	1.8900	-4		-4	
379	1.8950	-4		-4	
380	1.9000	-4		-5	
381	1.9050	-4		-6	
382	1.9100	-4		-6	
383	1.9150	-4		-7	
384	1.9200	-3		-7	
385	1.9250	-3		-8	
386	1.9300	-3		-8	
387	1.9350	-3		-8	
388	1.9400	-3		-9	
389	1.9450	-3		-9	
390	1.9500	-2		-10	
391	1.9550	-2		-10	
392	1.9600	-2		-10	
393	1.9650	-2		-11	
394	1.9700	-2		-11	
395	1.9750	-2		-11	
396	1.9800	-2		-12	
397	1.9850	-2		-12	
398	1.9900	-2		-12	
399	1.9950	-1		-12	
400	2.0000	-1		-13	
401	2.0050	-1		-13	
402	2.0100	-1		-13	
403	2.0150	-1		-14	
404	2.0200	0		-14	
405	2.0250	0		-14	
406	2.0300	0		-14	
407	2.0350	0		-14	
408	2.0400	0		-14	
409	2.0450	0		-14	
410	2.0500	0		-14	
411	2.0550	0		-15	
412	2.0600	1		-15	
413	2.0650	1		-15	
414	2.0700	1		-15	
415	2.0750	1		-15	
416	2.0800	1		-15	
417	2.0850	1		-15	
418	2.0900	2		-15	
419	2.0950	2		-15	
420	2.1000	2		-14	
421	2.1050	2		-14	
422	2.1100	2		-14	
423	2.1150	2		-14	
424	2.1200	2		-14	
425	2.1250	2		-14	
426	2.1300	3		-14	
427	2.1350	3		-14	
428	2.1400	3		-14	
429	2.1450	3		-13	
430	2.1500	3		-13	
431	2.1550	3		-13	
432	2.1600	3		-12	
433	2.1650	4		-12	
434	2.1700	4		-12	
435	2.1750	4		-12	
436	2.1800	4		-12	
437	2.1850	4		-11	
438	2.1900	4		-11	
439	2.1950	4		-10	
440	2.2000	4		-10	
441	2.2050	4		-10	
442	2.2100	4		-9	
443	2.2150	4		-9	
444	2.2200	4		-8	
445	2.2250	4		-8	
446	2.2300	4		-8	
447	2.2350	5		-7	
448	2.2400	5		-7	
449	2.2450	5		-6	
450	2.2500	5		-6	
451	2.2550	5		-6	
452	2.2600	5		-5	
453	2.2650	5		-5	
454	2.2700	5		-4	
455	2.2750	5		-4	
456	2.2800	5		-3	
457	2.2850	5		-3	
458	2.2900	5		-2	
459	2.2950	5		-2	
460	2.3000	5		-2	
461	2.3050	5		-1	
462	2.3100	5		0	
463	2.3150	5		0	
464	2.3200	5		0	
465	2.3250	5		1	
466	2.3300	5		2	
467	2.3350	5		2	
468	2.3400	5		2	
469	2.3450	5		3	
470	2.3500	5		4	
471	2.3550	5		4	
472	2.3600	4		4	
473	2.3650	4		5	
474	2.3700	4		5	
475	2.3750	4		6	
476	2.3800	4		6	
477	2.3850	4		7	
478	2.3900	4		7	
479	2.3950	4		8	
480	2.4000	4		8	
481	2.4050	4		9	
482	2.4100	4		9	
483	2.4150	4		10	
484	2.4200	4		10	
485	2.4250	4		10	
486	2.4300	3		11	
487	2.4350	3		12	
488	2.4400	3		12	
489	2.4450	3		12	
490	2.4500	3		13	
491	2.4550	3		13	
492	2.4600	3		14	
493	2.4650	2		14	
494	2.4700	2		14	
495	2.4750	2		14	
496	2.4800	2		15	
497	2.4850	2		15	
498	2.4900	2		16	
499	2.4950	2		16	
500	2.5000	2		16	
501	2.5050	2		16	
502	2.5100	1		17	
503	2.5150	1		17	
504	2.5200	1		17	
505	2.5250	1		18	
506	2.5300	1		18	
507	2.5350	0		18	
508	2.5400	0		18	
509	2.5450	0		18	
510	2.5500	0		18	
511	2.5550	0		18	
512	2.5600	0		19	
513	2.5650	0		19	
514	2.5700	0		19	
515	2.5750	-1		19	
516	2.5800	-1		19	
517	2.5850	-1		19	
518	2.5900	-1		19	
519	2.5950	-1		19	
520	2.6000	-2		19	
521	2.6050	-2		19	
522	2.6100	-2		19	
523	2.6150	-2		19	
524	2.6200	-2		19	
525	2.6250	-2		19	
526	2.6300	-2		19	
527	2.6350	-2		18	
528	2.6400	-2		18	
529	2.6450	-3		18	
530	2.6500	-3		18	
531	2.6550	-3		18	
532	2.6600	-3		18	
533	2.6650	-3		17	
534	2.6700	-3		17	
535	2.6750	-3		17	
536	2.6800	-4		17	
537	2.6850	-4		16	
538	2.6900	-4		16	
539	2.6950	-4		16	
540	2.7000	-4		15	
541	2.7050	-4		15	
542	2.7100	-4		15	
543	2.7150	-4		14	
544	2.7200	-4		14	
545	2.7250	-4		14	
546	2.7300	-4		13	
547	2.7350	-4		13	
548	2.7400	-4		12	
549	2.7450	-4		12	
550	2.7500	-4		11	
551	2.7550	-4		11	
552	2.7600	-5		10	
553	2.7650	-5		10	
554	2.7700	-5		9	
555	2.7750	-5		9	
556	2.7800	-5		8	
557	2.7850	-5		8	
558	2.7900	-5		7	
559	2.7950	-5		7	
560	2.8000	-5		6	
561	2.8050	-5		6	
562	2.8100	-5		5	
563	2.8150	-5		4	
564	2.8200	-5		4	
565	2.8250	-5		4	
566	2.8300	-5		3	
567	2.8350	-5		2	
568	2.8400	-5		2	
569	2.8450	-5		1	
570	2.8500	-5		0	
571	2.8550	-5		0	
572	2.8600	-4		0	
573	2.8650	-4		-1	
574	2.8700	-4		-2	
575	2.8750	-4		-2	
576	2.8800	-4		-3	
577	2.8850	-4		-3	
578	2.8900	-4		-4	
579	2.8950	-4		-4	
580	2.9000	-4		-5	
581	2.9050	-4		-6	
582	2.9100	-4		-6	
583	2.9150	-4		-6	
584	2.9200	-4		-7	
585	2.9250	-4		-8	
586	2.9300	-4		-8	
587	2.9350	-3		-8	
588	2.9400	-3		-9	
589	2.9450	-3		-9	
590	2.9500	-3		-10	
591	2.9550	-3		-10	
592	2.9600	-3		-10	
593	2.9650	-2		-11	
594	2.9700	-2		-11	
595	2.9750	-2		-12	
596	2.9800	-2		-12	
597	2.9850	-2		-12	
598	2.9900	-2		-12	
599	2.9950	-2		-13	
600	3.0000	-2		-13	
601	3.0050	-2		-14	
602	3.0100	-1		-14	
603	3.0150	-1		-14	
604	3.0200	-1		-14	
605	3.0250	-1		-14	
606	3.0300	-1		-14	
607	3.0350	0		-15	
608	3.0400	0		-15	
609	3.0450	0		-15	
610	3.0500	0		-15	
611	3.0550	0		-15	
612	3.0600	0		-15	
613	3.0650	0		-16	
614	3.0700	0		-16	
615	3.0750	1		-16	
616	3.0800	1		-16	
617	3.0850	1		-16	
618	3.0900	1		-16	
619	3.0950	1		-16	
620	3.1000	1		-16	
621	3.1050	2		-15	
622	3.1100	2		-15	
623	3.1150	2		-15	
624	3.1200	2		-15	
625	3.1250	2		-15	
626	3.1300	2		-15	
627	3.1350	2		-15	
628	3.1400	2		-14	
629	3.1450	3		-14	
630	3.1500	3		-14	
631	3.1550	3		-14	
632	3.1600	3		-14	
633	3.1650	3		-13	
634	3.1700	3		-13	
635	3.1750	3		-13	
636	3.1800	4		-12	
637	3.1850	4		-12	
638	3.1900	4		-12	
639	3.1950	4		-12	
640	3.2000	4		-11	
641	3.2050	4		-11	
642	3.2100	4		-10	
643	3.2150	4		-10	
644	3.2200	4		-10	
645	3.2250	4		-9	
646	3.2300	4		-9	
647	3.2350	4		-8	
648	3.2400	4		-8	
649	3.2450	4		-8	
650	3.2500	5		-7	
651	3.2550	5		-7	
652	3.2600	5		-6	
653	3.2650	5		-6	
654	3.2700	5		-5	
655	3.2750	5		-5	
656	3.2800	5		-4	
657	3.2850	5		-4	
658	3.2900	5		-4	
659	3.2950	5		-3	
660	3.3000	5		-2	
661	3.3050	5		-2	
662	3.3100	5		-1	
663	3.3150	5		-1	
664	3.3200	5		0	
665	3.3250	5		0	
666	3.3300	5		1	
667	3.3350	5		1	
668	3.3400	5		2	
669	3.3450	5		2	
670	3.3500	5		3	
671	3.3550	5		3	
672	3.3600	5		4	
673	3.3650	5		4	
674	3.3700	5		5	
675	3.3750	4		5	
676	3.3800	4		6	
677	3.3850	4		6	
678	3.3900	4		7	
679	3.3950	4		7	
680	3.4000	4		8	
681	3.4050	4		8	
682	3.4100	4		9	
683	3.4150	4		9	
684	3.4200	4		10	
685	3.4250	4		10	
686	3.4300	4		11	
687	3.4350	4		11	
688	3.4400	4		12	
689	3.4450	4		12	
690	3.4500	3		12	
691	3.4550	3		13	
692	3.4600	3		13	
693	3.4650	3		14	
694	3.4700	3		14	
695	3.4750	3		14	
696	3.4800	2		15	
697	3.4850	2		15	
698	3.4900	2		16	
699	3.4950	2		16	
700	3.5000	2		16	
701	3.5050	2		16	
702	3.5100	2		17	
703	3.5150	2		17	
704	3.5200	2		17	
705	3.5250	1		18	
706	3.5300	1		18	
707	3.5350	1		18	
708	3.5400	1		18	
709	3.5450	1		18	
710	3.5500	0		19	
711	3.5550	0		19	
712	3.5600	0		19	
713	3.5650	0		19	
714	3.5700	0		19	
715	3.5750	0		19	
716	3.5800	0		20	
717	3.5850	0		20	
718	3.5900	0		20	
719	3.5950	-1		20	
720	3.6000	-1		20	
721	3.6050	-1		20	
722	3.6100	-1		20	
723	3.6150	-1		20	
724	3.6200	-2		20	
725	3.6250	-2		20	
726	3.6300	-2		19	
727	3.6350	-2		19	
728	3.6400	-2		19	
729	3.6450	-2		19	
730	3.6500	-2		19	
731	3.6550	-2		19	
732	3.6600	-2		18	
733	3.6650	-3		18	
734	3.6700	-3		18	
735	3.6750	-3		18	
736	3.6800	-3		18	
737	3.6850	-3		17	
738	3.6900	-3		17	
739	3.6950	-4		17	
740	3.7000	-4		16	
741	3.7050	-4		16	
742	3.7100	-4		16	
743	3.7150	-4		15	
744	3.7200	-4		15	
745	3.7250	-4		14	
746	3.7300	-4		14	
747	3.7350	-4		14	
748	3.7400	-4		13	
749	3.7450	-4		13	
750	3.7500	-4		12	
751	3.7550	-4		12	
752	3.7600	-4		12	
753	3.7650	-4		11	
754	3.7700	-4		10	
755	3.7750	-5		10	
756	3.7800	-5		10	
757	3.7850	-5		9	
758	3.7900	-5		8	
759	3.7950	-5		8	
760	3.8000	-5		7	
761	3.8050	-5		7	
762	3.8100	-5		6	
763	3.8150	-5		6	
764	3.8200	-5		5	
765	3.8250	-5		4	
766	3.8300	-5		4	
767	3.8350	-5		3	
768	3.8400	-5		3	
769	3.8450	-5		2	
770	3.8500	-5		2	
771	3.8550	-5		1	
772	3.8600	-5		0	
773	3.8650	-5		0	
774	3.8700	-5		-1	
775	3.8750	-4		-2	
776	3.8800	-4		-2	
777	3.8850	-4		-2	
778	3.8900	-4		-3	
779	3.8950	-4		-4	
780	3.9000	-4		-4	
781	3.9050	-4		-5	
782	3.9100	-4		-6	
783	3.9150	-4		-6	
784	3.9200	-4		-6	
785	3.9250	-4		-7	
786	3.9300	-4		-8	
787	3.9350	-4		-8	
788	3.9400	-4		-8	
789	3.9450	-4		-9	
790	3.9500	-3		-10	
791	3.9550	-3		-10	
792	3.9600	-3		-10	
793	3.9650	-3		-11	
794	3.9700	-3		-11	
795	3.9750	-3		-12	
796	3.9800	-3		-12	
797	3.9850	-2		-12	
798	3.9900	-2		-12	
799	3.9950	-2		-13	
800	4.0000	-2		-13	
801	4.0050	-2		-14	
802	4.0100	-2		-14	
803	4.0150	-2		-14	
804	4.0200	-2		-14	
805	4.0250	-2		-15	
806	4.0300	-1		-15	
807	4.0350	-1		-15	
808	4.0400	-1		-15	
809	4.0450	-1		-16	
810	4.0500	-1		-16	
811	4.0550	0		-16	
812	4.0600	0		-16	
813	4.0650	0		-16	
814	4.0700	0		-16	
815	4.0750	0		-16	
816	4.0800	0		-16	
817	4.0850	0		-16	
818	4.0900	0		-16	
819	4.0950	1		-16	
820	4.1000	1		-16	
821	4.1050	1		-16	
822	4.1100	1		-16	
823	4.1150	1		-16	
824	4.1200	2		-16	
825	4.1250	2		-16	
826	4.1300	2		-16	
827	4.1350	2		-16	
828	4.1400	2		-16	
829	4.1450	2		-16	
830	4.1500	2		-15	
831	4.1550	2		-15	
832	4.1600	2		-15	
833	4.1650	3		-15	
834	4.1700	3		-14	
835	4.1750	3		-14	
836	4.1800	3		-14	
837	4.1850	3		-14	
838	4.1900	3		-13	
839	4.1950	3		-13	
840	4.2000	4		-12	
841	4.2050	4		-12	
842	4.2100	4		-12	
843	4.2150	4		-12	
844	4.2200	4		-11	
845	4.2250	4		-11	
846	4.2300	4		-10	
847	4.2350	4		-10	
848	4.2400	4		-10	
849	4.2450	4		-9	
850	4.2500	4		-9	
851	4.2550	4		-8	
852	4.2600	4		-8	
853	4.2650	4		-7	
854	4.2700	5		-7	
855	4.2750	5		-6	
856	4.2800	5		-6	
857	4.2850	5		-5	
858	4.2900	5		-5	
859	4.2950	5		-4	
860	4.3000	5		-4	
861	4.3050	5		-3	
862	4.3100	5		-3	
863	4.3150	5		-2	
864	4.3200	5		-2	
865	4.3250	5		-1	
866	4.3300	5		0	
867	4.3350	5		0	
868	4.3400	5		0	
869	4.3450	5		1	
870	4.3500	5		2	
871	4.3550	5		2	
872	4.3600	5		2	
873	4.3650	5		3	
874	4.3700	5		4	
875	4.3750	5		4	
876	4.3800	5		5	
877	4.3850	5		5	
878	4.3900	5		6	
879	4.3950	4		6	
880	4.4000	4		7	
881	4.4050	4		7	
882	4.4100	4		8	
883	4.4150	4		8	
884	4.4200	4		9	
885	4.4250	4		10	
886	4.4300	4		10	
887	4.4350	4		10	
888	4.4400	4		11	
889	4.4450	4		11	
890	4.4500	4		12	
891	4.4550	4		12	
892	4.4600	4		13	
893	4.4650	3		13	
894	4.4700	3		14	
895	4.4750	3		14	
896	4.4800	3		14	
897	4.4850	3		15	
898	4.4900	3		15	
899	4.4950	3		16	
900	4.5000	2		16	
901	4.5050	2		16	
902	4.5100	2		17	
903	4.5150	2		17	
904	4.5200	2		17	
905	4.5250	2		18	
906	4.5300	2		18	
907	4.5350	2		18	
908	4.5400	1		18	
909	4.5450	1		19	
910	4.5500	1		19	
911	4.5550	1		19	
912	4.5600	1		19	
913	4.5650	1		20	
914	4.5700	0		20	
915	4.5750	0		20	
916	4.5800	0		20	
917	4.5850	0		20	
918	4.5900	0		20	
919	4.5950	0		20	
920	4.6000	0		20	
921	4.6050	0		20	
922	4.6100	-1		20	
923	4.6150	-1		20	
924	4.6200	-1		20	
925	4.6250	-1		20	
926	4.6300	-1		20	
927	4.6350	-2		20	
928	4.6400	-2		20	
929	4.6450	-2		20	
930	4.6500	-2		20	
931	4.6550	-2		20	
932	4.6600	-2		20	
933	4.6650	-2		20	
934	4.6700	-2		19	
935	4.6750	-2		19	
936	4.6800	-3		19	
937	4.6850	-3		18	
938	4.6900	-3		18	
939	4.6950	-3		18	
940	4.7000	-3		18	
941	4.7050	-3		18	
942	4.7100	-3		17	
943	4.7150	-4		17	
944	4.7200	-4		16	
945	4.7250	-4		16	
946	4.7300	-4		16	
947	4.7350	-4		15	
948	4.7400	-4		15	
949	4.7450	-4		14	
950	4.7500	-4		14	
951	4.7550	-4		14	
952	4.7600	-4		13	
953	4.7650	-4		12	
954	4.7700	-4		12	
955	4.7750	-4		12	
956	4.7800	-4		11	
957	4.7850	-4		10	
958	4.7900	-4		10	
959	4.7950	-5		10	
960	4.8000	-5		9	
961	4.8050	-5		8	
962	4.8100	-5		8	
963	4.8150	-5		7	
964	4.8200	-5		6	
965	4.8250	-5		6	
966	4.8300	-5		5	
967	4.8350	-5		5	
968	4.8400	-5		4	
969	4.8450	-5		4	
970	4.8500	-5		3	
971	4.8550	-5		2	
972	4.8600	-5		2	
973	4.8650	-5		1	
974	4.8700	-5		0	
975	4.8750	-5		0	
976	4.8800	-5		-1	
977	4.8850	-5		-1	
978	4.8900	-4		-2	
979	4.8950	-4		-2	
980	4.9000	-4		-3	
981	4.9050	-4		-4	
982	4.9100	-4		-4	
983	4.9150	-4		-5	
984	4.9200	-4		-6	
985	4.9250	-4		-6	
986	4.9300	-4		-6	
987	4.9350	-4		-7	
988	4.9400	-4		-8	
989	4.9450	-4		-8	
990	4.9500	-4		-9	
991	4.9550	-4		-9	
992	4.9600	-4		-10	
993	4.9650	-3		-10	
994	4.9700	-3		-10	
995	4.9750	-3		-11	
996	4.9800	-3		-11	
997	4.9850	-3		-12	
998	4.9900	-3		-12	
999	4.9950	-3		-12	
1000	5.0000	-2		-13	
1001	5.0050	-2		-13	
1002	5.0100	-2		-14	
1003	5.0150	-2		-14	
1004	5.0200	-2		-14	
1005	5.0250	-2		-15	
1006	5.0300	-2		-15	
1007	5.0350	-2		-15	
1008	5.0400	-2		-16	
1009	5.0450	-1		-16	
1010	5.0500	-1		-16	
1011	5.0550	-1		-16	
1012	5.0600	-1		-16	
1013	5.0650	-1		-16	
1014	5.0700	0		-16	
1015	5.0750	0		-17	
1016	5.0800	0		-17	
1017	5.0850	0		-17	
1018	5.0900	0		-17	
1019	5.0950	0		-17	
1020	5.1000	0		-17	
1021	5.1050	0		-17	
1022	5.1100	1		-17	
1023	5.1150	1		-17	
1024	5.1200	1		-17	
1025	5.1250	1		-17	
1026	5.1300	1		-17	
1027	5.1350	1		-17	
1028	5.1400	2		-17	
1029	5.1450	2		-16	
1030	5.1500	2		-16	
1031	5.1550	2		-16	
1032	5.1600	2		-16	
1033	5.1650	2		-16	
1034	5.1700	2		-16	
1035	5.1750	2		-16	
1036	5.1800	3		-15	
1037	5.1850	3		-15	
1038	5.1900	3		-15	
1039	5.1950	3		-14	
1040	5.2000	3		-14	
1041	5.2050	3		-14	
1042	5.2100	3		-13	
1043	5.2150	4		-13	
1044	5.2200	4		-13	
1045	5.2250	4		-12	
1046	5.2300	4		-12	
1047	5.2350	4		-12	
1048	5.2400	4		-11	
1049	5.2450	4		-11	
1050	5.2500	4		-10	
1051	5.2550	4		-10	
1052	5.2600	4		-9	
1053	5.2650	4		-9	
1054	5.2700	4		-8	
1055	5.2750	4		-8	
1056	5.2800	4		-8	
1057	5.2850	5		-7	
1058	5.2900	5		-6	
1059	5.2950	5		-6	
1060	5.3000	5		-6	
1061	5.3050	5		-5	
1062	5.3100	5		-4	
1063	5.3150	5		-4	
1064	5.3200	5		-3	
1065	5.3250	5		-3	
1066	5.3300	5		-2	
1067	5.3350	5		-2	
1068	5.3400	5		-1	
1069	5.3450	5		0	
1070	5.3500	5		0	
1071	5.3550	5		0	
1072	5.3600	5		1	
1073	5.3650	5		2	
1074	5.3700	5		2	
1075	5.3750	5		3	
1076	5.3800	5		3	
1077	5.3850	5		4	
1078	5.3900	5		4	
1079	5.3950	5		5	
1080	5.4000	5		6	
1081	5.4050	5		6	
1082	5.4100	4		7	
1083	5.4150	4		7	
1084	5.4200	4		8	
1085	5.4250	4		8	
1086	5.4300	4		9	
1087	5.4350	4		9	
1088	5.4400	4		10	
1089	5.4450	4		10	
1090	5.4500	4		11	
1091	5.4550	4		11	
1092	5.4600	4		12	
1093	5.4650	4		12	
1094	5.4700	4		13	
1095	5.4750	4		13	
1096	5.4800	4		14	
1097	5.4850	3		14	
1098	5.4900	3		15	
1099	5.4950	3		15	
1100	5.5000	3		16	
1101	5.5050	3		16	
1102	5.5100	3		16	
1103	5.5150	2		17	
1104	5.5200	2		17	
1105	5.5250	2		17	
1106	5.5300	2		18	
1107	5.5350	2		18	
1108	5.5400	2		18	
1109	5.5450	2		19	
1110	5.5500	2		19	
1111	5.5550	2		19	
1112	5.5600	1		20	
1113	5.5650	1		20	
1114	5.5700	1		20	
1115	5.5750	1		20	
1116	5.5800	1		20	
1117	5.5850	0		20	
1118	5.5900	0		20	
1119	5.5950	0		21	
1120	5.6000	0		21	
1121	5.6050	0		21	
1122	5.6100	0		21	
1123	5.6150	0		21	
1124	5.6200	0		21	
1125	5.6250	-1		21	
1126	5.6300	-1		21	
1127	5.6350	-1		21	
1128	5.6400	-1		21	
1129	5.6450	-1		21	
1130	5.6500	-2		21	
1131	5.6550	-2		21	
1132	5.6600	-2		21	
1133	5.6650	-2		21	
1134	5.6700	-2		20	
1135	5.6750	-2		20	
1136	5.6800	-2		20	
1137	5.6850	-2		20	
1138	5.6900	-2		20	
1139	5.6950	-2		20	
1140	5.7000	-3		19	
1141	5.7050	-3		19	
1142	5.7100	-3		19	
1143	5.7150	-3		18	
1144	5.7200	-3		18	
1145	5.7250	-3		18	
1146	5.7300	-4		17	
1147	5.7350	-4		17	
1148	5.7400	-4		16	
1149	5.7450	-4		16	
1150	5.7500	-4		16	
1151	5.7550	-4		15	
1152	5.7600	-4		15	
1153	5.7650	-4		14	
1154	5.7700	-4		14	
1155	5.7750	-4		14	
1156	5.7800	-4		13	
1157	5.7850	-4		12	
1158	5.7900	-4		12	
1159	5.7950	-4		12	
1160	5.8000	-4		11	
1161	5.8050	-4		10	
1162	5.8100	-5		10	
1163	5.8150	-5		9	
1164	5.8200	-5		8	
1165	5.8250	-5		8	
1166	5.8300	-5		8	
1167	5.8350	-5		7	
1168	5.8400	-5		6	
1169	5.8450	-5		6	
1170	5.8500	-5		5	
1171	5.8550	-5		4	
1172	5.8600	-5		4	
1173	5.8650	-5		3	
1174	5.8700	-5		2	
1175	5.8750	-5		2	
1176	5.8800	-5		1	
1177	5.8850	-5		0	
1178	5.8900	-5		0	
1179	5.8950	-5		-1	
1180	5.9000	-5		-1	
1181	5.9050	-5		-2	
1182	5.9100	-4		-2	
1183	5.9150	-4		-3	
1184	5.9200	-4		-4	
1185	5.9250	-4		-4	
1186	5.9300	-4		-5	
1187	5.9350	-4		-6	
1188	5.9400	-4		-6	
1189	5.9450	-4		-7	
1190	5.9500	-4		-7	
1191	5.9550	-4		-8	
1192	5.9600	-4		-8	
1193	5.9650	-4		-9	
1194	5.9700	-4		-9	
1195	5.9750	-4		-10	
1196	5.9800	-4		-10	
1197	5.9850	-3		-11	
1198	5.9900	-3		-11	
1199	5.9950	-3		-12	
1200	6.0000	-3		-12	
1201	6.0050	-3		-12	
1202	6.0100	-3		-13	
1203	6.0150	-2		-13	
1204	6.0200	-2		-14	
1205	6.0250	-2		-14	
1206	6.0300	-2		-14	
1207	6.0350	-2		-15	
1208	6.0400	-2		-15	
1209	6.0450	-2		-16	
1210	6.0500	-2		-16	
1211	6.0550	-2		-16	
1212	6.0600	-1		-16	
1213	6.0650	-1		-16	
1214	6.0700	-1		-16	
1215	6.0750	-1		-17	
1216	6.0800	-1		-17	
1217	6.0850	-1		-17	
1218	6.0900	0		-17	
1219	6.0950	0		-17	
1220	6.1000	0		-18	
1221	6.1050	0		-18	
1222	6.1100	0		-18	
1223	6.1150	0		-18	
1224	6.1200	0		-18	
1225	6.1250	0		-18	
1226	6.1300	1		-18	
1227	6.1350	1		-18	
1228	6.1400	1		-18	
1229	6.1450	1		-18	
1230	6.1500	1		-17	
1231	6.1550	2		-17	
1232	6.1600	2		-17	
1233	6.1650	2		-17	
1234	6.1700	2		-17	
1235	6.1750	2		-17	
1236	6.1800	2		-16	
1237	6.1850	2		-16	
1238	6.1900	2		-16	
1239	6.1950	2		-16	
1240	6.2000	3		-16	
1241	6.2050	3		-15	
1242	6.2100	3		-15	
1243	6.2150	3		-14	
1244	6.2200	3		-14	
1245	6.2250	3		-14	
1246	6.2300	4		-14	
1247	6.2350	4		-13	
1248	6.2400	4		-13	
1249	6.2450	4		-12	
1250	6.2500	4		-12	
1251	6.2550	4		-12	
1252	6.2600	4		-11	
1253	6.2650	4		-11	
1254	6.2700	4		-10	
1255	6.2750	4		-10	
1256	6.2800	4		-9	
1257	6.2850	4		-9	
1258	6.2900	4		-8	
1259	6.2950	4		-8	
1260	6.3000	4		-7	
1261	6.3050	5		-7	
1262	6.3100	5		-6	
1263	6.3150	5		-6	
1264	6.3200	5		-5	
1265	6.3250	5		-4	
1266	6.3300	5		-4	
1267	6.3350	5		-3	
1268	6.3400	5		-3	
1269	6.3450	5		-2	
1270	6.3500	5		-2	
1271	6.3550	5		-1	
1272	6.3600	5		0	
1273	6.3650	5		0	
1274	6.3700	5		1	
1275	6.3750	5		1	
1276	6.3800	5		2	
1277	6.3850	5		2	
1278	6.3900	5		3	
1279	6.3950	5		4	
1280	6.4000	5		4	
1281	6.4050	5		5	
1282	6.4100	5		5	
1283	6.4150	5		6	
1284	6.4200	5		6	
1285	6.4250	5		7	
1286	6.4300	4		8	
1287	6.4350	4		8	
1288	6.4400	4		9	
1289	6.4450	4		9	
1290	6.4500	4		10	
1291	6.4550	4		10	
1292	6.4600	4		11	
1293	6.4650	4		12	
1294	6.4700	4		12	
1295	6.4750	4		12	
1296	6.4800	4		13	
1297	6.4850	4		14	
1298	6.4900	4		14	
1299	6.4950	4		14	
1300	6.5000	3		15	
1301	6.5050	3		15	
1302	6.5100	3		16	
1303	6.5150	3		16	
1304	6.5200	3		17	
1305	6.5250	3		17	
1306	6.5300	2		18	
1307	6.5350	2		18	
1308	6.5400	2		18	
1309	6.5450	2		18	
1310	6.5500	2		19	
1311	6.5550	2		19	
1312	6.5600	2		20	
1313	6.5650	2		20	
1314	6.5700	2		20	
1315	6.5750	1		20	
1316	6.5800	1		21	
1317	6.5850	1		21	
1318	6.5900	1		21	
1319	6.5950	1		21	
1320	6.6000	0		21	
1321	6.6050	0		22	
1322	6.6100	0		22	
1323	6.6150	0		22	
1324	6.6200	0		22	
1325	6.6250	0		22	
1326	6.6300	0		22	
1327	6.6350	0		22	
1328	6.6400	0		22	
1329	6.6450	-1		22	
1330	6.6500	-1		22	
1331	6.6550	-1		22	
1332	6.6600	-1		22	
1333	6.6650	-1		22	
1334	6.6700	-2		22	
1335	6.6750	-2		22	
1336	6.6800	-2		22	
1337	6.6850	-2		21	
1338	6.6900	-2		21	
1339	6.6950	-2		21	
1340	6.7000	-2		21	
1341	6.7050	-2		20	
1342	6.7100	-2		20	
1343	6.7150	-3		20	
1344	6.7200	-3		20	
1345	6.7250	-3		20	
1346	6.7300	-3		19	
1347	6.7350	-3		19	
1348	6.7400	-3		18	
1349	6.7450	-4		18	
1350	6.7500	-4		18	
1351	6.7550	-4		17	
1352	6.7600	-4		17	
1353	6.7650	-4		16	
1354	6.7700	-4		16	
1355	6.7750	-4		16	
1356	6.7800	-4		15	
1357	6.7850	-4		14	
1358	6.7900	-4		14	
1359	6.7950	-4		14	
1360	6.8000	-4		13	
1361	6.8050	-4		12	
1362	6.8100	-4		12	
1363	6.8150	-4		11	
1364	6.8200	-4		11	
1365	6.8250	-5		10	
1366	6.8300	-5		10	
1367	6.8350	-5		9	
1368	6.8400	-5		8	
1369	6.8450	-5		8	
1370	6.8500	-5		7	
1371	6.8550	-5		6	
1372	6.8600	-5		6	
1373	6.8650	-5		5	
1374	6.8700	-5		4	
1375	6.8750	-5		4	
1376	6.8800	-5		3	
1377	6.8850	-5		2	
1378	6.8900	-5		2	
1379	6.8950	-5		1	
1380	6.9000	-5		0	
1381	6.9050	-5		0	
1382	6.9100	-5		-1	
1383	6.9150	-5		-2	
1384	6.9200	-5		-2	
1385	6.9250	-4		-3	
1386	6.9300	-4		-4	
1387	6.9350	-4		-4	
1388	6.9400	-4		-5	
1389	6.9450	-4		-5	
1390	6.9500	-4		-6	
1391	6.9550	-4		-6	
1392	6.9600	-4		-7	
1393	6.9650	-4		-8	
1394	6.9700	-4		-8	
1395	6.9750	-4		-9	
1396	6.9800	-4		-9	
1397	6.9850	-4		-10	
1398	6.9900	-4		-10	
1399	6.9950	-4		-11	
1400	7.0000	-3		-12	
1401	7.0050	-3		-12	
1402	7.0100	-3		-12	
1403	7.0150	-3		-13	
1404	7.0200	-3		-13	
1405	7.0250	-3		-14	
1406	7.0300	-3		-14	
1407	7.0350	-2		-14	
1408	7.0400	-2		-15	
1409	7.0450	-2		-15	
1410	7.0500	-2		-16	
1411	7.0550	-2		-16	
1412	7.0600	-2		-16	
1413	7.0650	-2		-16	
1414	7.0700	-2		-17	
1415	7.0750	-2		-17	
1416	7.0800	-1		-17	
1417	7.0850	-1		-18	
1418	7.0900	-1		-18	
1419	7.0950	-1		-18	
1420	7.1000	-1		-18	
1421	7.1050	0		-18	
1422	7.1100	0		-18	
1423	7.1150	0		-18	
1424	7.1200	0		-18	
1425	7.1250	0		-18	
1426	7.1300	0		-18	
1427	7.1350	0		-18	
1428	7.1400	0		-18	
1429	7.1450	1		-18	
1430	7.1500	1		-18	
1431	7.1550	1		-18	
1432	7.1600	1		-18	
1433	7.1650	1		-18	
1434	7.1700	1		-18	
1435	7.1750	2		-18	
1436	7.1800	2		-18	
1437	7.1850	2		-18	
1438	7.1900	2		-18	
1439	7.1950	2		-18	
1440	7.2000	2		-17	
1441	7.2050	2		-17	
1442	7.2100	2		-17	
1443	7.2150	3		-16	
1444	7.2200	3		-16	
1445	7.2250	3		-16	
1446	7.2300	3		-16	
1447	7.2350	3		-15	
1448	7.2400	3		-15	
1449	7.2450	3		-14	
1450	7.2500	4		-14	
1451	7.2550	4		-14	
1452	7.2600	4		-13	
1453	7.2650	4		-13	
1454	7.2700	4		-12	
1455	7.2750	4		-12	
1456	7.2800	4		-12	
1457	7.2850	4		-11	
1458	7.2900	4		-10	
1459	7.2950	4		-10	
1460	7.3000	4		-10	
1461	7.3050	4		-9	
1462	7.3100	4		-8	
1463	7.3150	4		-8	
1464	7.3200	5		-7	
1465	7.3250	5		-7	
1466	7.3300	5		-6	
1467	7.3350	5		-6	
1468	7.3400	5		-5	
1469	7.3450	5		-4	
1470	7.3500	5		-4	
1471	7.3550	5		-3	
1472	7.3600	5		-2	
1473	7.3650	5		-2	
1474	7.3700	5		-1	
1475	7.3750	5		-1	
1476	7.3800	5		0	
1477	7.3850	5		0	
1478	7.3900	5		1	
1479	7.3950	5		2	
1480	7.4000	5		2	
1481	7.4050	5		3	
1482	7.4100	5		4	
1483	7.4150	5		4	
1484	7.4200	5		5	
1485	7.4250	5		5	
1486	7.4300	5		6	
1487	7.4350	5		6	
1488	7.4400	5		7	
1489	7.4450	4		8	
1490	7.4500	4		8	
1491	7.4550	4		9	
1492	7.4600	4		10	
1493	7.4650	4		10	
1494	7.4700	4		10	
1495	7.4750	4		11	
1496	7.4800	4		12	
1497	7.4850	4		12	
1498	7.4900	4		13	
1499	7.4950	4		13	
1500	7.5000	4		14	
1501	7.5050	4		14	
1502	7.5100	4		15	
1503	7.5150	3		15	
1504	7.5200	3		16	
1505	7.5250	3		16	
1506	7.5300	3		17	
1507	7.5350	3		17	
1508	7.5400	3		18	
1509	7.5450	3		18	
1510	7.5500	2		18	
1511	7.5550	2		19	
1512	7.5600	2		19	
1513	7.5650	2		20	
1514	7.5700	2		20	
1515	7.5750	2		20	
1516	7.5800	2		20	
1517	7.5850	2		21	
1518	7.5900	2		21	
1519	7.5950	1		21	
1520	7.6000	1		22	
1521	7.6050	1		22	
1522	7.6100	1		22	
1523	7.6150	1		22	
1524	7.6200	0		22	
1525	7.6250	0		22	
1526	7.6300	0		22	
1527	7.6350	0		22	
1528	7.6400	0		23	
1529	7.6450	0		23	
1530	7.6500	0		23	
1531	7.6550	0		23	
1532	7.6600	-1		23	
1533	7.6650	-1		23	
1534	7.6700	-1		23	
1535	7.6750	-1		23	
1536	7.6800	-1		23	
1537	7.6850	-2		22	
1538	7.6900	-2		22	
1539	7.6950	-2		22	
1540	7.7000	-2		22	
1541	7.7050	-2		22	
1542	7.7100	-2		22	
1543	7.7150	-2		22	
1544	7.7200	-2		21	
1545	7.7250	-2		21	
1546	7.7300	-3		21	
1547	7.7350	-3		20	
1548	7.7400	-3		20	
1549	7.7450	-3		20	
1550	7.7500	-3		20	
1551	7.7550	-3		19	
1552	7.7600	-3		19	
1553	7.7650	-4		18	
1554	7.7700	-4		18	
1555	7.7750	-4		18	
1556	7.7800	-4		17	
1557	7.7850	-4		16	
1558	7.7900	-4		16	
1559	7.7950	-4		16	
1560	7.8000	-4		15	
1561	7.8050	-4		14	
1562	7.8100	-4		14	
1563	7.8150	-4		14	
1564	7.8200	-4		13	
1565	7.8250	-4		12	
1566	7.8300	-4		12	
1567	7.8350	-4		11	
1568	7.8400	-4		10	
1569	7.8450	-5		10	
1570	7.8500	-5		9	
1571	7.8550	-5		9	
1572	7.8600	-5		8	
1573	7.8650	-5		7	
1574	7.8700	-5		7	
1575	7.8750	-5		6	
1576	7.8800	-5		5	
1577	7.8850	-5		5	
1578	7.8900	-5		4	
1579	7.8950	-5		3	
1580	7.9000	-5		3	
1581	7.9050	-5		2	
1582	7.9100	-5		1	
1583	7.9150	-5		0	
1584	7.9200	-5		0	
1585	7.9250	-5		-1	
1586	7.9300	-5		-2	
1587	7.9350	-5		-2	
1588	7.9400	-4		-3	
1589	7.9450	-4		-4	
1590	7.9500	-4		-4	
1591	7.9550	-4		-5	
1592	7.9600	-4		-5	
1593	7.9650	-4		-6	
1594	7.9700	-4		-6	
1595	7.9750	-4		-7	
1596	7.9800	-4		-8	
1597	7.9850	-4		-8	
1598	7.9900	-4		-9	
1599	7.9950	-4		-10	
1600	8.0000	-4		-10	
1601	8.0050	-4		-11	
1602	8.0100	-4		-11	
1603	8.0150	-3		-12	
1604	8.0200	-3		-12	
1605	8.0250	-3		-13	
1606	8.0300	-3		-13	
1607	8.0350	-3		-14	
1608	8.0400	-3		-14	
1609	8.0450	-3		-14	
1610	8.0500	-2		-15	
1611	8.0550	-2		-15	
1612	8.0600	-2		-16	
1613	8.0650	-2		-16	
1614	8.0700	-2		-16	
1615	8.0750	-2		-17	
1616	8.0800	-2		-17	
1617	8.0850	-2		-17	
1618	8.0900	-2		-18	
1619	8.0950	-1		-18	
1620	8.1000	-1		-18	
1621	8.1050	-1		-18	
1622	8.1100	-1		-18	
1623	8.1150	-1		-19	
1624	8.1200	0		-19	
1625	8.1250	0		-19	
1626	8.1300	0		-19	
1627	8.1350	0		-19	
1628	8.1400	0		-19	
1629	8.1450	0		-19	
1630	8.1500	0		-19	
1631	8.1550	0		-19	
1632	8.1600	1		-19	
1633	8.1650	1		-19	
1634	8.1700	1		-19	
1635	8.1750	1		-19	
1636	8.1800	1		-19	
1637	8.1850	1		-19	
1638	8.1900	2		-19	
1639	8.1950	2		-19	
1640	8.2000	2		-18	
1641	8.2050	2		-18	
1642	8.2100	2		-18	
1643	8.2150	2		-18	
1644	8.2200	2		-18	
1645	8.2250	2		-17	
1646	8.2300	3		-17	
1647	8.2350	3		-17	
1648	8.2400	3		-16	
1649	8.2450	3		-16	
1650	8.2500	3		-16	
1651	8.2550	3		-16	
1652	8.2600	3		-15	
1653	8.2650	4		-15	
1654	8.2700	4		-14	
1655	8.2750	4		-14	
1656	8.2800	4		-13	
1657	8.2850	4		-13	
1658	8.2900	4		-12	
1659	8.2950	4		-12	
1660	8.3000	4		-11	
1661	8.3050	4		-11	
1662	8.3100	4		-10	
1663	8.3150	4		-10	
1664	8.3200	4		-9	
1665	8.3250	4		-9	
1666	8.3300	4		-8	
1667	8.3350	5		-8	
1668	8.3400	5		-7	
1669	8.3450	5		-6	
1670	8.3500	5		-6	
1671	8.3550	5		-5	
1672	8.3600	5		-4	
1673	8.3650	5		-4	
1674	8.3700	5		-3	
1675	8.3750	5		-3	
1676	8.3800	5		-2	
1677	8.3850	5		-2	
1678	8.3900	5		-1	
1679	8.3950	5		0	
1680	8.4000	5		0	
1681	8.4050	5		1	
1682	8.4100	5		2	
1683	8.4150	5		2	
1684	8.4200	5		3	
1685	8.4250	5		4	
1686	8.4300	5		4	
1687	8.4350	5		5	
1688	8.4400	5		6	
1689	8.4450	5		6	
1690	8.4500	5		7	
1691	8.4550	5		7	
1692	8.4600	4		8	
1693	8.4650	4		9	
1694	8.4700	4		9	
1695	8.4750	4		10	
1696	8.4800	4		10	
1697	8.4850	4		11	
1698	8.4900	4		12	
1699	8.4950	4		12	
1700	8.5000	4		13	
1701	8.5050	4		13	
1702	8.5100	4		14	
1703	8.5150	4		14	
1704	8.5200	4		15	
1705	8.5250	4		16	
1706	8.5300	3		16	
1707	8.5350	3		16	
1708	8.5400	3		17	
1709	8.5450	3		17	
1710	8.5500	3		18	
1711	8.5550	3		18	
1712	8.5600	3		19	
1713	8.5650	2		19	
1714	8.5700	2		20	
1715	8.5750	2		20	
1716	8.5800	2		20	
1717	8.5850	2		21	
1718	8.5900	2		21	
1719	8.5950	2		21	
1720	8.6000	2		22	
1721	8.6050	2		22	
1722	8.6100	1		22	
1723	8.6150	1		22	
1724	8.6200	1		22	
1725	8.6250	1		23	
1726	8.6300	1		23	
1727	8.6350	0		23	
1728	8.6400	0		23	
1729	8.6450	0		23	
1730	8.6500	0		24	
1731	8.6550	0		24	
1732	8.6600	0		24	
1733	8.6650	0		24	
1734	8.6700	0		24	
1735	8.6750	-1		24	
1736	8.6800	-1		24	
1737	8.6850	-1		24	
1738	8.6900	-1		24	
1739	8.6950	-1		24	
1740	8.7000	-2		23	
1741	8.7050	-2		23	
1742	8.7100	-2		23	
1743	8.7150	-2		23	
1744	8.7200	-2		23	
1745	8.7250	-2		22	
1746	8.7300	-2		22	
1747	8.7350	-2		22	
1748	8.7400	-2		22	
1749	8.7450	-3		22	
1750	8.7500	-3		21	
1751	8.7550	-3		21	
1752	8.7600	-3		20	
1753	8.7650	-3		20	
1754	8.7700	-3		20	
1755	8.7750	-3		19	
1756	8.7800	-4		19	
1757	8.7850	-4		18	
1758	8.7900	-4		18	
1759	8.7950	-4		18	
1760	8.8000	-4		17	
1761	8.8050	-4		16	
1762	8.8100	-4		16	
1763	8.8150	-4		16	
1764	8.8200	-4		15	
1765	8.8250	-4		14	
1766	8.8300	-4		14	
1767	8.8350	-4		13	
1768	8.8400	-4		13	
1769	8.8450	-4		12	
1770	8.8500	-4		12	
1771	8.8550	-4		11	
1772	8.8600	-5		10	
1773	8.8650	-5		10	
1774	8.8700	-5		9	
1775	8.8750	-5		8	
1776	8.8800	-5		8	
1777	8.8850	-5		7	
1778	8.8900	-5		6	
1779	8.8950	-5		6	
1780	8.9000	-5		5	
1781	8.9050	-5		4	
1782	8.9100	-5		3	
1783	8.9150	-5		3	
1784	8.9200	-5		2	
1785	8.9250	-5		1	
1786	8.9300	-5		0	
1787	8.9350	-5		0	
1788	8.9400	-5		-1	
1789	8.9450	-5		-2	
1790	8.9500	-5		-2	
1791	8.9550	-5		-3	
1792	8.9600	-4		-4	
1793	8.9650	-4		-4	
1794	8.9700	-4		-5	
1795	8.9750	-4		-6	
1796	8.9800	-4		-6	
1797	8.9850	-4		-7	
1798	8.9900	-4		-8	
1799	8.9950	-4		-8	
1800	9.0000	-4		-9	
1801	9.0050	-4		-10	
1802	9.0100	-4		-10	
1803	9.0150	-4		-10	
1804	9.0200	-4		-11	
1805	9.0250	-4		-12	
1806	9.0300	-4		-12	
1807	9.0350	-3		-13	
1808	9.0400	-3		-13	
1809	9.0450	-3		-14	
1810	9.0500	-3		-14	
1811	9.0550	-3		-14	
1812	9.0600	-3		-15	
1813	9.0650	-2		-16	
1814	9.0700	-2		-16	
1815	9.0750	-2		-16	
1816	9.0800	-2		-17	
1817	9.0850	-2		-17	
1818	9.0900	-2		-17	
1819	9.0950	-2		-18	
1820	9.1000	-2		-18	
1821	9.1050	-2		-18	
1822	9.1100	-1		-18	
1823	9.1150	-1		-19	
1824	9.1200	-1		-19	
1825	9.1250	-1		-19	
1826	9.1300	-1		-19	
1827	9.1350	0		-20	
1828	9.1400	0		-20	
1829	9.1450	0		-20	
1830	9.1500	0		-20	
1831	9.1550	0		-20	
1832	9.1600	0		-20	
1833	9.1650	0		-20	
1834	9.1700	0		-20	
1835	9.1750	0		-20	
1836	9.1800	1		-20	
1837	9.1850	1		-20	
1838	9.1900	1		-20	
1839	9.1950	1		-20	
1840	9.2000	1		-20	
1841	9.2050	2		-20	
1842	9.2100	2		-19	
1843	9.2150	2		-19	
1844	9.2200	2		-19	
1845	9.2250	2		-19	
1846	9.2300	2		-18	
1847	9.2350	2		-18	
1848	9.2400	2		-18	
1849	9.2450	2		-18	
1850	9.2500	3		-17	
1851	9.2550	3		-17	
1852	9.2600	3		-16	
1853	9.2650	3		-16	
1854	9.2700	3		-16	
1855	9.2750	3		-15	
1856	9.2800	4		-15	
1857	9.2850	4		-14	
1858	9.2900	4		-14	
1859	9.2950	4		-14	
1860	9.3000	4		-13	
1861	9.3050	4		-12	
1862	9.3100	4		-12	
1863	9.3150	4		-12	
1864	9.3200	4		-11	
1865	9.3250	4		-10	
1866	9.3300	4		-10	
1867	9.3350	4		-9	
1868	9.3400	4		-9	
1869	9.3450	4		-8	
1870	9.3500	5		-8	
1871	9.3550	5		-7	
1872	9.3600	5		-6	
1873	9.3650	5		-6	
1874	9.3700	5		-5	
1875	9.3750	5		-4	
1876	9.3800	5		-4	
1877	9.3850	5		-3	
1878	9.3900	5		-2	
1879	9.3950	5		-2	
1880	9.4000	5		-1	
1881	9.4050	5		-1	
1882	9.4100	5		0	
1883	9.4150	5		1	
1884	9.4200	5		1	
1885	9.4250	5		2	
1886	9.4300	5		2	
1887	9.4350	5		3	
1888	9.4400	5		4	
1889	9.4450	5		4	
1890	9.4500	5		5	
1891	9.4550	5		6	
1892	9.4600	5		6	
1893	9.4650	5		7	
1894	9.4700	5		8	
1895	9.4750	5		8	
1896	9.4800	4		9	
1897	9.4850	4		10	
1898	9.4900	4		10	
1899	9.4950	4		11	
1900	9.5000	4		12	
1901	9.5050	4		12	
1902	9.5100	4		13	
1903	9.5150	4		13	
1904	9.5200	4		14	
1905	9.5250	4		14	
1906	9.5300	4		15	
1907	9.5350	4		15	
1908	9.5400	4		16	
1909	9.5450	4		16	
1910	9.5500	3		17	
1911	9.5550	3		17	
1912	9.5600	3		18	
1913	9.5650	3		18	
1914	9.5700	3		19	
1915	9.5750	3		19	
1916	9.5800	2		20	
1917	9.5850	2		20	
1918	9.5900	2		20	
1919	9.5950	2		21	
1920	9.6000	2		21	
1921	9.6050	2		22	
1922	9.6100	2		22	
1923	9.6150	2		22	
1924	9.6200	2		22	
1925	9.6250	1		23	
1926	9.6300	1		23	
1927	9.6350	1		23	
1928	9.6400	1		23	
1929	9.6450	1		24	
1930	9.6500	0		24	
1931	9.6550	0		24	
1932	9.6600	0		24	
1933	9.6650	0		24	
1934	9.6700	0		24	
1935	9.6750	0		24	
1936	9.6800	0		24	
1937	9.6850	0		24	
1938	9.6900	0		24	
1939	9.6950	-1		24	
1940	9.7000	-1		24	
1941	9.7050	-1		24	
1942	9.7100	-1		24	
1943	9.7150	-1		24	
1944	9.7200	-2		24	
1945	9.7250	-2		24	
1946	9.7300	-2		23	
1947	9.7350	-2		23	
1948	9.7400	-2		23	
1949	9.7450	-2		23	
1950	9.7500	-2		22	
1951	9.7550	-2		22	
1952	9.7600	-2		22	
1953	9.7650	-3		22	
1954	9.7700	-3		21	
1955	9.7750	-3		21	
1956	9.7800	-3		20	
1957	9.7850	-3		20	
1958	9.7900	-3		20	
1959	9.7950	-4		19	
1960	9.8000	-4		19	
1961	9.8050	-4		18	
1962	9.8100	-4		18	
1963	9.8150	-4		17	
1964	9.8200	-4		17	
1965	9.8250	-4		16	
1966	9.8300	-4		16	
1967	9.8350	-4		15	
1968	9.8400	-4		14	
1969	9.8450	-4		14	
1970	9.8500	-4		13	
1971	9.8550	-4		13	
1972	9.8600	-4		12	
1973	9.8650	-4		12	
1974	9.8700	-4		11	
1975	9.8750	-4		10	
1976	9.8800	-5		10	
1977	9.8850	-5		9	
1978	9.8900	-5		8	
1979	9.8950	-5		8	
1980	9.9000	-5		7	
1981	9.9050	-5		6	
1982	9.9100	-5		5	
1983	9.9150	-5		4	
1984	9.9200	-5		4	
1985	9.9250	-5		3	
1986	9.9300	-5		2	
1987	9.9350	-5		2	
1988	9.9400	-5		1	
1989	9.9450	-5		0	
1990	9.9500	-5		0	
1991	9.9550	-5		-1	
1992	9.9600	-5		-2	
1993	9.9650	-5		-2	
1994	9.9700	-5		-3	
1995	9.9750	-4		-4	
1996	9.9800	-4		-5	
1997	9.9850	-4		-5	
1998	9.9900	-4		-6	
1999	9.9950	-4		-7	
2000	10.0000	-4		-7	
2001	10.0050	-4		-8	
2002	10.0100	-4		-9	
2003	10.0150	-4		-9	
2004	10.0200	-4		-10	
2005	10.0250	-4		-10	
2006	10.0300	-4		-11	
2007	10.0350	-4		-12	
2008	10.0400	-4		-12	
2009	10.0450	-4		-13	
2010	10.0500	-3		-13	
2011	10.0550	-3		-14	
2012	10.0600	-3		-14	
2013	10.0650	-3		-15	
2014	10.0700	-3		-15	
2015	10.0750	-3		-16	
2016	10.0800	-3		-16	
2017	10.0850	-2		-16	
2018	10.0900	-2		-17	
2019	10.0950	-2		-17	
2020	10.1000	-2		-18	
2021	10.1050	-2		-18	
2022	10.1100	-2		-18	
2023	10.1150	-2		-18	
2024	10.1200	-2		-19	
2025	10.1250	-2		-19	
2026	10.1300	-1		-20	
2027	10.1350	-1		-20	
2028	10.1400	-1		-20	
2029	10.1450	-1		-20	
2030	10.1500	-1		-20	
2031	10.1550	0		-20	
2032	10.1600	0		-20	
2033	10.1650	0		-20	
2034	10.1700	0		-20	
2035	10.1750	0		-20	
2036	10.1800	0		-20	
2037	10.1850	0		-20	
2038	10.1900	0		-20	
2039	10.1950	1		-20	
2040	10.2000	1		-20	
2041	10.2050	1		-20	
2042	10.2100	1		-20	
2043	10.2150	1		-20	
2044	10.2200	2		-20	
2045	10.2250	2		-20	
2046	10.2300	2		-20	
2047	10.2350	2		-20	
2048	10.2400	2		-19	
2049	10.2450	2		-19	
2050	10.2500	2		-19	
2051	10.2550	2		-18	
2052	10.2600	2		-18	
2053	10.2650	3		-18	
2054	10.2700	3		-18	
2055	10.2750	3		-17	
2056	10.2800	3		-17	
2057	10.2850	3		-16	
2058	10.2900	3		-16	
2059	10.2950	3		-16	
2060	10.3000	4		-15	
2061	10.3050	4		-14	
2062	10.3100	4		-14	
2063	10.3150	4		-14	
2064	10.3200	4		-13	
2065	10.3250	4		-12	
2066	10.3300	4		-12	
2067	10.3350	4		-12	
2068	10.3400	4		-11	
2069	10.3450	4		-10	
2070	10.3500	4		-10	
2071	10.3550	4		-9	
2072	10.3600	4		-8	
2073	10.3650	5		-8	
2074	10.3700	5		-7	
2075	10.3750	5		-7	
2076	10.3800	5		-6	
2077	10.3850	5		-5	
2078	10.3900	5		-5	
2079	10.3950	5		-4	
2080	10.4000	5		-4	
2081	10.4050	5		-3	
2082	10.4100	5		-2	
2083	10.4150	5		-2	
2084	10.4200	5		-1	
2085	10.4250	5		0	
2086	10.4300	5		0	
2087	10.4350	5		1	
2088	10.4400	5		2	
2089	10.4450	5		2	
2090	10.4500	5		3	
2091	10.4550	5		4	
2092	10.4600	5		4	
2093	10.4650	5		5	
2094	10.4700	5		6	
2095	10.4750	5		6	
2096	10.4800	5		7	
2097	10.4850	5		8	
2098	10.4900	5		8	
2099	10.4950	4		9	
2100	10.5000	4		10	
2101	10.5050	4		10	
2102	10.5100	4		11	
2103	10.5150	4		12	
2104	10.5200	4		12	
2105	10.5250	4		13	
2106	10.5300	4		14	
2107	10.5350	4		14	
2108	10.5400	4		15	
2109	10.5450	4		15	
2110	10.5500	4		16	
2111	10.5550	4		16	
2112	10.5600	4		17	
2113	10.5650	3		17	
2114	10.5700	3		18	
2115	10.5750	3		18	
2116	10.5800	3		19	
2117	10.5850	3		19	
2118	10.5900	3		20	
2119	10.5950	3		20	
2120	10.6000	2		20	
2121	10.6050	2		21	
2122	10.6100	2		21	
2123	10.6150	2		22	
2124	10.6200	2		22	
2125	10.6250	2		22	
2126	10.6300	2		23	
2127	10.6350	2		23	
2128	10.6400	1		23	
2129	10.6450	1		24	
2130	10.6500	1		24	
2131	10.6550	1		24	
2132	10.6600	1		24	
2133	10.6650	0		24	
2134	10.6700	0		24	
2135	10.6750	0		24	
2136	10.6800	0		24	
2137	10.6850	0		25	
2138	10.6900	0		25	
2139	10.6950	0		25	
2140	10.7000	0		25	
2141	10.7050	0		25	
2142	10.7100	-1		25	
2143	10.7150	-1		25	
2144	10.7200	-1		25	
2145	10.7250	-1		24	
2146	10.7300	-1		24	
2147	10.7350	-2		24	
2148	10.7400	-2		24	
2149	10.7450	-2		24	
2150	10.7500	-2		24	
2151	10.7550	-2		24	
2152	10.7600	-2		23	
2153	10.7650	-2		23	
2154	10.7700	-2		23	
2155	10.7750	-2		22	
2156	10.7800	-3		22	
2157	10.7850	-3		22	
2158	10.7900	-3		21	
2159	10.7950	-3		21	
2160	10.8000	-3		20	
2161	10.8050	-3		20	
2162	10.8100	-3		20	
2163	10.8150	-4		19	
2164	10.8200	-4		19	
2165	10.8250	-4		18	
2166	10.8300	-4		18	
2167	10.8350	-4		17	
2168	10.8400	-4		17	
2169	10.8450	-4		16	
2170	10.8500	-4		16	
2171	10.8550	-4		15	
2172	10.8600	-4		14	
2173	10.8650	-4		14	
2174	10.8700	-4		13	
2175	10.8750	-4		12	
2176	10.8800	-4		12	
2177	10.8850	-4		11	
2178	10.8900	-4		10	
2179	10.8950	-5		10	
2180	10.9000	-5		9	
2181	10.9050	-5		8	
2182	10.9100	-5		8	
2183	10.9150	-5		7	
2184	10.9200	-5		6	
2185	10.9250	-5		6	
2186	10.9300	-5		5	
2187	10.9350	-5		4	
2188	10.9400	-5		3	
2189	10.9450	-5		2	
2190	10.9500	-5		2	
2191	10.9550	-5		1	
2192	10.9600	-5		0	
2193	10.9650	-5		0	
2194	10.9700	-5		-1	
2195	10.9750	-5		-2	
2196	10.9800	-5		-2	
2197	10.9850	-5		-3	
2198	10.9900	-4		-4	
2199	10.9950	-4		-5	
2200	11.0000	-4		-5	
2201	11.0050	-4		-6	
2202	11.0100	-4		-7	
2203	11.0150	-4		-8	
2204	11.0200	-4		-8	
2205	11.0250	-4		-9	
2206	11.0300	-4		-10	
2207	11.0350	-4		-10	
2208	11.0400	-4		-11	
2209	11.0450	-4		-11	
2210	11.0500	-4		-12	
2211	11.0550	-4		-12	
2212	11.0600	-4		-13	
2213	11.0650	-3		-14	
2214	11.0700	-3		-14	
2215	11.0750	-3		-14	
2216	11.0800	-3		-15	
2217	11.0850	-3		-16	
2218	11.0900	-3		-16	
2219	11.0950	-3		-16	
2220	11.1000	-2		-17	
2221	11.1050	-2		-17	
2222	11.1100	-2		-18	
2223	11.1150	-2		-18	
2224	11.1200	-2		-18	
2225	11.1250	-2		-19	
2226	11.1300	-2		-19	
2227	11.1350	-2		-20	
2228	11.1400	-2		-20	
2229	11.1450	-1		-20	
2230	11.1500	-1		-20	
2231	11.1550	-1		-20	
2232	11.1600	-1		-21	
2233	11.1650	-1		-21	
2234	11.1700	0		-21	
2235	11.1750	0		-21	
2236	11.1800	0		-21	
2237	11.1850	0		-21	
2238	11.1900	0		-21	
2239	11.1950	0		-21	
2240	11.2000	0		-21	
2241	11.2050	0		-21	
2242	11.2100	1		-21	
2243	11.2150	1		-21	
2244	11.2200	1		-21	
2245	11.2250	1		-21	
2246	11.2300	1		-21	
2247	11.2350	2		-21	
2248	11.2400	2		-21	
2249	11.2450	2		-20	
2250	11.2500	2		-20	
2251	11.2550	2		-20	
2252	11.2600	2		-20	
2253	11.2650	2		-20	
2254	11.2700	2		-19	
2255	11.2750	2		-19	
2256	11.2800	3		-19	
2257	11.2850	3		-18	
2258	11.2900	3		-18	
2259	11.2950	3		-18	
2260	11.3000	3		-17	
2261	11.3050	3		-17	
2262	11.3100	3		-16	
2263	11.3150	4		-16	
2264	11.3200	4		-15	
2265	11.3250	4		-15	
2266	11.3300	4		-14	
2267	11.3350	4		-14	
2268	11.3400	4		-13	
2269	11.3450	4		-13	
2270	11.3500	4		-12	
2271	11.3550	4		-12	
2272	11.3600	4		-11	
2273	11.3650	4		-10	
2274	11.3700	4		-10	
2275	11.3750	4		-9	
2276	11.3800	4		-8	
2277	11.3850	5		-8	
2278	11.3900	5		-7	
2279	11.3950	5		-7	
2280	11.4000	5		-6	
2281	11.4050	5		-5	
2282	11.4100	5		-5	
2283	11.4150	5		-4	
2284	11.4200	5		-3	
2285	11.4250	5		-2	
2286	11.4300	5		-2	
2287	11.4350	5		-1	
2288	11.4400	5		0	
2289	11.4450	5		0	
2290	11.4500	5		1	
2291	11.4550	5		2	
2292	11.4600	5		2	
2293	11.4650	5		3	
2294	11.4700	5		4	
2295	11.4750	5		4	
2296	11.4800	5		5	
2297	11.4850	5		6	
2298	11.4900	5		6	
2299	11.4950	5		7	
2300	11.5000	5		8	
2301	11.5050	5		8	
2302	11.5100	4		9	
2303	11.5150	4		10	
2304	11.5200	4		10	
2305	11.5250	4		11	
2306	11.5300	4		12	
2307	11.5350	4		12	
2308	11.5400	4		13	
2309	11.5450	4		14	
2310	11.5500	4		14	
2311	11.5550	4		15	
2312	11.5600	4		16	
2313	11.5650	4		16	
2314	11.5700	4		16	
2315	11.5750	4		17	
2316	11.5800	3		18	
2317	11.5850	3		18	
2318	11.5900	3		19	
2319	11.5950	3		19	
2320	11.6000	3		20	
2321	11.6050	3		20	
2322	11.6100	3		21	
2323	11.6150	2		21	
2324	11.6200	2		22	
2325	11.6250	2		22	
2326	11.6300	2		22	
2327	11.6350	2		23	
2328	11.6400	2		23	
2329	11.6450	2		23	
2330	11.6500	2		24	
2331	11.6550	2		24	
2332	11.6600	1		24	
2333	11.6650	1		24	
2334	11.6700	1		24	
2335	11.6750	1		25	
2336	11.6800	1		25	
2337	11.6850	0		25	
2338	11.6900	0		25	
2339	11.6950	0		25	
2340	11.7000	0		26	
2341	11.7050	0		26	
2342	11.7100	0		26	
2343	11.7150	0		26	
2344	11.7200	0		26	
2345	11.7250	-1		26	
2346	11.7300	-1		26	
2347	11.7350	-1		26	
2348	11.7400	-1		26	
2349	11.7450	-1		25	
2350	11.7500	-2		25	
2351	11.7550	-2		25	
2352	11.7600	-2		25	
2353	11.7650	-2		25	
2354	11.7700	-2		24	
2355	11.7750	-2		24	
2356	11.7800	-2		24	
2357	11.7850	-2		24	
2358	11.7900	-2		23	
2359	11.7950	-2		23	
2360	11.8000	-3		22	
2361	11.8050	-3		22	
2362	11.8100	-3		22	
2363	11.8150	-3		21	
2364	11.8200	-3		21	
2365	11.8250	-3		20	
2366	11.8300	-4		20	
2367	11.8350	-4		20	
2368	11.8400	-4		19	
2369	11.8450	-4		18	
2370	11.8500	-4		18	
2371	11.8550	-4		18	
2372	11.8600	-4		17	
2373	11.8650	-4		16	
2374	11.8700	-4		16	
2375	11.8750	-4		15	
2376	11.8800	-4		14	
2377	11.8850	-4		14	
2378	11.8900	-4		13	
2379	11.8950	-4		12	
2380	11.9000	-4		12	
2381	11.9050	-4		11	
2382	11.9100	-5		10	
2383	11.9150	-5		10	
2384	11.9200	-5		9	
2385	11.9250	-5		8	
2386	11.9300	-5		8	
2387	11.9350	-5		7	
2388	11.9400	-5		6	
2389	11.9450	-5		5	
2390	11.9500	-5		4	
2391	11.9550	-5		4	
2392	11.9600	-5		3	
2393	11.9650	-5		2	
2394	11.9700	-5		2	
2395	11.9750	-5		1	
2396	11.9800	-5		0	
2397	11.9850	-5		-1	
2398	11.9900	-5		-2	
2399	11.9950	-5		-2	
2400	12.0000	-5		-3	
2401	12.0050	-4		-4	
2402	12.0100	-4		-5	
2403	12.0150	-4		-5	
2404	12.0200	-4		-6	
2405	12.0250	-4		-7	
2406	12.0300	-4		-8	
2407	12.0350	-4		-8	
2408	12.0400	-4		-9	
2409	12.0450	-4		-10	
2410	12.0500	-4		-10	
2411	12.0550	-4		-11	
2412	12.0600	-4		-12	
2413	12.0650	-4		-12	
2414	12.0700	-4		-13	
2415	12.0750	-4		-13	
2416	12.0800	-4		-14	
2417	12.0850	-3		-14	
2418	12.0900	-3		-15	
2419	12.0950	-3		-16	
2420	12.1000	-3		-16	
2421	12.1050	-3		-16	
2422	12.1100	-3		-17	
2423	12.1150	-2		-18	
2424	12.1200	-2		-18	
2425	12.1250	-2		-18	
2426	12.1300	-2		-19	
2427	12.1350	-2		-19	
2428	12.1400	-2		-20	
2429	12.1450	-2		-20	
2430	12.1500	-2		-20	
2431	12.1550	-2		-20	
2432	12.1600	-1		-21	
2433	12.1650	-1		-21	
2434	12.1700	-1		-21	
2435	12.1750	-1		-21	
2436	12.1800	-1		-22	
2437	12.1850	0		-22	
2438	12.1900	0		-22	
2439	12.1950	0		-22	
2440	12.2000	0		-22	
2441	12.2050	0		-22	
2442	12.2100	0		-22	
2443	12.2150	0		-22	
2444	12.2200	0		-22	
2445	12.2250	1		-22	
2446	12.2300	1		-22	
2447	12.2350	1		-22	
2448	12.2400	1		-22	
2449	12.2450	1		-22	
2450	12.2500	1		-22	
2451	12.2550	2		-22	
2452	12.2600	2		-22	
2453	12.2650	2		-21	
2454	12.2700	2		-21	
2455	12.2750	2		-21	
2456	12.2800	2		-20	
2457	12.2850	2		-20	
2458	12.2900	2		-20	
2459	12.2950	3		-20	
2460	12.3000	3		-19	
2461	12.3050	3		-19	
2462	12.3100	3		-18	
2463	12.3150	3		-18	
2464	12.3200	3		-18	
2465	12.3250	3		-17	
2466	12.3300	4		-17	
2467	12.3350	4		-16	
2468	12.3400	4		-16	
2469	12.3450	4		-15	
2470	12.3500	4		-14	
2471	12.3550	4		-14	
2472	12.3600	4		-14	
2473	12.3650	4		-13	
2474	12.3700	4		-12	
2475	12.3750	4		-12	
2476	12.3800	4		-11	
2477	12.3850	4		-10	
2478	12.3900	4		-10	
2479	12.3950	4		-9	
2480	12.4000	5		-8	
2481	12.4050	5		-8	
2482	12.4100	5		-7	
2483	12.4150	5		-6	
2484	12.4200	5		-6	
2485	12.4250	5		-5	
2486	12.4300	5		-4	
2487	12.4350	5		-4	
2488	12.4400	5		-3	
2489	12.4450	5		-2	
2490	12.4500	5		-2	
2491	12.4550	5		-1	
2492	12.4600	5		0	
2493	12.4650	5		1	
2494	12.4700	5		1	
2495	12.4750	5		2	
2496	12.4800	5		3	
2497	12.4850	5		4	
2498	12.4900	5		4	
2499	12.4950	5		5	
2500	12.5000	5		6	
2501	12.5050	5		6	
2502	12.5100	5		7	
2503	12.5150	5		8	
2504	12.5200	5		8	
2505	12.5250	4		9	
2506	12.5300	4		10	
2507	12.5350	4		11	
2508	12.5400	4		11	
2509	12.5450	4		12	
2510	12.5500	4		13	
2511	12.5550	4		13	
2512	12.5600	4		14	
2513	12.5650	4		14	
2514	12.5700	4		15	
2515	12.5750	4		16	
2516	12.5800	4		16	
2517	12.5850	4		17	
2518	12.5900	4		18	
2519	12.5950	4		18	
2520	12.6000	3		19	
2521	12.6050	3		19	
2522	12.6100	3		20	
2523	12.6150	3		20	
2524	12.6200	3		21	
2525	12.6250	3		21	
2526	12.6300	2		22	
2527	12.6350	2		22	
2528	12.6400	2		22	
2529	12.6450	2		23	
2530	12.6500	2		23	
2531	12.6550	2		24	
2532	12.6600	2		24	
2533	12.6650	2		24	
2534	12.6700	2		24	
2535	12.6750	1		25	
2536	12.6800	1		25	
2537	12.6850	1		25	
2538	12.6900	1		26	
2539	12.6950	1		26	
2540	12.7000	0		26	
2541	12.7050	0		26	
2542	12.7100	0		26	
2543	12.7150	0		26	
2544	12.7200	0		26	
2545	12.7250	0		26	
2546	12.7300	0		26	
2547	12.7350	0		26	
2548	12.7400	-1		26	
2549	12.7450	-1		26	
2550	12.7500	-1		26	
2551	12.7550	-1		26	
2552	12.7600	-1		26	
2553	12.7650	-2		26	
2554	12.7700	-2		26	
2555	12.7750	-2		26	
2556	12.7800	-2		26	
2557	12.7850	-2		25	
2558	12.7900	-2		25	
2559	12.7950	-2		25	
2560	12.8000	-2		24	
2561	12.8050	-2		24	
2562	12.8100	-3		24	
2563	12.8150	-3		23	
2564	12.8200	-3		23	
2565	12.8250	-3		22	
2566	12.8300	-3		22	
2567	12.8350	-3		22	
2568	12.8400	-3		21	
2569	12.8450	-4		21	
2570	12.8500	-4		20	
2571	12.8550	-4		20	
2572	12.8600	-4		19	
2573	12.8650	-4		18	
2574	12.8700	-4		18	
2575	12.8750	-4		18	
2576	12.8800	-4		17	
2577	12.8850	-4		16	
2578	12.8900	-4		16	
2579	12.8950	-4		15	
2580	12.9000	-4		14	
2581	12.9050	-4		14	
2582	12.9100	-4		13	
2583	12.9150	-4		12	
2584	12.9200	-4		12	
2585	12.9250	-5		11	
2586	12.9300	-5		10	
2587	12.9350	-5		9	
2588	12.9400	-5		8	
2589	12.9450	-5		8	
2590	12.9500	-5		7	
2591	12.9550	-5		6	
2592	12.9600	-5		6	
2593	12.9650	-5		5	
2594	12.9700	-5		4	
2595	12.9750	-5		3	
2596	12.9800	-5		2	
2597	12.9850	-5		2	
2598	12.9900	-5		1	
2599	12.9950	-5		0	
2600	13.0000	-5		-1	
2601	13.0050	-5		-2	
2602	13.0100	-5		-2	
2603	13.0150	-5		-3	
2604	13.0200	-4		-4	
2605	13.0250	-4		-5	
2606	13.0300	-4		-6	
2607	13.0350	-4		-6	
2608	13.0400	-4		-7	
2609	13.0450	-4		-8	
2610	13.0500	-4		-8	
2611	13.0550	-4		-9	
2612	13.0600	-4		-10	
2613	13.0650	-4		-10	
2614	13.0700	-4		-11	
2615	13.0750	-4		-12	
2616	13.0800	-4		-12	
2617	13.0850	-4		-13	
2618	13.0900	-4		-14	
2619	13.0950	-4		-14	
2620	13.1000	-3		-15	
2621	13.1050	-3		-16	
2622	13.1100	-3		-16	
2623	13.1150	-3		-16	
2624	13.1200	-3		-17	
2625	13.1250	-3		-18	
2626	13.1300	-2		-18	
2627	13.1350	-2		-18	
2628	13.1400	-2		-19	
2629	13.1450	-2		-19	
2630	13.1500	-2		-20	
2631	13.1550	-2		-20	
2632	13.1600	-2		-20	
2633	13.1650	-2		-21	
2634	13.1700	-2		-21	
2635	13.1750	-1		-22	
2636	13.1800	-1		-22	
2637	13.1850	-1		-22	
2638	13.1900	-1		-22	
2639	13.1950	-1		-22	
2640	13.2000	-1		-22	
2641	13.2050	0		-22	
2642	13.2100	0		-23	
2643	13.2150	0		-23	
2644	13.2200	0		-23	
2645	13.2250	0		-23	
2646	13.2300	0		-23	
2647	13.2350	0		-23	
2648	13.2400	0		-23	
2649	13.2450	1		-23	
2650	13.2500	1		-23	
2651	13.2550	1		-23	
2652	13.2600	1		-23	
2653	13.2650	1		-22	
2654	13.2700	2		-22	
2655	13.2750	2		-22	
2656	13.2800	2		-22	
2657	13.2850	2		-22	
2658	13.2900	2		-22	
2659	13.2950	2		-21	
2660	13.3000	2		-21	
2661	13.3050	2		-21	
2662	13.3100	2		-20	
2663	13.3150	3		-20	
2664	13.3200	3		-20	
2665	13.3250	3		-19	
2666	13.3300	3		-19	
2667	13.3350	3		-18	
2668	13.3400	3		-18	
2669	13.3450	4		-18	
2670	13.3500	4		-17	
2671	13.3550	4		-16	
2672	13.3600	4		-16	
2673	13.3650	4		-15	
2674	13.3700	4		-15	
2675	13.3750	4		-14	
2676	13.3800	4		-14	
2677	13.3850	4		-13	
2678	13.3900	4		-12	
2679	13.3950	4		-12	
2680	13.4000	4		-11	
2681	13.4050	4		-10	
2682	13.4100	4		-10	
2683	13.4150	5		-9	
2684	13.4200	5		-8	
2685	13.4250	5		-8	
2686	13.4300	5		-7	
2687	13.4350	5		-6	
2688	13.4400	5		-6	
2689	13.4450	5		-5	
2690	13.4500	5		-4	
2691	13.4550	5		-3	
2692	13.4600	5		-2	
2693	13.4650	5		-2	
2694	13.4700	5		-1	
2695	13.4750	5		0	
2696	13.4800	5		0	
2697	13.4850	5		1	
2698	13.4900	5		2	
2699	13.4950	5		2	
2700	13.5000	5		3	
2701	13.5050	5		4	
2702	13.5100	5		5	
2703	13.5150	5		6	
2704	13.5200	5		6	
2705	13.5250	5		7	
2706	13.5300	5		8	
2707	13.5350	5		8	
2708	13.5400	4		9	
2709	13.5450	4		10	
2710	13.5500	4		10	
2711	13.5550	4		11	
2712	13.5600	4		12	
2713	13.5650	4		13	
2714	13.5700	4		13	
2715	13.5750	4		14	
2716	13.5800	4		15	
2717	13.5850	4		15	
2718	13.5900	4		16	
2719	13.5950	4		16	
2720	13.6000	4		17	
2721	13.6050	4		18	
2722	13.6100	4		18	
2723	13.6150	3		19	
2724	13.6200	3		20	
2725	13.6250	3		20	
2726	13.6300	3		20	
2727	13.6350	3		21	
2728	13.6400	3		22	
2729	13.6450	2		22	
2730	13.6500	2		22	
2731	13.6550	2		23	
2732	13.6600	2		23	
2733	13.6650	2		24	
2734	13.6700	2		24	
2735	13.6750	2		24	
2736	13.6800	2		25	
2737	13.6850	2		25	
2738	13.6900	1		25	
2739	13.6950	1		26	
2740	13.7000	1		26	
2741	13.7050	1		26	
2742	13.7100	1		26	
2743	13.7150	0		26	
2744	13.7200	0		26	
2745	13.7250	0		27	
2746	13.7300	0		27	
2747	13.7350	0		27	
2748	13.7400	0		27	
2749	13.7450	0		27	
2750	13.7500	0		27	
2751	13.7550	-1		27	
2752	13.7600	-1		27	
2753	13.7650	-1		27	
2754	13.7700	-1		27	
2755	13.7750	-1		27	
2756	13.7800	-1		26	
2757	13.7850	-2		26	
2758	13.7900	-2		26	
2759	13.7950	-2		26	
2760	13.8000	-2		26	
2761	13.8050	-2		26	
2762	13.8100	-2		25	
2763	13.8150	-2		25	
2764	13.8200	-2		25	
2765	13.8250	-2		24	
2766	13.8300	-3		24	
2767	13.8350	-3		24	
2768	13.8400	-3		23	
2769	13.8450	-3		23	
2770	13.8500	-3		22	
2771	13.8550	-3		22	
2772	13.8600	-4		21	
2773	13.8650	-4		21	
2774	13.8700	-4		20	
2775	13.8750	-4		20	
2776	13.8800	-4		19	
2777	13.8850	-4		19	
2778	13.8900	-4		18	
2779	13.8950	-4		18	
2780	13.9000	-4		17	
2781	13.9050	-4		16	
2782	13.9100	-4		16	
2783	13.9150	-4		15	
2784	13.9200	-4		14	
2785	13.9250	-4		13	
2786	13.9300	-4		13	
2787	13.9350	-4		12	
2788	13.9400	-5		11	
2789	13.9450	-5		10	
2790	13.9500	-5		10	
2791	13.9550	-5		9	
2792	13.9600	-5		8	
2793	13.9650	-5		8	
2794	13.9700	-5		7	
2795	13.9750	-5		6	
2796	13.9800	-5		5	
2797	13.9850	-5		4	
2798	13.9900	-5		4	
2799	13.9950	-5		3	
2800	14.0000	-5		2	
2801	14.0050	-5		1	
2802	14.0100	-5		0	
2803	14.0150	-5		-1	
2804	14.0200	-5		-2	
2805	14.0250	-5		-2	
2806	14.0300	-5		-3	
2807	14.0350	-5		-4	
2808	14.0400	-4		-4	
2809	14.0450	-4		-5	
2810	14.0500	-4		-6	
2811	14.0550	-4		-7	
2812	14.0600	-4		-8	
2813	14.0650	-4		-8	
2814	14.0700	-4		-9	
2815	14.0750	-4		-10	
2816	14.0800	-4		-10	
2817	14.0850	-4		-11	
2818	14.0900	-4		-12	
2819	14.0950	-4		-12	
2820	14.1000	-4		-13	
2821	14.1050	-4		-14	
2822	14.1100	-4		-14	
2823	14.1150	-3		-15	
2824	14.1200	-3		-16	
2825	14.1250	-3		-16	
2826	14.1300	-3		-17	
2827	14.1350	-3		-17	
2828	14.1400	-3		-18	
2829	14.1450	-3		-18	
2830	14.1500	-2		-19	
2831	14.1550	-2		-19	
2832	14.1600	-2		-20	
2833	14.1650	-2		-20	
2834	14.1700	-2		-20	
2835	14.1750	-2		-21	
2836	14.1800	-2		-21	
2837	14.1850	-2		-22	
2838	14.1900	-2		-22	
2839	14.1950	-1		-22	
2840	14.2000	-1		-22	
2841	14.2050	-1		-22	
2842	14.2100	-1		-23	
2843	14.2150	-1		-23	
2844	14.2200	0		-23	
2845	14.2250	0		-23	
2846	14.2300	0		-23	
2847	14.2350	0		-24	
2848	14.2400	0		-24	
2849	14.2450	0		-24	
2850	14.2500	0		-24	
2851	14.2550	0		-24	
2852	14.2600	1		-24	
2853	14.2650	1		-24	
2854	14.2700	1		-24	
2855	14.2750	1		-23	
2856	14.2800	1		-23	
2857	14.2850	2		-23	
2858	14.2900	2		-23	
2859	14.2950	2		-23	
2860	14.3000	2		-22	
2861	14.3050	2		-22	
2862	14.3100	2		-22	
2863	14.3150	2		-22	
2864	14.3200	2		-21	
2865	14.3250	2		-21	
2866	14.3300	3		-21	
2867	14.3350	3		-20	
2868	14.3400	3		-20	
2869	14.3450	3		-20	
2870	14.3500	3		-19	
2871	14.3550	3		-18	
2872	14.3600	3		-18	
2873	14.3650	4		-18	
2874	14.3700	4		-17	
2875	14.3750	4		-16	
2876	14.3800	4		-16	
2877	14.3850	4		-16	
2878	14.3900	4		-15	
2879	14.3950	4		-14	
2880	14.4000	4		-14	
2881	14.4050	4		-13	
2882	14.4100	4		-12	
2883	14.4150	4		-12	
2884	14.4200	4		-11	
2885	14.4250	4		-10	
2886	14.4300	4		-10	
2887	14.4350	5		-9	
2888	14.4400	5		-8	
2889	14.4450	5		-8	
2890	14.4500	5		-7	
2891	14.4550	5		-6	
2892	14.4600	5		-5	
2893	14.4650	5		-4	
2894	14.4700	5		-4	
2895	14.4750	5		-3	
2896	14.4800	5		-2	
2897	14.4850	5		-2	
2898	14.4900	5		-1	
2899	14.4950	5		0	
2900	14.5000	5		1	
2901	14.5050	5		2	
2902	14.5100	5		2	
2903	14.5150	5		3	
2904	14.5200	5		4	
2905	14.5250	5		4	
2906	14.5300	5		5	
2907	14.5350	5		6	
2908	14.5400	5		7	
2909	14.5450	5		8	
2910	14.5500	5		8	
2911	14.5550	5		9	
2912	14.5600	4		10	
2913	14.5650	4		10	
2914	14.5700	4		11	
2915	14.5750	4		12	
2916	14.5800	4		13	
2917	14.5850	4		13	
2918	14.5900	4		14	
2919	14.5950	4		15	
2920	14.6000	4		15	
2921	14.6050	4		16	
2922	14.6100	4		17	
2923	14.6150	4		17	
2924	14.6200	4		18	
2925	14.6250	4		18	
2926	14.6300	3		19	
2927	14.6350	3		20	
2928	14.6400	3		20	
2929	14.6450	3		21	
2930	14.6500	3		21	
2931	14.6550	3		22	
2932	14.6600	2		22	
2933	14.6650	2		23	
2934	14.6700	2		23	
2935	14.6750	2		24	
2936	14.6800	2		24	
2937	14.6850	2		24	
2938	14.6900	2		25	
2939	14.6950	2		25	
2940	14.7000	2		26	
2941	14.7050	1		26	
2942	14.7100	1		26	
2943	14.7150	1		26	
2944	14.7200	1		27	
2945	14.7250	1		27	
2946	14.7300	0		27	
2947	14.7350	0		27	
2948	14.7400	0		27	
2949	14.7450	0		28	
2950	14.7500	0		28	
2951	14.7550	0		28	
2952	14.7600	0		28	
2953	14.7650	0		28	
2954	14.7700	0		28	
2955	14.7750	-1		28	
2956	14.7800	-1		28	
2957	14.7850	-1		28	
2958	14.7900	-1		28	
2959	14.7950	-1		27	
2960	14.8000	-2		27	
2961	14.8050	-2		27	
2962	14.8100	-2		27	
2963	14.8150	-2		26	
2964	14.8200	-2		26	
2965	14.8250	-2		26	
2966	14.8300	-2		26	
2967	14.8350	-2		26	
2968	14.8400	-2		25	
2969	14.8450	-3		25	
2970	14.8500	-3		24	
2971	14.8550	-3		24	
2972	14.8600	-3		24	
2973	14.8650	-3		23	
2974	14.8700	-3		23	
2975	14.8750	-3		22	
2976	14.8800	-4		22	
2977	14.8850	-4		21	
2978	14.8900	-4		20	
2979	14.8950	-4		20	
2980	14.9000	-4		19	
2981	14.9050	-4		19	
2982	14.9100	-4		18	
2983	14.9150	-4		18	
2984	14.9200	-4		17	
2985	14.9250	-4		16	
2986	14.9300	-4		15	
2987	14.9350	-4		15	
2988	14.9400	-4		14	
2989	14.9450	-4		13	
2990	14.9500	-4		12	
2991	14.9550	-5		12	
2992	14.9600	-5		11	
2993	14.9650	-5		10	
2994	14.9700	-5		10	
2995	14.9750	-5		9	
2996	14.9800	-5		8	
2997	14.9850	-5		7	
2998	14.9900	-5		6	
2999	14.9950	-5		6	
3000	15.0000	-5		5	
3001	15.0050	-5		4	
3002	15.0100	-5		3	
3003	15.0150	-5		2	
3004	15.0200	-5		1	
3005	15.0250	-5		0	
3006	15.0300	-5		0	
3007	15.0350	-5		-1	
3008	15.0400	-5		-2	
3009	15.0450	-5		-3	
3010	15.0500	-5		-4	
3011	15.0550	-4		-4	
3012	15.0600	-4		-5	
3013	15.0650	-4		-6	
3014	15.0700	-4		-7	
3015	15.0750	-4		-8	
3016	15.0800	-4		-8	
3017	15.0850	-4		-9	
3018	15.0900	-4		-10	
3019	15.0950	-4		-11	
3020	15.1000	-4		-11	
3021	15.1050	-4		-12	
3022	15.1100	-4		-13	
3023	15.1150	-4		-14	
3024	15.1200	-4		-14	
3025	15.1250	-4		-15	
3026	15.1300	-3		-15	
3027	15.1350	-3		-16	
3028	15.1400	-3		-16	
3029	15.1450	-3		-17	
3030	15.1500	-3		-18	
3031	15.1550	-3		-18	
3032	15.1600	-3		-19	
3033	15.1650	-2		-19	
3034	15.1700	-2		-20	
3035	15.1750	-2		-20	
3036	15.1800	-2		-20	
3037	15.1850	-2		-21	
3038	15.1900	-2		-21	
3039	15.1950	-2		-22	
3040	15.2000	-2		-22	
3041	15.2050	-2		-22	
3042	15.2100	-1		-23	
3043	15.2150	-1		-23	
3044	15.2200	-1		-23	
3045	15.2250	-1		-24	
3046	15.2300	-1		-24	
3047	15.2350	0		-24	
3048	15.2400	0		-24	
3049	15.2450	0		-24	
3050	15.2500	0		-24	
3051	15.2550	0		-24	
3052	15.2600	0		-24	
3053	15.2650	0		-24	
3054	15.2700	0		-24	
3055	15.2750	1		-24	
3056	15.2800	1		-24	
3057	15.2850	1		-24	
3058	15.2900	1		-24	
3059	15.2950	1		-24	
3060	15.3000	2		-24	
3061	15.3050	2		-24	
3062	15.3100	2		-24	
3063	15.3150	2		-23	
3064	15.3200	2		-23	
3065	15.3250	2		-23	
3066	15.3300	2		-22	
3067	15.3350	2		-22	
3068	15.3400	2		-22	
3069	15.3450	3		-22	
3070	15.3500	3		-21	
3071	15.3550	3		-21	
3072	15.3600	3		-20	
3073	15.3650	3		-20	
3074	15.3700	3		-19	
3075	15.3750	3		-19	
3076	15.3800	4		-18	
3077	15.3850	4		-18	
3078	15.3900	4		-17	
3079	15.3950	4		-17	
3080	15.4000	4		-16	
3081	15.4050	4		-16	
3082	15.4100	4		-15	
3083	15.4150	4		-14	
3084	15.4200	4		-14	
3085	15.4250	4		-13	
3086	15.4300	4		-12	
3087	15.4350	4		-12	
3088	15.4400	4		-11	
3089	15.4450	4		-10	
3090	15.4500	5		-9	
3091	15.4550	5		-8	
3092	15.4600	5		-8	
3093	15.4650	5		-7	
3094	15.4700	5		-6	
3095	15.4750	5		-6	
3096	15.4800	5		-5	
3097	15.4850	5		-4	
3098	15.4900	5		-3	
3099	15.4950	5		-2	
3100	15.5000	5		-2	
3101	15.5050	5		-1	
3102	15.5100	5		0	
3103	15.5150	5		1	
3104	15.5200	5		2	
3105	15.5250	5		2	
3106	15.5300	5		3	
3107	15.5350	5		4	
3108	15.5400	5		5	
3109	15.5450	5		6	
3110	15.5500	5		6	
3111	15.5550	5		7	
3112	15.5600	5		8	
3113	15.5650	5		9	
3114	15.5700	5		10	
3115	15.5750	4		10	
3116	15.5800	4		11	
3117	15.5850	4		12	
3118	15.5900	4		12	
3119	15.5950	4		13	
3120	15.6000	4		14	
3121	15.6050	4		15	
3122	15.6100	4		16	
3123	15.6150	4		16	
3124	15.6200	4		17	
3125	15.6250	4		18	
3126	15.6300	4		18	
3127	15.6350	4		19	
3128	15.6400	4		20	
3129	15.6450	3		20	
3130	15.6500	3		21	
3131	15.6550	3		21	
3132	15.6600	3		22	
3133	15.6650	3		22	
3134	15.6700	3		23	
3135	15.6750	3		23	
3136	15.6800	2		24	
3137	15.6850	2		24	
3138	15.6900	2		25	
3139	15.6950	2		25	
3140	15.7000	2		26	
3141	15.7050	2		26	
3142	15.7100	2		26	
3143	15.7150	2		27	
3144	15.7200	2		27	
3145	15.7250	1		27	
3146	15.7300	1		28	
3147	15.7350	1		28	
3148	15.7400	1		28	
3149	15.7450	1		28	
3150	15.7500	0		28	
3151	15.7550	0		28	
3152	15.7600	0		29	
3153	15.7650	0		29	
3154	15.7700	0		29	
3155	15.7750	0		29	
3156	15.7800	0		29	
3157	15.7850	0		29	
3158	15.7900	-1		29	
3159	15.7950	-1		29	
3160	15.8000	-1		29	
3161	15.8050	-1		28	
3162	15.8100	-1		28	
3163	15.8150	-2		28	
3164	15.8200	-2		28	
3165	15.8250	-2		28	
3166	15.8300	-2		28	
3167	15.8350	-2		27	
3168	15.8400	-2		27	
3169	15.8450	-2		27	
3170	15.8500	-2		26	
3171	15.8550	-2		26	
3172	15.8600	-3		26	
3173	15.8650	-3		25	
3174	15.8700	-3		25	
3175	15.8750	-3		24	
3176	15.8800	-3		24	
3177	15.8850	-3		24	
3178	15.8900	-3		23	
3179	15.8950	-4		22	
3180	15.9000	-4		22	
3181	15.9050	-4		21	
3182	15.9100	-4		21	
3183	15.9150	-4		20	
3184	15.9200	-4		19	
3185	15.9250	-4		19	
3186	15.9300	-4		18	
3187	15.9350	-4		17	
3188	15.9400	-4		17	
3189	15.9450	-4		16	
3190	15.9500	-4		15	
3191	15.9550	-4		14	
3192	15.9600	-4		14	
3193	15.9650	-4		13	
3194	15.9700	-4		12	
3195	15.9750	-5		12	
3196	15.9800	-5		10	
3197	15.9850	-5		10	
3198	15.9900	-5		9	
3199	15.9950	-5		8	
3200	16.0000	-5		7	
3201	16.0050	-5		6	
3202	16.0100	-5		6	
3203	16.0150	-5		5	
3204	16.0200	-5		4	
3205	16.0250	-5		3	
3206	16.0300	-5		2	
3207	16.0350	-5		1	
3208	16.0400	-5		0	
3209	16.0450	-5		0	
3210	16.0500	-5		-1	
3211	16.0550	-5		-2	
3212	16.0600	-5		-3	
3213	16.0650	-5		-4	
3214	16.0700	-4		-5	
3215	16.0750	-4		-6	
3216	16.0800	-4		-6	
3217	16.0850	-4		-7	
3218	16.0900	-4		-8	
3219	16.0950	-4		-9	
3220	16.1000	-4		-10	
3221	16.1050	-4		-10	
3222	16.1100	-4		-11	
3223	16.1150	-4		-12	
3224	16.1200	-4		-12	
3225	16.1250	-4		-13	
3226	16.1300	-4		-14	
3227	16.1350	-4		-14	
3228	16.1400	-4		-15	
3229	16.1450	-3		-16	
3230	16.1500	-3		-16	
3231	16.1550	-3		-17	
3232	16.1600	-3		-18	
3233	16.1650	-3		-18	
3234	16.1700	-3		-19	
3235	16.1750	-3		-19	
3236	16.1800	-2		-20	
3237	16.1850	-2		-20	
3238	16.1900	-2		-21	
3239	16.1950	-2		-21	
3240	16.2000	-2		-22	
3241	16.2050	-2		-22	
3242	16.2100	-2		-22	
3243	16.2150	-2		-23	
3244	16.2200	-2		-23	
3245	16.2250	-1		-24	
3246	16.2300	-1		-24	
3247	16.2350	-1		-24	
3248	16.2400	-1		-24	
3249	16.2450	-1		-24	
3250	16.2500	0		-25	
3251	16.2550	0		-25	
3252	16.2600	0		-25	
3253	16.2650	0		-25	
3254	16.2700	0		-25	
3255	16.2750	0		-25	
3256	16.2800	0		-25	
3257	16.2850	0		-25	
3258	16.2900	1		-25	
3259	16.2950	1		-25	
3260	16.3000	1		-25	
3261	16.3050	1		-25	
3262	16.3100	1		-25	
3263	16.3150	2		-25	
3264	16.3200	2		-24	
3265	16.3250	2		-24	
3266	16.3300	2		-24	
3267	16.3350	2		-24	
3268	16.3400	2		-24	
3269	16.3450	2		-23	
3270	16.3500	2		-23	
3271	16.3550	2		-23	
3272	16.3600	3		-22	
3273	16.3650	3		-22	
3274	16.3700	3		-22	
3275	16.3750	3		-21	
3276	16.3800	3		-20	
3277	16.3850	3		-20	
3278	16.3900	3		-20	
3279	16.3950	4		-19	
3280	16.4000	4		-18	
3281	16.4050	4		-18	
3282	16.4100	4		-17	
3283	16.4150	4		-17	
3284	16.4200	4		-16	
3285	16.4250	4		-16	
3286	16.4300	4		-15	
3287	16.4350	4		-14	
3288	16.4400	4		-14	
3289	16.4450	4		-13	
3290	16.4500	4		-12	
3291	16.4550	4		-11	
3292	16.4600	4		-11	
3293	16.4650	5		-10	
3294	16.4700	5		-9	
3295	16.4750	5		-8	
3296	16.4800	5		-8	
3297	16.4850	5		-7	
3298	16.4900	5		-6	
3299	16.4950	5		-5	
3300	16.5000	5		-4	
3301	16.5050	5		-4	
3302	16.5100	5		-3	
3303	16.5150	5		-2	
3304	16.5200	5		-1	
3305	16.5250	5		0	
3306	16.5300	5		0	
3307	16.5350	5		1	
3308	16.5400	5		2	
3309	16.5450	5		3	
3310	16.5500	5		4	
3311	16.5550	5		4	
3312	16.5600	5		5	
3313	16.5650	5		6	
3314	16.5700	5		7	
3315	16.5750	5		8	
3316	16.5800	5		8	
3317	16.5850	5		9	
3318	16.5900	4		10	
3319	16.5950	4		11	
3320	16.6000	4		12	
3321	16.6050	4		12	
3322	16.6100	4		13	
3323	16.6150	4		14	
3324	16.6200	4		15	
3325	16.6250	4		16	
3326	16.6300	4		16	
3327	16.6350	4		17	
3328	16.6400	4		18	
3329	16.6450	4		18	
3330	16.6500	4		19	
3331	16.6550	4		20	
3332	16.6600	4		20	
3333	16.6650	3		21	
3334	16.6700	3		21	
3335	16.6750	3		22	
3336	16.6800	3		22	
3337	16.6850	3		23	
3338	16.6900	3		24	
3339	16.6950	2		24	
3340	16.7000	2		24	
3341	16.7050	2		25	
3342	16.7100	2		26	
3343	16.7150	2		26	
3344	16.7200	2		26	
3345	16.7250	2		27	
3346	16.7300	2		27	
3347	16.7350	2		28	
3348	16.7400	1		28	
3349	16.7450	1		28	
3350	16.7500	1		28	
3351	16.7550	1		28	
3352	16.7600	1		29	
3353	16.7650	0		29	
3354	16.7700	0		29	
3355	16.7750	0		29	
3356	16.7800	0		29	
3357	16.7850	0		30	
3358	16.7900	0		30	
3359	16.7950	0		30	
3360	16.8000	0		30	
3361	16.8050	-1		30	
3362	16.8100	-1		30	
3363	16.8150	-1		29	
3364	16.8200	-1		29	
3365	16.8250	-1		29	
3366	16.8300	-1		29	
3367	16.8350	-2		29	
3368	16.8400	-2		28	
3369	16.8450	-2		28	
3370	16.8500	-2		28	
3371	16.8550	-2		28	
3372	16.8600	-2		28	
3373	16.8650	-2		27	
3374	16.8700	-2		27	
3375	16.8750	-2		26	
3376	16.8800	-3		26	
3377	16.8850	-3		26	
3378	16.8900	-3		25	
3379	16.8950	-3		25	
3380	16.9000	-3		24	
3381	16.9050	-3		24	
3382	16.9100	-4		23	
3383	16.9150	-4		22	
3384	16.9200	-4		22	
3385	16.9250	-4		21	
3386	16.9300	-4		21	
3387	16.9350	-4		20	
3388	16.9400	-4		20	
3389	16.9450	-4		19	
3390	16.9500	-4		18	
3391	16.9550	-4		17	
3392	16.9600	-4		17	
3393	16.9650	-4		16	
3394	16.9700	-4		15	
3395	16.9750	-4		14	
3396	16.9800	-4		14	
3397	16.9850	-4		13	
3398	16.9900	-5		12	
3399	16.9950	-5		11	
3400	17.0000	-5		10	
3401	17.0050	-5		10	
3402	17.0100	-5		9	
3403	17.0150	-5		8	
3404	17.0200	-5		7	
3405	17.0250	-5		6	
3406	17.0300	-5		5	
3407	17.0350	-5		4	
3408	17.0400	-5		4	
3409	17.0450	-5		3	
3410	17.0500	-5		2	
3411	17.0550	-5		1	
3412	17.0600	-5		0	
3413	17.0650	-5		-1	
3414	17.0700	-5		-2	
3415	17.0750	-5		-3	
3416	17.0800	-5		-4	
3417	17.0850	-5		-4	
3418	17.0900	-4		-5	
3419	17.0950	-4		-6	
3420	17.1000	-4		-7	
3421	17.1050	-4		-8	
3422	17.1100	-4		-8	
3423	17.1150	-4		-9	
3424	17.1200	-4		-10	
3425	17.1250	-4		-11	
3426	17.1300	-4		-12	
3427	17.1350	-4		-12	
3428	17.1400	-4		-13	
3429	17.1450	-4		-14	
3430	17.1500	-4		-14	
3431	17.1550	-4		-15	
3432	17.1600	-4		-16	
3433	17.1650	-3		-16	
3434	17.1700	-3		-17	
3435	17.1750	-3		-18	
3436	17.1800	-3		-18	
3437	17.1850	-3		-19	
3438	17.1900	-3		-20	
3439	17.1950	-2		-20	
3440	17.2000	-2		-20	
3441	17.2050	-2		-21	
3442	17.2100	-2		-22	
3443	17.2150	-2		-22	
3444	17.2200	-2		-22	
3445	17.2250	-2		-23	
3446	17.2300	-2		-23	
3447	17.2350	-2		-24	
3448	17.2400	-1		-24	
3449	17.2450	-1		-24	
3450	17.2500	-1		-24	
3451	17.2550	-1		-24	
3452	17.2600	-1		-25	
3453	17.2650	-1		-25	
3454	17.2700	0		-25	
3455	17.2750	0		-25	
3456	17.2800	0		-26	
3457	17.2850	0		-26	
3458	17.2900	0		-26	
3459	17.2950	0		-26	
3460	17.3000	0		-26	
3461	17.3050	1		-26	
3462	17.3100	1		-26	
3463	17.3150	1		-26	
3464	17.3200	1		-26	
3465	17.3250	1		-26	
3466	17.3300	1		-25	
3467	17.3350	2		-25	
3468	17.3400	2		-25	
3469	17.3450	2		-25	
3470	17.3500	2		-24	
3471	17.3550	2		-24	
3472	17.3600	2		-24	
3473	17.3650	2		-24	
3474	17.3700	2		-23	
3475	17.3750	2		-23	
3476	17.3800	3		-22	
3477	17.3850	3		-22	
3478	17.3900	3		-22	
3479	17.3950	3		-21	
3480	17.4000	3		-21	
3481	17.4050	3		-20	
3482	17.4100	4		-20	
3483	17.4150	4		-19	
3484	17.4200	4		-18	
3485	17.4250	4		-18	
3486	17.4300	4		-17	
3487	17.4350	4		-17	
3488	17.4400	4		-16	
3489	17.4450	4		-16	
3490	17.4500	4		-15	
3491	17.4550	4		-14	
3492	17.4600	4		-13	
3493	17.4650	4		-12	
3494	17.4700	4		-12	
3495	17.4750	4		-11	
3496	17.4800	5		-10	
3497	17.4850	5		-10	
3498	17.4900	5		-9	
3499	17.4950	5		-8	
3500	17.5000	5		-7	
3501	17.5050	5		-6	
3502	17.5100	5		-6	
3503	17.5150	5		-5	
3504	17.5200	5		-4	
3505	17.5250	5		-3	
3506	17.5300	5		-2	
3507	17.5350	5		-2	
3508	17.5400	5		-1	
3509	17.5450	5		0	
3510	17.5500	5		1	
3511	17.5550	5		2	
3512	17.5600	5		2	
3513	17.5650	5		4	
3514	17.5700	5		4	
3515	17.5750	5		5	
3516	17.5800	5		6	
3517	17.5850	5		7	
3518	17.5900	5		8	
3519	17.5950	5		8	
3520	17.6000	5		9	
3521	17.6050	4		10	
3522	17.6100	4		11	
3523	17.6150	4		12	
3524	17.6200	4		12	
3525	17.6250	4		13	
3526	17.6300	4		14	
3527	17.6350	4		15	
3528	17.6400	4		16	
3529	17.6450	4		16	
3530	17.6500	4		17	
3531	17.6550	4		18	
3532	17.6600	4		18	
3533	17.6650	4		19	
3534	17.6700	4		20	
3535	17.6750	4		20	
3536	17.6800	3		21	
3537	17.6850	3		22	
3538	17.6900	3		22	
3539	17.6950	3		23	
3540	17.7000	3		23	
3541	17.7050	3		24	
3542	17.7100	2		24	
3543	17.7150	2		25	
3544	17.7200	2		26	
3545	17.7250	2		26	
3546	17.7300	2		26	
3547	17.7350	2		27	
3548	17.7400	2		27	
3549	17.7450	2		28	
3550	17.7500	2		28	
3551	17.7550	1		28	
3552	17.7600	1		28	
3553	17.7650	1		29	
3554	17.7700	1		29	
3555	17.7750	1		29	
3556	17.7800	0		30	
3557	17.7850	0		30	
3558	17.7900	0		30	
3559	17.7950	0		30	
3560	17.8000	0		30	
3561	17.8050	0		30	
3562	17.8100	0		30	
3563	17.8150	0		30	
3564	17.8200	-1		30	
3565	17.8250	-1		30	
3566	17.8300	-1		30	
3567	17.8350	-1		30	
3568	17.8400	-1		30	
3569	17.8450	-1		30	
3570	17.8500	-2		30	
3571	17.8550	-2		29	
3572	17.8600	-2		29	
3573	17.8650	-2		29	
3574	17.8700	-2		28	
3575	17.8750	-2		28	
3576	17.8800	-2		28	
3577	17.8850	-2		28	
3578	17.8900	-2		27	
3579	17.8950	-3		27	
3580	17.9000	-3		26	
3581	17.9050	-3		26	
3582	17.9100	-3		25	
3583	17.9150	-3		25	
3584	17.9200	-3		24	
3585	17.9250	-4		24	
3586	17.9300	-4		23	
3587	17.9350	-4		23	
3588	17.9400	-4		22	
3589	17.9450	-4		22	
3590	17.9500	-4		21	
3591	17.9550	-4		20	
3592	17.9600	-4		20	
3593	17.9650	-4		19	
3594	17.9700	-4		18	
3595	17.9750	-4		17	
3596	17.9800	-4		16	
3597	17.9850	-4		16	
3598	17.9900	-4		15	
3599	17.9950	-4		14	
3600	18.0000	-4		14	
3601	18.0050	-5		12	
3602	18.0100	-5		12	
3603	18.0150	-5		11	
3604	18.0200	-5		10	
3605	18.0250	-5		9	
3606	18.0300	-5		8	
3607	18.0350	-5		8	
3608	18.0400	-5		6	
3609	18.0450	-5		6	
3610	18.0500	-5		5	
3611	18.0550	-5		4	
3612	18.0600	-5		3	
3613	18.0650	-5		2	
3614	18.0700	-5		1	
3615	18.0750	-5		0	
3616	18.0800	-5		0	
3617	18.0850	-5		-2	
3618	18.0900	-5		-2	
3619	18.0950	-5		-3	
3620	18.1000	-5		-4	
3621	18.1050	-4		-5	
3622	18.1100	-4		-6	
3623	18.1150	-4		-7	
3624	18.1200	-4		-8	
3625	18.1250	-4		-8	
3626	18.1300	-4		-9	
3627	18.1350	-4		-10	
3628	18.1400	-4		-11	
3629	18.1450	-4		-12	
3630	18.1500	-4		-12	
3631	18.1550	-4		-13	
3632	18.1600	-4		-14	
3633	18.1650	-4		-14	
3634	18.1700	-4		-15	
3635	18.1750	-4		-16	
3636	18.1800	-3		-16	
3637	18.1850	-3		-17	
3638	18.1900	-3		-18	
3639	18.1950	-3		-18	
3640	18.2000	-3		-19	
3641	18.2050	-3		-20	
3642	18.2100	-3		-20	
3643	18.2150	-2		-20	
3644	18.2200	-2		-21	
3645	18.2250	-2		-22	
3646	18.2300	-2		-22	
3647	18.2350	-2		-22	
3648	18.2400	-2		-23	
3649	18.2450	-2		-23	
3650	18.2500	-2		-24	
3651	18.2550	-1		-24	
3652	18.2600	-1		-24	
3653	18.2650	-1		-24	
3654	18.2700	-1		-25	
3655	18.2750	-1		-25	
3656	18.2800	-1		-25	
3657	18.2850	0		-26	
3658	18.2900	0		-26	
3659	18.2950	0		-26	
3660	18.3000	0		-26	
3661	18.3050	0		-26	
3662	18.3100	0		-26	
3663	18.3150	0		-26	
3664	18.3200	0		-26	
3665	18.3250	1		-26	
3666	18.3300	1		-26	
3667	18.3350	1		-26	
3668	18.3400	1		-26	
3669	18.3450	1		-26	
3670	18.3500	2		-26	
3671	18.3550	2		-25	
3672	18.3600	2		-25	
3673	18.3650	2		-25	
3674	18.3700	2		-25	
3675	18.3750	2		-24	
3676	18.3800	2		-24	
3677	18.3850	2		-24	
3678	18.3900	2		-23	
3679	18.3950	3		-23	
3680	18.4000	3		-22	
3681	18.4050	3		-22	
3682	18.4100	3		-22	
3683	18.4150	3		-21	
3684	18.4200	3		-20	
3685	18.4250	4		-20	
3686	18.4300	4		-19	
3687	18.4350	4		-19	
3688	18.4400	4		-18	
3689	18.4450	4		-18	
3690	18.4500	4		-17	
3691	18.4550	4		-16	
3692	18.4600	4		-16	
3693	18.4650	4		-15	
3694	18.4700	4		-14	
3695	18.4750	4		-14	
3696	18.4800	4		-13	
3697	18.4850	4		-12	
3698	18.4900	4		-11	
3699	18.4950	4		-10	
3700	18.5000	5		-10	
3701	18.5050	5		-9	
3702	18.5100	5		-8	
3703	18.5150	5		-7	
3704	18.5200	5		-6	
3705	18.5250	5		-6	
3706	18.5300	5		-5	
3707	18.5350	5		-4	
3708	18.5400	5		-3	
3709	18.5450	5		-2	
3710	18.5500	5		-2	
3711	18.5550	5		0	
3712	18.5600	5		0	
3713	18.5650	5		1	
3714	18.5700	5		2	
3715	18.5750	5		3	
3716	18.5800	5		4	
3717	18.5850	5		4	
3718	18.5900	5		5	
3719	18.5950	5		6	
3720	18.6000	5		7	
3721	18.6050	5		8	
3722	18.6100	5		9	
3723	18.6150	5		10	
3724	18.6200	4		10	
3725	18.6250	4		11	
3726	18.6300	4		12	
3727	18.6350	4		13	
3728	18.6400	4		14	
3729	18.6450	4		14	
3730	18.6500	4		15	
3731	18.6550	4		16	
3732	18.6600	4		16	
3733	18.6650	4		17	
3734	18.6700	4		18	
3735	18.6750	4		19	
3736	18.6800	4		19	
3737	18.6850	4		20	
3738	18.6900	4		21	
3739	18.6950	3		21	
3740	18.7000	3		22	
3741	18.7050	3		22	
3742	18.7100	3		23	
3743	18.7150	3		24	
3744	18.7200	3		24	
3745	18.7250	2		25	
3746	18.7300	2		25	
3747	18.7350	2		26	
3748	18.7400	2		26	
3749	18.7450	2		26	
3750	18.7500	2		27	
3751	18.7550	2		28	
3752	18.7600	2		28	
3753	18.7650	2		28	
3754	18.7700	1		28	
3755	18.7750	1		29	
3756	18.7800	1		29	
3757	18.7850	1		29	
3758	18.7900	1		30	
3759	18.7950	0		30	
3760	18.8000	0		30	
3761	18.8050	0		30	
3762	18.8100	0		30	
3763	18.8150	0		30	
3764	18.8200	0		30	
3765	18.8250	0		30	
3766	18.8300	0		30	
3767	18.8350	0		30	
3768	18.8400	-1		30	
3769	18.8450	-1		30	
3770	18.8500	-1		30	
3771	18.8550	-1		30	
3772	18.8600	-1		30	
3773	18.8650	-2		29	
3774	18.8700	-2		29	
3775	18.8750	-2		29	
3776	18.8800	-2		29	
3777	18.8850	-2		28	
3778	18.8900	-2		28	
3779	18.8950	-2		28	
3780	18.9000	-2		27	
3781	18.9050	-2		27	
3782	18.9100	-3		26	
3783	18.9150	-3		26	
3784	18.9200	-3		26	
3785	18.9250	-3		25	
3786	18.9300	-3		25	
3787	18.9350	-3		24	
3788	18.9400	-3		24	
3789	18.9450	-4		23	
3790	18.9500	-4		22	
3791	18.9550	-4		22	
3792	18.9600	-4		21	
3793	18.9650	-4		20	
3794	18.9700	-4		20	
3795	18.9750	-4		19	
3796	18.9800	-4		18	
3797	18.9850	-4		18	
3798	18.9900	-4		17	
3799	18.9950	-4		16	
3800	19.0000	-4		16	
3801	19.0050	-4		15	
3802	19.0100	-4		14	
3803	19.0150	-4		13	
3804	19.0200	-5		12	
3805	19.0250	-5		12	
3806	19.0300	-5		11	
3807	19.0350	-5		10	
3808	19.0400	-5		9	
3809	19.0450	-5		8	
3810	19.0500	-5		7	
3811	19.0550	-5		6	
3812	19.0600	-5		6	
3813	19.0650	-5		5	
3814	19.0700	-5		4	
3815	19.0750	-5		3	
3816	19.0800	-5		2	
3817	19.0850	-5		1	
3818	19.0900	-5		0	
3819	19.0950	-5		-1	
3820	19.1000	-5		-2	
3821	19.1050	-5		-2	
3822	19.1100	-5		-4	
3823	19.1150	-5		-4	
3824	19.1200	-4		-5	
3825	19.1250	-4		-6	
3826	19.1300	-4		-7	
3827	19.1350	-4		-8	
3828	19.1400	-4		-9	
3829	19.1450	-4		-10	
3830	19.1500	-4		-10	
3831	19.1550	-4		-11	
3832	19.1600	-4		-12	
3833	19.1650	-4		-12	
3834	19.1700	-4		-13	
3835	19.1750	-4		-14	
3836	19.1800	-4		-15	
3837	19.1850	-4		-15	
3838	19.1900	-4		-16	
3839	19.1950	-3		-17	
3840	19.2000	-3		-17	
3841	19.2050	-3		-18	
3842	19.2100	-3		-18	
3843	19.2150	-3		-19	
3844	19.2200	-3		-20	
3845	19.2250	-3		-20	
3846	19.2300	-2		-21	
3847	19.2350	-2		-21	
3848	19.2400	-2		-22	
3849	19.2450	-2		-22	
3850	19.2500	-2		-22	
3851	19.2550	-2		-23	
3852	19.2600	-2		-23	
3853	19.2650	-2		-24	
3854	19.2700	-2		-24	
3855	19.2750	-1		-24	
3856	19.2800	-1		-25	
3857	19.2850	-1		-25	
3858	19.2900	-1		-25	
3859	19.2950	-1		-25	
3860	19.3000	0		-26	
3861	19.3050	0		-26	
3862	19.3100	0		-26	
3863	19.3150	0		-26	
3864	19.3200	0		-26	
3865	19.3250	0		-26	
3866	19.3300	0		-26	
3867	19.3350	0		-26	
3868	19.3400	1		-26	
3869	19.3450	1		-26	
3870	19.3500	1		-26	
3871	19.3550	1		-26	
3872	19.3600	1		-26	
3873	19.3650	2		-25	
3874	19.3700	2		-25	
3875	19.3750	2		-25	
3876	19.3800	2		-24	
3877	19.3850	2		-24	
3878	19.3900	2		-24	
3879	19.3950	2		-24	
3880	19.4000	2		-23	
3881	19.4050	2		-23	
3882	19.4100	3		-22	
3883	19.4150	3		-22	
3884	19.4200	3		-22	
3885	19.4250	3		-21	
3886	19.4300	3		-20	
3887	19.4350	3		-20	
3888	19.4400	3		-20	
3889	19.4450	4		-19	
3890	19.4500	4		-18	
3891	19.4550	4		-18	
3892	19.4600	4		-17	
3893	19.4650	4		-17	
3894	19.4700	4		-16	
3895	19.4750	4		-15	
3896	19.4800	4		-15	
3897	19.4850	4		-14	
3898	19.4900	4		-13	
3899	19.4950	4		-12	
3900	19.5000	4		-12	
