#	time(s)	count A	count B	count C	count D
1	0.0050	15	-5	0	
2	0.0100	14	-4	0	
3	0.0150	14	-4	-1	
4	0.0200	14	-3	-2	
5	0.0250	14	-2	-2	
6	0.0300	14	-1	-3	
7	0.0350	14	-1	-4	
8	0.0400	14	0	-4	
9	0.0450	14	1	-5	
10	0.0500	14	2	-6	
11	0.0550	13	2	-6	
12	0.0600	13	3	-7	
13	0.0650	13	4	-8	
14	0.0700	13	4	-8	
15	0.0750	13	5	-9	
16	0.0800	13	6	-10	
17	0.0850	12	6	-10	
18	0.0900	12	7	-11	
19	0.0950	12	8	-12	
20	0.1000	12	8	-12	
21	0.1050	12	9	-13	
22	0.1100	12	10	-13	
23	0.1150	12	10	-14	
24	0.1200	11	11	-14	
25	0.1250	11	12	-15	
26	0.1300	11	12	-16	
27	0.1350	11	13	-16	
28	0.1400	11	14	-16	
29	0.1450	10	14	-17	
30	0.1500	10	14	-17	
31	0.1550	10	15	-18	
32	0.1600	10	16	-18	
33	0.1650	10	16	-18	
34	0.1700	10	16	-19	
35	0.1750	10	17	-19	
36	0.1800	9	17	-20	
37	0.1850	9	18	-20	
38	0.1900	9	18	-20	
39	0.1950	9	18	-20	
40	0.2000	9	18	-20	
41	0.2050	8	18	-21	
42	0.2100	8	19	-21	
43	0.2150	8	19	-21	
44	0.2200	8	19	-21	
45	0.2250	8	19	-21	
46	0.2300	8	19	-21	
47	0.2350	8	19	-21	
48	0.2400	8	20	-21	
49	0.2450	8	20	-21	
50	0.2500	7	20	-21	
51	0.2550	7	20	-21	
52	0.2600	7	19	-21	
53	0.2650	7	19	-21	
54	0.2700	7	19	-21	
55	0.2750	7	19	-20	
56	0.2800	7	19	-20	
57	0.2850	7	18	-20	
58	0.2900	7	18	-20	
59	0.2950	7	18	-20	
60	0.3000	7	18	-19	
61	0.3050	7	18	-19	
62	0.3100	7	17	-18	
63	0.3150	7	17	-18	
64	0.3200	7	16	-18	
65	0.3250	6	16	-17	
66	0.3300	6	16	-17	
67	0.3350	6	15	-16	
68	0.3400	6	14	-16	
69	0.3450	6	14	-15	
70	0.3500	6	14	-15	
71	0.3550	7	13	-14	
72	0.3600	7	12	-14	
73	0.3650	7	12	-13	
74	0.3700	7	11	-12	
75	0.3750	7	10	-12	
76	0.3800	7	10	-11	
77	0.3850	7	9	-11	
78	0.3900	7	9	-10	
79	0.3950	7	8	-10	
80	0.4000	7	7	-9	
81	0.4050	7	6	-8	
82	0.4100	7	6	-8	
83	0.4150	8	5	-7	
84	0.4200	8	4	-6	
85	0.4250	8	4	-5	
86	0.4300	8	3	-5	
87	0.4350	8	2	-4	
88	0.4400	8	2	-3	
89	0.4450	8	1	-3	
90	0.4500	8	0	-2	
91	0.4550	8	-1	-1	
92	0.4600	9	-1	-1	
93	0.4650	9	-2	0	
94	0.4700	9	-3	0	
95	0.4750	9	-4	1	
96	0.4800	9	-4	2	
97	0.4850	9	-5	2	
98	0.4900	10	-6	3	
99	0.4950	10	-6	4	
100	0.5000	10	-7	4	
101	0.5050	10	-8	5	
102	0.5100	10	-8	6	
103	0.5150	10	-9	6	
104	0.5200	10	-9	7	
105	0.5250	11	-10	7	
106	0.5300	11	-10	8	
107	0.5350	11	-11	8	
108	0.5400	11	-12	9	
109	0.5450	11	-12	9	
110	0.5500	12	-13	10	
111	0.5550	12	-13	10	
112	0.5600	12	-14	10	
113	0.5650	12	-14	11	
114	0.5700	12	-14	11	
115	0.5750	12	-15	11	
116	0.5800	13	-15	12	
117	0.5850	13	-16	12	
118	0.5900	13	-16	12	
119	0.5950	13	-16	12	
120	0.6000	13	-16	13	
121	0.6050	13	-16	13	
122	0.6100	13	-17	13	
123	0.6150	14	-17	13	
124	0.6200	14	-17	13	
125	0.6250	14	-17	13	
126	0.6300	14	-17	13	
127	0.6350	14	-17	13	
128	0.6400	14	-17	13	
129	0.6450	14	-17	13	
130	0.6500	14	-17	13	
131	0.6550	14	-17	13	
132	0.6600	14	-17	13	
133	0.6650	15	-17	13	
134	0.6700	15	-17	13	
135	0.6750	15	-17	13	
136	0.6800	15	-16	12	
137	0.6850	15	-16	12	
138	0.6900	15	-16	12	
139	0.6950	15	-16	12	
140	0.7000	15	-16	11	
141	0.7050	15	-15	11	
142	0.7100	15	-15	11	
143	0.7150	15	-14	10	
144	0.7200	15	-14	10	
145	0.7250	15	-14	10	
146	0.7300	15	-13	9	
147	0.7350	15	-13	9	
148	0.7400	15	-12	8	
149	0.7450	15	-12	8	
150	0.7500	15	-11	7	
151	0.7550	15	-11	7	
152	0.7600	15	-10	6	
153	0.7650	15	-10	6	
154	0.7700	15	-9	5	
155	0.7750	15	-8	4	
156	0.7800	15	-8	4	
157	0.7850	15	-7	3	
158	0.7900	15	-6	3	
159	0.7950	14	-6	2	
160	0.8000	14	-5	2	
161	0.8050	14	-4	1	
162	0.8100	14	-4	0	
163	0.8150	14	-3	0	
164	0.8200	14	-2	-1	
165	0.8250	14	-1	-2	
166	0.8300	14	-1	-2	
167	0.8350	14	0	-3	
168	0.8400	13	1	-4	
169	0.8450	13	2	-4	
170	0.8500	13	2	-5	
171	0.8550	13	3	-6	
172	0.8600	13	4	-6	
173	0.8650	13	4	-7	
174	0.8700	12	5	-8	
175	0.8750	12	6	-8	
176	0.8800	12	6	-9	
177	0.8850	12	7	-9	
178	0.8900	12	8	-10	
179	0.8950	12	8	-10	
180	0.9000	12	9	-11	
181	0.9050	11	10	-12	
182	0.9100	11	10	-12	
183	0.9150	11	11	-13	
184	0.9200	11	12	-13	
185	0.9250	11	12	-14	
186	0.9300	10	13	-14	
187	0.9350	10	13	-15	
188	0.9400	10	14	-15	
189	0.9450	10	14	-16	
190	0.9500	10	15	-16	
191	0.9550	10	15	-16	
192	0.9600	10	16	-17	
193	0.9650	9	16	-17	
194	0.9700	9	17	-18	
195	0.9750	9	17	-18	
196	0.9800	9	17	-18	
197	0.9850	9	18	-18	
198	0.9900	9	18	-19	
199	0.9950	8	18	-19	
200	1.0000	8	18	-19	
201	1.0050	8	19	-19	
202	1.0100	8	19	-19	
203	1.0150	8	19	-20	
204	1.0200	8	19	-20	
205	1.0250	8	20	-20	
206	1.0300	8	20	-20	
207	1.0350	7	20	-20	
208	1.0400	7	20	-20	
209	1.0450	7	20	-20	
210	1.0500	7	20	-20	
211	1.0550	7	20	-20	
212	1.0600	7	20	-19	
213	1.0650	7	19	-19	
214	1.0700	7	19	-19	
215	1.0750	7	19	-19	
216	1.0800	7	19	-19	
217	1.0850	7	19	-18	
218	1.0900	7	18	-18	
219	1.0950	7	18	-18	
220	1.1000	7	18	-18	
221	1.1050	7	18	-17	
222	1.1100	6	17	-17	
223	1.1150	6	17	-16	
224	1.1200	6	16	-16	
225	1.1250	6	16	-16	
226	1.1300	6	16	-15	
227	1.1350	6	15	-15	
228	1.1400	7	14	-14	
229	1.1450	7	14	-14	
230	1.1500	7	14	-14	
231	1.1550	7	13	-13	
232	1.1600	7	12	-12	
233	1.1650	7	12	-12	
234	1.1700	7	11	-12	
235	1.1750	7	11	-11	
236	1.1800	7	10	-10	
237	1.1850	7	9	-10	
238	1.1900	7	9	-9	
239	1.1950	7	8	-8	
240	1.2000	7	7	-8	
241	1.2050	8	7	-7	
242	1.2100	8	6	-6	
243	1.2150	8	5	-6	
244	1.2200	8	5	-5	
245	1.2250	8	4	-5	
246	1.2300	8	3	-4	
247	1.2350	8	2	-4	
248	1.2400	8	2	-3	
249	1.2450	9	1	-2	
250	1.2500	9	0	-2	
251	1.2550	9	0	-1	
252	1.2600	9	-1	0	
253	1.2650	9	-2	0	
254	1.2700	9	-2	1	
255	1.2750	10	-3	2	
256	1.2800	10	-4	2	
257	1.2850	10	-4	3	
258	1.2900	10	-5	3	
259	1.2950	10	-6	4	
260	1.3000	10	-6	4	
261	1.3050	10	-7	5	
262	1.3100	11	-8	6	
263	1.3150	11	-8	6	
264	1.3200	11	-9	6	
265	1.3250	11	-10	7	
266	1.3300	11	-10	8	
267	1.3350	12	-11	8	
268	1.3400	12	-11	8	
269	1.3450	12	-12	9	
270	1.3500	12	-12	9	
271	1.3550	12	-13	10	
272	1.3600	12	-13	10	
273	1.3650	12	-14	10	
274	1.3700	13	-14	10	
275	1.3750	13	-14	11	
276	1.3800	13	-15	11	
277	1.3850	13	-15	11	
278	1.3900	13	-15	12	
279	1.3950	13	-16	12	
280	1.4000	14	-16	12	
281	1.4050	14	-16	12	
282	1.4100	14	-16	12	
283	1.4150	14	-16	12	
284	1.4200	14	-16	12	
285	1.4250	14	-17	12	
286	1.4300	14	-17	12	
287	1.4350	14	-17	12	
288	1.4400	14	-17	12	
289	1.4450	14	-17	12	
290	1.4500	15	-17	12	
291	1.4550	15	-17	12	
292	1.4600	15	-17	12	
293	1.4650	15	-16	12	
294	1.4700	15	-16	12	
295	1.4750	15	-16	12	
296	1.4800	15	-16	11	
297	1.4850	15	-16	11	
298	1.4900	15	-16	11	
299	1.4950	15	-15	10	
300	1.5000	15	-15	10	
301	1.5050	15	-15	10	
302	1.5100	15	-14	10	
303	1.5150	15	-14	9	
304	1.5200	15	-14	9	
305	1.5250	15	-13	8	
306	1.5300	15	-13	8	
307	1.5350	15	-12	8	
308	1.5400	15	-12	7	
309	1.5450	15	-12	6	
310	1.5500	15	-11	6	
311	1.5550	15	-10	6	
312	1.5600	15	-10	5	
313	1.5650	15	-9	4	
314	1.5700	15	-9	4	
315	1.5750	15	-8	3	
316	1.5800	14	-8	3	
317	1.5850	14	-7	2	
318	1.5900	14	-6	2	
319	1.5950	14	-6	1	
320	1.6000	14	-5	0	
321	1.6050	14	-4	0	
322	1.6100	14	-4	-1	
323	1.6150	14	-3	-2	
324	1.6200	14	-2	-2	
325	1.6250	13	-2	-3	
326	1.6300	13	-1	-3	
327	1.6350	13	0	-4	
328	1.6400	13	0	-4	
329	1.6450	13	1	-5	
330	1.6500	13	2	-6	
331	1.6550	12	2	-6	
332	1.6600	12	3	-7	
333	1.6650	12	4	-8	
334	1.6700	12	4	-8	
335	1.6750	12	5	-9	
336	1.6800	12	6	-10	
337	1.6850	12	6	-10	
338	1.6900	11	7	-10	
339	1.6950	11	8	-11	
340	1.7000	11	8	-12	
341	1.7050	11	9	-12	
342	1.7100	11	10	-13	
343	1.7150	10	10	-13	
344	1.7200	10	11	-14	
345	1.7250	10	11	-14	
346	1.7300	10	12	-15	
347	1.7350	10	12	-15	
348	1.7400	10	13	-16	
349	1.7450	10	13	-16	
350	1.7500	9	14	-16	
351	1.7550	9	14	-17	
352	1.7600	9	15	-17	
353	1.7650	9	15	-17	
354	1.7700	9	15	-18	
355	1.7750	9	16	-18	
356	1.7800	8	16	-18	
357	1.7850	8	16	-18	
358	1.7900	8	17	-19	
359	1.7950	8	17	-19	
360	1.8000	8	17	-19	
361	1.8050	8	17	-19	
362	1.8100	8	18	-19	
363	1.8150	8	18	-19	
364	1.8200	7	18	-20	
365	1.8250	7	18	-20	
366	1.8300	7	18	-20	
367	1.8350	7	18	-20	
368	1.8400	7	18	-20	
369	1.8450	7	18	-20	
370	1.8500	7	18	-19	
371	1.8550	7	18	-19	
372	1.8600	7	18	-19	
373	1.8650	7	18	-19	
374	1.8700	7	18	-19	
375	1.8750	7	18	-18	
376	1.8800	7	17	-18	
377	1.8850	7	17	-18	
378	1.8900	7	17	-18	
379	1.8950	6	16	-18	
380	1.9000	6	16	-17	
381	1.9050	6	16	-17	
382	1.9100	6	16	-16	
383	1.9150	6	15	-16	
384	1.9200	6	15	-16	
385	1.9250	7	14	-16	
386	1.9300	7	14	-15	
387	1.9350	7	14	-14	
388	1.9400	7	13	-14	
389	1.9450	7	13	-14	
390	1.9500	7	12	-13	
391	1.9550	7	12	-13	
392	1.9600	7	11	-12	
393	1.9650	7	10	-12	
394	1.9700	7	10	-11	
395	1.9750	7	10	-10	
396	1.9800	7	9	-10	
397	1.9850	7	8	-9	
398	1.9900	8	8	-9	
399	1.9950	8	7	-8	
400	2.0000	8	6	-8	
401	2.0050	8	6	-7	
402	2.0100	8	5	-6	
403	2.0150	8	4	-6	
404	2.0200	8	4	-5	
405	2.0250	8	3	-4	
406	2.0300	8	2	-4	
407	2.0350	9	2	-3	
408	2.0400	9	1	-3	
409	2.0450	9	0	-2	
410	2.0500	9	0	-2	
411	2.0550	9	-1	-1	
412	2.0600	10	-2	0	
413	2.0650	10	-2	0	
414	2.0700	10	-3	1	
415	2.0750	10	-4	2	
416	2.0800	10	-4	2	
417	2.0850	10	-5	3	
418	2.0900	10	-5	3	
419	2.0950	11	-6	4	
420	2.1000	11	-6	4	
421	2.1050	11	-7	5	
422	2.1100	11	-8	6	
423	2.1150	11	-8	6	
424	2.1200	12	-9	6	
425	2.1250	12	-9	7	
426	2.1300	12	-10	7	
427	2.1350	12	-10	8	
428	2.1400	12	-11	8	
429	2.1450	12	-11	8	
430	2.1500	12	-12	9	
431	2.1550	13	-12	9	
432	2.1600	13	-12	10	
433	2.1650	13	-13	10	
434	2.1700	13	-13	10	
435	2.1750	13	-14	10	
436	2.1800	13	-14	11	
437	2.1850	14	-14	11	
438	2.1900	14	-14	11	
439	2.1950	14	-14	11	
440	2.2000	14	-15	12	
441	2.2050	14	-15	12	
442	2.2100	14	-15	12	
443	2.2150	14	-15	12	
444	2.2200	14	-15	12	
445	2.2250	14	-15	12	
446	2.2300	14	-15	12	
447	2.2350	15	-15	12	
448	2.2400	15	-15	12	
449	2.2450	15	-15	12	
450	2.2500	15	-15	12	
451	2.2550	15	-15	12	
452	2.2600	15	-15	12	
453	2.2650	15	-15	12	
454	2.2700	15	-15	12	
455	2.2750	15	-15	11	
456	2.2800	15	-14	11	
457	2.2850	15	-14	11	
458	2.2900	15	-14	10	
459	2.2950	15	-14	10	
460	2.3000	15	-13	10	
461	2.3050	15	-13	10	
462	2.3100	15	-13	9	
463	2.3150	15	-12	9	
464	2.3200	15	-12	9	
465	2.3250	15	-12	8	
466	2.3300	15	-11	8	
467	2.3350	15	-11	8	
468	2.3400	15	-10	7	
469	2.3450	15	-10	6	
470	2.3500	15	-9	6	
471	2.3550	15	-9	6	
472	2.3600	15	-8	5	
473	2.3650	14	-8	4	
474	2.3700	14	-7	4	
475	2.3750	14	-6	4	
476	2.3800	14	-6	3	
477	2.3850	14	-5	2	
478	2.3900	14	-5	2	
479	2.3950	14	-4	1	
480	2.4000	14	-4	1	
481	2.4050	14	-3	0	
482	2.4100	13	-2	0	
483	2.4150	13	-2	-1	
484	2.4200	13	-1	-2	
485	2.4250	13	0	-2	
486	2.4300	13	0	-3	
487	2.4350	13	1	-4	
488	2.4400	12	2	-4	
489	2.4450	12	2	-4	
490	2.4500	12	3	-5	
491	2.4550	12	4	-6	
492	2.4600	12	4	-6	
493	2.4650	12	5	-7	
494	2.4700	12	6	-8	
495	2.4750	11	6	-8	
496	2.4800	11	7	-8	
497	2.4850	11	8	-9	
498	2.4900	11	8	-10	
499	2.4950	11	9	-10	
500	2.5000	10	9	-11	
501	2.5050	10	10	-11	
502	2.5100	10	10	-12	
503	2.5150	10	11	-12	
504	2.5200	10	12	-13	
505	2.5250	10	12	-13	
506	2.5300	10	12	-14	
507	2.5350	9	13	-14	
508	2.5400	9	13	-14	
509	2.5450	9	14	-15	
510	2.5500	9	14	-15	
511	2.5550	9	14	-16	
512	2.5600	9	15	-16	
513	2.5650	8	15	-16	
514	2.5700	8	16	-16	
515	2.5750	8	16	-16	
516	2.5800	8	16	-17	
517	2.5850	8	16	-17	
518	2.5900	8	17	-17	
519	2.5950	8	17	-18	
520	2.6000	8	17	-18	
521	2.6050	7	17	-18	
522	2.6100	7	17	-18	
523	2.6150	7	18	-18	
524	2.6200	7	18	-18	
525	2.6250	7	18	-18	
526	2.6300	7	18	-18	
527	2.6350	7	18	-18	
528	2.6400	7	18	-18	
529	2.6450	7	18	-18	
530	2.6500	7	18	-18	
531	2.6550	7	18	-18	
532	2.6600	7	17	-18	
533	2.6650	7	17	-18	
534	2.6700	7	17	-17	
535	2.6750	6	17	-17	
536	2.6800	6	17	-17	
537	2.6850	6	16	-17	
538	2.6900	6	16	-16	
539	2.6950	6	16	-16	
540	2.7000	6	16	-16	
541	2.7050	7	15	-16	
542	2.7100	7	15	-15	
543	2.7150	7	14	-15	
544	2.7200	7	14	-15	
545	2.7250	7	14	-14	
546	2.7300	7	13	-14	
547	2.7350	7	13	-14	
548	2.7400	7	12	-13	
549	2.7450	7	12	-13	
550	2.7500	7	11	-12	
551	2.7550	7	11	-12	
552	2.7600	7	10	-11	
553	2.7650	7	10	-11	
554	2.7700	7	9	-10	
555	2.7750	8	8	-10	
556	2.7800	8	8	-9	
557	2.7850	8	7	-9	
558	2.7900	8	7	-8	
559	2.7950	8	6	-8	
560	2.8000	8	6	-7	
561	2.8050	8	5	-6	
562	2.8100	8	4	-6	
563	2.8150	9	4	-5	
564	2.8200	9	3	-5	
565	2.8250	9	2	-4	
566	2.8300	9	2	-4	
567	2.8350	9	1	-3	
568	2.8400	9	0	-2	
569	2.8450	10	0	-2	
570	2.8500	10	-1	-2	
571	2.8550	10	-2	-1	
572	2.8600	10	-2	0	
573	2.8650	10	-3	0	
574	2.8700	10	-4	1	
575	2.8750	10	-4	1	
576	2.8800	11	-5	2	
577	2.8850	11	-5	2	
578	2.8900	11	-6	3	
579	2.8950	11	-6	3	
580	2.9000	11	-7	4	
581	2.9050	12	-8	4	
582	2.9100	12	-8	5	
583	2.9150	12	-9	5	
584	2.9200	12	-9	6	
585	2.9250	12	-10	6	
586	2.9300	12	-10	6	
587	2.9350	12	-11	7	
588	2.9400	13	-11	7	
589	2.9450	13	-12	8	
590	2.9500	13	-12	8	
591	2.9550	13	-12	8	
592	2.9600	13	-13	8	
593	2.9650	13	-13	9	
594	2.9700	14	-13	9	
595	2.9750	14	-14	9	
596	2.9800	14	-14	9	
597	2.9850	14	-14	10	
598	2.9900	14	-14	10	
599	2.9950	14	-14	10	
600	3.0000	14	-15	10	
601	3.0050	14	-15	10	
602	3.0100	14	-15	10	
603	3.0150	14	-15	10	
604	3.0200	15	-15	10	
605	3.0250	15	-15	10	
606	3.0300	15	-15	10	
607	3.0350	15	-15	10	
608	3.0400	15	-15	10	
609	3.0450	15	-15	10	
610	3.0500	15	-15	10	
611	3.0550	15	-15	10	
612	3.0600	15	-15	10	
613	3.0650	15	-15	10	
614	3.0700	15	-14	10	
615	3.0750	15	-14	9	
616	3.0800	15	-14	9	
617	3.0850	15	-14	9	
618	3.0900	15	-14	9	
619	3.0950	15	-13	8	
620	3.1000	15	-13	8	
621	3.1050	15	-13	8	
622	3.1100	15	-12	8	
623	3.1150	15	-12	7	
624	3.1200	15	-12	7	
625	3.1250	15	-11	6	
626	3.1300	15	-11	6	
627	3.1350	15	-10	6	
628	3.1400	15	-10	5	
629	3.1450	15	-9	5	
630	3.1500	14	-9	4	
631	3.1550	14	-8	4	
632	3.1600	14	-8	3	
633	3.1650	14	-7	3	
634	3.1700	14	-7	2	
635	3.1750	14	-6	2	
636	3.1800	14	-6	1	
637	3.1850	14	-5	1	
638	3.1900	14	-4	0	
639	3.1950	14	-4	0	
640	3.2000	13	-3	-1	
641	3.2050	13	-3	-1	
642	3.2100	13	-2	-2	
643	3.2150	13	-1	-2	
644	3.2200	13	-1	-3	
645	3.2250	12	0	-4	
646	3.2300	12	0	-4	
647	3.2350	12	1	-4	
648	3.2400	12	2	-5	
649	3.2450	12	2	-6	
650	3.2500	12	3	-6	
651	3.2550	12	4	-7	
652	3.2600	11	4	-7	
653	3.2650	11	5	-8	
654	3.2700	11	5	-8	
655	3.2750	11	6	-9	
656	3.2800	11	6	-9	
657	3.2850	10	7	-10	
658	3.2900	10	8	-10	
659	3.2950	10	8	-11	
660	3.3000	10	9	-11	
661	3.3050	10	9	-12	
662	3.3100	10	10	-12	
663	3.3150	10	10	-12	
664	3.3200	9	11	-13	
665	3.3250	9	11	-13	
666	3.3300	9	12	-14	
667	3.3350	9	12	-14	
668	3.3400	9	13	-14	
669	3.3450	8	13	-15	
670	3.3500	8	14	-15	
671	3.3550	8	14	-15	
672	3.3600	8	14	-16	
673	3.3650	8	14	-16	
674	3.3700	8	15	-16	
675	3.3750	8	15	-16	
676	3.3800	8	15	-16	
677	3.3850	8	16	-16	
678	3.3900	7	16	-17	
679	3.3950	7	16	-17	
680	3.4000	7	16	-17	
681	3.4050	7	16	-17	
682	3.4100	7	16	-17	
683	3.4150	7	16	-17	
684	3.4200	7	16	-17	
685	3.4250	7	16	-17	
686	3.4300	7	16	-17	
687	3.4350	7	16	-17	
688	3.4400	7	16	-17	
689	3.4450	7	16	-17	
690	3.4500	7	16	-17	
691	3.4550	7	16	-17	
692	3.4600	7	16	-16	
693	3.4650	7	16	-16	
694	3.4700	6	16	-16	
695	3.4750	6	16	-16	
696	3.4800	6	16	-16	
697	3.4850	6	15	-16	
698	3.4900	6	15	-15	
699	3.4950	7	15	-15	
700	3.5000	7	14	-15	
701	3.5050	7	14	-14	
702	3.5100	7	14	-14	
703	3.5150	7	13	-14	
704	3.5200	7	13	-13	
705	3.5250	7	12	-13	
706	3.5300	7	12	-12	
707	3.5350	7	12	-12	
708	3.5400	7	11	-12	
709	3.5450	7	11	-11	
710	3.5500	7	10	-11	
711	3.5550	7	10	-10	
712	3.5600	8	9	-10	
713	3.5650	8	9	-10	
714	3.5700	8	8	-9	
715	3.5750	8	8	-8	
716	3.5800	8	7	-8	
717	3.5850	8	6	-8	
718	3.5900	8	6	-7	
719	3.5950	8	6	-6	
720	3.6000	8	5	-6	
721	3.6050	9	4	-5	
722	3.6100	9	4	-5	
723	3.6150	9	3	-4	
724	3.6200	9	2	-4	
725	3.6250	9	2	-3	
726	3.6300	10	1	-3	
727	3.6350	10	1	-2	
728	3.6400	10	0	-2	
729	3.6450	10	0	-1	
730	3.6500	10	-1	0	
731	3.6550	10	-2	0	
732	3.6600	10	-2	0	
733	3.6650	11	-3	1	
734	3.6700	11	-3	2	
735	3.6750	11	-4	2	
736	3.6800	11	-4	2	
737	3.6850	11	-5	3	
738	3.6900	12	-6	4	
739	3.6950	12	-6	4	
740	3.7000	12	-6	4	
741	3.7050	12	-7	5	
742	3.7100	12	-8	5	
743	3.7150	12	-8	6	
744	3.7200	12	-8	6	
745	3.7250	13	-9	6	
746	3.7300	13	-9	7	
747	3.7350	13	-10	7	
748	3.7400	13	-10	7	
749	3.7450	13	-10	8	
750	3.7500	13	-11	8	
751	3.7550	14	-11	8	
752	3.7600	14	-12	8	
753	3.7650	14	-12	9	
754	3.7700	14	-12	9	
755	3.7750	14	-12	9	
756	3.7800	14	-12	9	
757	3.7850	14	-13	10	
758	3.7900	14	-13	10	
759	3.7950	14	-13	10	
760	3.8000	14	-13	10	
761	3.8050	15	-13	10	
762	3.8100	15	-13	10	
763	3.8150	15	-14	10	
764	3.8200	15	-14	10	
765	3.8250	15	-14	10	
766	3.8300	15	-14	10	
767	3.8350	15	-14	10	
768	3.8400	15	-14	10	
769	3.8450	15	-13	10	
770	3.8500	15	-13	10	
771	3.8550	15	-13	10	
772	3.8600	15	-13	9	
773	3.8650	15	-13	9	
774	3.8700	15	-13	9	
775	3.8750	15	-12	9	
776	3.8800	15	-12	8	
777	3.8850	15	-12	8	
778	3.8900	15	-12	8	
779	3.8950	15	-12	8	
780	3.9000	15	-11	8	
781	3.9050	15	-11	7	
782	3.9100	15	-10	7	
783	3.9150	15	-10	6	
784	3.9200	15	-10	6	
785	3.9250	15	-9	6	
786	3.9300	15	-9	5	
787	3.9350	14	-8	5	
788	3.9400	14	-8	4	
789	3.9450	14	-8	4	
790	3.9500	14	-7	4	
791	3.9550	14	-6	3	
792	3.9600	14	-6	3	
793	3.9650	14	-6	2	
794	3.9700	14	-5	2	
795	3.9750	14	-4	1	
796	3.9800	13	-4	1	
797	3.9850	13	-4	0	
798	3.9900	13	-3	0	
799	3.9950	13	-2	-1	
800	4.0000	13	-2	-1	
801	4.0050	13	-1	-2	
802	4.0100	12	-1	-2	
803	4.0150	12	0	-3	
804	4.0200	12	0	-3	
805	4.0250	12	1	-4	
806	4.0300	12	2	-4	
807	4.0350	12	2	-5	
808	4.0400	12	3	-5	
809	4.0450	11	3	-6	
810	4.0500	11	4	-6	
811	4.0550	11	4	-7	
812	4.0600	11	5	-7	
813	4.0650	11	6	-8	
814	4.0700	10	6	-8	
815	4.0750	10	7	-9	
816	4.0800	10	7	-9	
817	4.0850	10	8	-10	
818	4.0900	10	8	-10	
819	4.0950	10	9	-10	
820	4.1000	10	9	-11	
821	4.1050	9	10	-11	
822	4.1100	9	10	-12	
823	4.1150	9	10	-12	
824	4.1200	9	11	-12	
825	4.1250	9	11	-13	
826	4.1300	9	12	-13	
827	4.1350	8	12	-14	
828	4.1400	8	12	-14	
829	4.1450	8	13	-14	
830	4.1500	8	13	-14	
831	4.1550	8	14	-14	
832	4.1600	8	14	-15	
833	4.1650	8	14	-15	
834	4.1700	8	14	-15	
835	4.1750	7	14	-15	
836	4.1800	7	15	-16	
837	4.1850	7	15	-16	
838	4.1900	7	15	-16	
839	4.1950	7	15	-16	
840	4.2000	7	15	-16	
841	4.2050	7	15	-16	
842	4.2100	7	15	-16	
843	4.2150	7	15	-16	
844	4.2200	7	15	-16	
845	4.2250	7	15	-16	
846	4.2300	7	15	-16	
847	4.2350	7	15	-16	
848	4.2400	7	15	-16	
849	4.2450	7	15	-16	
850	4.2500	6	15	-16	
851	4.2550	6	15	-16	
852	4.2600	6	15	-16	
853	4.2650	6	14	-16	
854	4.2700	6	14	-15	
855	4.2750	6	14	-15	
856	4.2800	7	14	-15	
857	4.2850	7	14	-14	
858	4.2900	7	13	-14	
859	4.2950	7	13	-14	
860	4.3000	7	13	-14	
861	4.3050	7	12	-14	
862	4.3100	7	12	-13	
863	4.3150	7	12	-13	
864	4.3200	7	11	-12	
865	4.3250	7	11	-12	
866	4.3300	7	10	-12	
867	4.3350	7	10	-11	
868	4.3400	7	9	-11	
869	4.3450	8	9	-10	
870	4.3500	8	8	-10	
871	4.3550	8	8	-10	
872	4.3600	8	8	-9	
873	4.3650	8	7	-9	
874	4.3700	8	6	-8	
875	4.3750	8	6	-8	
876	4.3800	8	5	-8	
877	4.3850	8	5	-7	
878	4.3900	9	4	-6	
879	4.3950	9	4	-6	
880	4.4000	9	3	-6	
881	4.4050	9	2	-5	
882	4.4100	9	2	-4	
883	4.4150	10	2	-4	
884	4.4200	10	1	-4	
885	4.4250	10	0	-3	
886	4.4300	10	0	-3	
887	4.4350	10	-1	-2	
888	4.4400	10	-1	-2	
889	4.4450	10	-2	-1	
890	4.4500	11	-2	-1	
891	4.4550	11	-3	0	
892	4.4600	11	-4	0	
893	4.4650	11	-4	0	
894	4.4700	11	-4	1	
895	4.4750	12	-5	2	
896	4.4800	12	-6	2	
897	4.4850	12	-6	2	
898	4.4900	12	-6	3	
899	4.4950	12	-7	3	
900	4.5000	12	-8	4	
901	4.5050	12	-8	4	
902	4.5100	13	-8	4	
903	4.5150	13	-9	4	
904	4.5200	13	-9	5	
905	4.5250	13	-10	5	
906	4.5300	13	-10	6	
907	4.5350	13	-10	6	
908	4.5400	14	-10	6	
909	4.5450	14	-11	6	
910	4.5500	14	-11	6	
911	4.5550	14	-12	7	
912	4.5600	14	-12	7	
913	4.5650	14	-12	7	
914	4.5700	14	-12	7	
915	4.5750	14	-12	8	
916	4.5800	14	-12	8	
917	4.5850	14	-13	8	
918	4.5900	15	-13	8	
919	4.5950	15	-13	8	
920	4.6000	15	-13	8	
921	4.6050	15	-13	8	
922	4.6100	15	-13	8	
923	4.6150	15	-13	8	
924	4.6200	15	-13	8	
925	4.6250	15	-13	8	
926	4.6300	15	-13	8	
927	4.6350	15	-13	8	
928	4.6400	15	-13	8	
929	4.6450	15	-13	8	
930	4.6500	15	-13	8	
931	4.6550	15	-12	8	
932	4.6600	15	-12	7	
933	4.6650	15	-12	7	
934	4.6700	15	-12	7	
935	4.6750	15	-12	7	
936	4.6800	15	-12	6	
937	4.6850	15	-11	6	
938	4.6900	15	-11	6	
939	4.6950	15	-11	6	
940	4.7000	15	-10	6	
941	4.7050	15	-10	5	
942	4.7100	15	-10	5	
943	4.7150	15	-9	4	
944	4.7200	14	-9	4	
945	4.7250	14	-8	4	
946	4.7300	14	-8	4	
947	4.7350	14	-8	3	
948	4.7400	14	-7	3	
949	4.7450	14	-7	2	
950	4.7500	14	-6	2	
951	4.7550	14	-6	2	
952	4.7600	14	-5	1	
953	4.7650	14	-5	1	
954	4.7700	13	-4	0	
955	4.7750	13	-4	0	
956	4.7800	13	-3	-1	
957	4.7850	13	-3	-1	
958	4.7900	13	-2	-2	
959	4.7950	13	-2	-2	
960	4.8000	12	-1	-2	
961	4.8050	12	0	-3	
962	4.8100	12	0	-3	
963	4.8150	12	1	-4	
964	4.8200	12	1	-4	
965	4.8250	12	2	-5	
966	4.8300	11	2	-5	
967	4.8350	11	3	-6	
968	4.8400	11	3	-6	
969	4.8450	11	4	-6	
970	4.8500	11	4	-7	
971	4.8550	11	5	-8	
972	4.8600	10	5	-8	
973	4.8650	10	6	-8	
974	4.8700	10	6	-9	
975	4.8750	10	7	-9	
976	4.8800	10	7	-10	
977	4.8850	10	8	-10	
978	4.8900	9	8	-10	
979	4.8950	9	9	-11	
980	4.9000	9	9	-11	
981	4.9050	9	10	-11	
982	4.9100	9	10	-12	
983	4.9150	9	10	-12	
984	4.9200	8	11	-12	
985	4.9250	8	11	-12	
986	4.9300	8	12	-13	
987	4.9350	8	12	-13	
988	4.9400	8	12	-13	
989	4.9450	8	12	-14	
990	4.9500	8	13	-14	
991	4.9550	8	13	-14	
992	4.9600	7	13	-14	
993	4.9650	7	14	-14	
994	4.9700	7	14	-14	
995	4.9750	7	14	-14	
996	4.9800	7	14	-15	
997	4.9850	7	14	-15	
998	4.9900	7	14	-15	
999	4.9950	7	14	-15	
1000	5.0000	7	14	-15	
1001	5.0050	7	14	-15	
1002	5.0100	7	14	-15	
1003	5.0150	7	14	-15	
1004	5.0200	7	14	-15	
1005	5.0250	7	14	-15	
1006	5.0300	7	14	-15	
1007	5.0350	6	14	-15	
1008	5.0400	6	14	-14	
1009	5.0450	6	14	-14	
1010	5.0500	6	14	-14	
1011	5.0550	6	14	-14	
1012	5.0600	6	14	-14	
1013	5.0650	7	14	-14	
1014	5.0700	7	13	-14	
1015	5.0750	7	13	-13	
1016	5.0800	7	13	-13	
1017	5.0850	7	12	-13	
1018	5.0900	7	12	-12	
1019	5.0950	7	12	-12	
1020	5.1000	7	12	-12	
1021	5.1050	7	11	-12	
1022	5.1100	7	11	-11	
1023	5.1150	7	10	-11	
1024	5.1200	7	10	-11	
1025	5.1250	7	10	-10	
1026	5.1300	8	9	-10	
1027	5.1350	8	9	-10	
1028	5.1400	8	8	-9	
1029	5.1450	8	8	-9	
1030	5.1500	8	8	-8	
1031	5.1550	8	7	-8	
1032	5.1600	8	7	-8	
1033	5.1650	8	6	-7	
1034	5.1700	8	6	-7	
1035	5.1750	9	5	-6	
1036	5.1800	9	5	-6	
1037	5.1850	9	4	-5	
1038	5.1900	9	4	-5	
1039	5.1950	9	3	-4	
1040	5.2000	9	3	-4	
1041	5.2050	10	2	-4	
1042	5.2100	10	2	-3	
1043	5.2150	10	1	-3	
1044	5.2200	10	1	-2	
1045	5.2250	10	0	-2	
1046	5.2300	10	0	-1	
1047	5.2350	11	-1	-1	
1048	5.2400	11	-2	0	
1049	5.2450	11	-2	0	
1050	5.2500	11	-2	0	
1051	5.2550	11	-3	1	
1052	5.2600	12	-3	1	
1053	5.2650	12	-4	2	
1054	5.2700	12	-4	2	
1055	5.2750	12	-5	2	
1056	5.2800	12	-5	3	
1057	5.2850	12	-6	3	
1058	5.2900	12	-6	4	
1059	5.2950	13	-6	4	
1060	5.3000	13	-7	4	
1061	5.3050	13	-7	4	
1062	5.3100	13	-8	5	
1063	5.3150	13	-8	5	
1064	5.3200	13	-8	6	
1065	5.3250	14	-9	6	
1066	5.3300	14	-9	6	
1067	5.3350	14	-9	6	
1068	5.3400	14	-10	6	
1069	5.3450	14	-10	6	
1070	5.3500	14	-10	7	
1071	5.3550	14	-10	7	
1072	5.3600	14	-10	7	
1073	5.3650	14	-11	7	
1074	5.3700	14	-11	7	
1075	5.3750	15	-11	8	
1076	5.3800	15	-11	8	
1077	5.3850	15	-11	8	
1078	5.3900	15	-11	8	
1079	5.3950	15	-11	8	
1080	5.4000	15	-11	8	
1081	5.4050	15	-11	8	
1082	5.4100	15	-11	8	
1083	5.4150	15	-11	8	
1084	5.4200	15	-11	8	
1085	5.4250	15	-11	8	
1086	5.4300	15	-11	8	
1087	5.4350	15	-11	8	
1088	5.4400	15	-11	7	
1089	5.4450	15	-11	7	
1090	5.4500	15	-11	7	
1091	5.4550	15	-10	7	
1092	5.4600	15	-10	7	
1093	5.4650	15	-10	6	
1094	5.4700	15	-10	6	
1095	5.4750	15	-10	6	
1096	5.4800	15	-10	6	
1097	5.4850	15	-9	6	
1098	5.4900	15	-9	5	
1099	5.4950	15	-8	5	
1100	5.5000	15	-8	5	
1101	5.5050	14	-8	4	
1102	5.5100	14	-8	4	
1103	5.5150	14	-7	4	
1104	5.5200	14	-7	4	
1105	5.5250	14	-6	3	
1106	5.5300	14	-6	3	
1107	5.5350	14	-6	2	
1108	5.5400	14	-5	2	
1109	5.5450	14	-5	2	
1110	5.5500	14	-4	1	
1111	5.5550	13	-4	1	
1112	5.5600	13	-3	0	
1113	5.5650	13	-3	0	
1114	5.5700	13	-2	0	
1115	5.5750	13	-2	-1	
1116	5.5800	13	-2	-1	
1117	5.5850	12	-1	-2	
1118	5.5900	12	0	-2	
1119	5.5950	12	0	-3	
1120	5.6000	12	0	-3	
1121	5.6050	12	1	-4	
1122	5.6100	12	2	-4	
1123	5.6150	11	2	-4	
1124	5.6200	11	2	-5	
1125	5.6250	11	3	-5	
1126	5.6300	11	3	-6	
1127	5.6350	11	4	-6	
1128	5.6400	11	4	-6	
1129	5.6450	10	5	-7	
1130	5.6500	10	5	-7	
1131	5.6550	10	6	-8	
1132	5.6600	10	6	-8	
1133	5.6650	10	7	-8	
1134	5.6700	10	7	-9	
1135	5.6750	9	8	-9	
1136	5.6800	9	8	-10	
1137	5.6850	9	8	-10	
1138	5.6900	9	8	-10	
1139	5.6950	9	9	-10	
1140	5.7000	9	9	-11	
1141	5.7050	8	10	-11	
1142	5.7100	8	10	-12	
1143	5.7150	8	10	-12	
1144	5.7200	8	11	-12	
1145	5.7250	8	11	-12	
1146	5.7300	8	11	-12	
1147	5.7350	8	12	-13	
1148	5.7400	8	12	-13	
1149	5.7450	7	12	-13	
1150	5.7500	7	12	-13	
1151	5.7550	7	12	-14	
1152	5.7600	7	12	-14	
1153	5.7650	7	13	-14	
1154	5.7700	7	13	-14	
1155	5.7750	7	13	-14	
1156	5.7800	7	13	-14	
1157	5.7850	7	13	-14	
1158	5.7900	7	13	-14	
1159	5.7950	7	13	-14	
1160	5.8000	7	13	-14	
1161	5.8050	7	13	-14	
1162	5.8100	7	13	-14	
1163	5.8150	7	13	-14	
1164	5.8200	6	13	-14	
1165	5.8250	6	13	-14	
1166	5.8300	6	13	-14	
1167	5.8350	6	13	-14	
1168	5.8400	6	12	-14	
1169	5.8450	6	12	-14	
1170	5.8500	7	12	-14	
1171	5.8550	7	12	-13	
1172	5.8600	7	12	-13	
1173	5.8650	7	12	-13	
1174	5.8700	7	11	-13	
1175	5.8750	7	11	-12	
1176	5.8800	7	11	-12	
1177	5.8850	7	10	-12	
1178	5.8900	7	10	-12	
1179	5.8950	7	10	-12	
1180	5.9000	7	10	-11	
1181	5.9050	7	9	-11	
1182	5.9100	7	9	-10	
1183	5.9150	8	8	-10	
1184	5.9200	8	8	-10	
1185	5.9250	8	8	-10	
1186	5.9300	8	7	-9	
1187	5.9350	8	7	-9	
1188	5.9400	8	6	-8	
1189	5.9450	8	6	-8	
1190	5.9500	8	6	-8	
1191	5.9550	8	5	-7	
1192	5.9600	9	4	-7	
1193	5.9650	9	4	-6	
1194	5.9700	9	4	-6	
1195	5.9750	9	3	-6	
1196	5.9800	9	3	-5	
1197	5.9850	9	2	-5	
1198	5.9900	10	2	-4	
1199	5.9950	10	1	-4	
1200	6.0000	10	1	-4	
1201	6.0050	10	0	-3	
1202	6.0100	10	0	-3	
1203	6.0150	10	-1	-2	
1204	6.0200	11	-1	-2	
1205	6.0250	11	-2	-2	
1206	6.0300	11	-2	-1	
1207	6.0350	11	-3	-1	
1208	6.0400	11	-3	-1	
1209	6.0450	12	-4	0	
1210	6.0500	12	-4	0	
1211	6.0550	12	-4	0	
1212	6.0600	12	-5	1	
1213	6.0650	12	-5	1	
1214	6.0700	12	-6	2	
1215	6.0750	12	-6	2	
1216	6.0800	13	-6	2	
1217	6.0850	13	-7	2	
1218	6.0900	13	-7	3	
1219	6.0950	13	-8	3	
1220	6.1000	13	-8	3	
1221	6.1050	13	-8	4	
1222	6.1100	14	-8	4	
1223	6.1150	14	-9	4	
1224	6.1200	14	-9	4	
1225	6.1250	14	-9	4	
1226	6.1300	14	-10	5	
1227	6.1350	14	-10	5	
1228	6.1400	14	-10	5	
1229	6.1450	14	-10	5	
1230	6.1500	14	-10	6	
1231	6.1550	14	-10	6	
1232	6.1600	15	-11	6	
1233	6.1650	15	-11	6	
1234	6.1700	15	-11	6	
1235	6.1750	15	-11	6	
1236	6.1800	15	-11	6	
1237	6.1850	15	-11	6	
1238	6.1900	15	-11	6	
1239	6.1950	15	-11	6	
1240	6.2000	15	-11	6	
1241	6.2050	15	-11	6	
1242	6.2100	15	-11	6	
1243	6.2150	15	-11	6	
1244	6.2200	15	-11	6	
1245	6.2250	15	-11	6	
1246	6.2300	15	-11	6	
1247	6.2350	15	-10	6	
1248	6.2400	15	-10	5	
1249	6.2450	15	-10	5	
1250	6.2500	15	-10	5	
1251	6.2550	15	-10	5	
1252	6.2600	15	-10	5	
1253	6.2650	15	-9	4	
1254	6.2700	15	-9	4	
1255	6.2750	15	-9	4	
1256	6.2800	15	-8	4	
1257	6.2850	15	-8	4	
1258	6.2900	14	-8	3	
1259	6.2950	14	-8	3	
1260	6.3000	14	-7	3	
1261	6.3050	14	-7	2	
1262	6.3100	14	-6	2	
1263	6.3150	14	-6	2	
1264	6.3200	14	-6	2	
1265	6.3250	14	-5	1	
1266	6.3300	14	-5	1	
1267	6.3350	14	-4	0	
1268	6.3400	13	-4	0	
1269	6.3450	13	-4	0	
1270	6.3500	13	-3	0	
1271	6.3550	13	-3	-1	
1272	6.3600	13	-2	-1	
1273	6.3650	13	-2	-2	
1274	6.3700	12	-1	-2	
1275	6.3750	12	-1	-2	
1276	6.3800	12	0	-3	
1277	6.3850	12	0	-3	
1278	6.3900	12	0	-4	
1279	6.3950	12	1	-4	
1280	6.4000	12	1	-4	
1281	6.4050	11	2	-5	
1282	6.4100	11	2	-5	
1283	6.4150	11	3	-6	
1284	6.4200	11	3	-6	
1285	6.4250	11	4	-6	
1286	6.4300	10	4	-6	
1287	6.4350	10	5	-7	
1288	6.4400	10	5	-7	
1289	6.4450	10	6	-8	
1290	6.4500	10	6	-8	
1291	6.4550	10	6	-8	
1292	6.4600	9	7	-8	
1293	6.4650	9	7	-9	
1294	6.4700	9	8	-9	
1295	6.4750	9	8	-10	
1296	6.4800	9	8	-10	
1297	6.4850	9	8	-10	
1298	6.4900	8	9	-10	
1299	6.4950	8	9	-10	
1300	6.5000	8	10	-11	
1301	6.5050	8	10	-11	
1302	6.5100	8	10	-11	
1303	6.5150	8	10	-12	
1304	6.5200	8	11	-12	
1305	6.5250	8	11	-12	
1306	6.5300	8	11	-12	
1307	6.5350	7	11	-12	
1308	6.5400	7	12	-12	
1309	6.5450	7	12	-12	
1310	6.5500	7	12	-12	
1311	6.5550	7	12	-13	
1312	6.5600	7	12	-13	
1313	6.5650	7	12	-13	
1314	6.5700	7	12	-13	
1315	6.5750	7	12	-13	
1316	6.5800	7	12	-13	
1317	6.5850	7	12	-13	
1318	6.5900	7	12	-13	
1319	6.5950	7	12	-13	
1320	6.6000	6	12	-13	
1321	6.6050	6	12	-13	
1322	6.6100	6	12	-13	
1323	6.6150	6	12	-13	
1324	6.6200	6	12	-13	
1325	6.6250	6	12	-12	
1326	6.6300	6	12	-12	
1327	6.6350	6	12	-12	
1328	6.6400	6	11	-12	
1329	6.6450	7	11	-12	
1330	6.6500	7	11	-12	
1331	6.6550	7	11	-12	
1332	6.6600	7	10	-11	
1333	6.6650	7	10	-11	
1334	6.6700	7	10	-11	
1335	6.6750	7	10	-11	
1336	6.6800	7	10	-10	
1337	6.6850	7	9	-10	
1338	6.6900	7	9	-10	
1339	6.6950	7	8	-10	
1340	6.7000	7	8	-9	
1341	6.7050	8	8	-9	
1342	6.7100	8	8	-8	
1343	6.7150	8	7	-8	
1344	6.7200	8	7	-8	
1345	6.7250	8	6	-8	
1346	6.7300	8	6	-7	
1347	6.7350	8	6	-7	
1348	6.7400	8	5	-6	
1349	6.7450	9	5	-6	
1350	6.7500	9	4	-6	
1351	6.7550	9	4	-6	
1352	6.7600	9	4	-5	
1353	6.7650	9	3	-5	
1354	6.7700	9	3	-4	
1355	6.7750	10	2	-4	
1356	6.7800	10	2	-4	
1357	6.7850	10	1	-3	
1358	6.7900	10	1	-3	
1359	6.7950	10	0	-2	
1360	6.8000	10	0	-2	
1361	6.8050	11	0	-2	
1362	6.8100	11	-1	-2	
1363	6.8150	11	-1	-1	
1364	6.8200	11	-2	-1	
1365	6.8250	11	-2	0	
1366	6.8300	11	-2	0	
1367	6.8350	12	-3	0	
1368	6.8400	12	-3	1	
1369	6.8450	12	-4	1	
1370	6.8500	12	-4	1	
1371	6.8550	12	-4	2	
1372	6.8600	12	-5	2	
1373	6.8650	13	-5	2	
1374	6.8700	13	-6	2	
1375	6.8750	13	-6	3	
1376	6.8800	13	-6	3	
1377	6.8850	13	-6	3	
1378	6.8900	13	-7	4	
1379	6.8950	13	-7	4	
1380	6.9000	14	-7	4	
1381	6.9050	14	-8	4	
1382	6.9100	14	-8	4	
1383	6.9150	14	-8	4	
1384	6.9200	14	-8	5	
1385	6.9250	14	-8	5	
1386	6.9300	14	-9	5	
1387	6.9350	14	-9	5	
1388	6.9400	14	-9	5	
1389	6.9450	14	-9	5	
1390	6.9500	15	-9	6	
1391	6.9550	15	-9	6	
1392	6.9600	15	-10	6	
1393	6.9650	15	-10	6	
1394	6.9700	15	-10	6	
1395	6.9750	15	-10	6	
1396	6.9800	15	-10	6	
1397	6.9850	15	-10	6	
1398	6.9900	15	-10	6	
1399	6.9950	15	-10	6	
1400	7.0000	15	-10	6	
1401	7.0050	15	-10	6	
1402	7.0100	15	-9	5	
1403	7.0150	15	-9	5	
1404	7.0200	15	-9	5	
1405	7.0250	15	-9	5	
1406	7.0300	15	-9	5	
1407	7.0350	15	-9	5	
1408	7.0400	15	-8	4	
1409	7.0450	15	-8	4	
1410	7.0500	15	-8	4	
1411	7.0550	15	-8	4	
1412	7.0600	15	-8	4	
1413	7.0650	15	-7	4	
1414	7.0700	15	-7	3	
1415	7.0750	14	-7	3	
1416	7.0800	14	-6	3	
1417	7.0850	14	-6	2	
1418	7.0900	14	-6	2	
1419	7.0950	14	-6	2	
1420	7.1000	14	-5	2	
1421	7.1050	14	-5	1	
1422	7.1100	14	-4	1	
1423	7.1150	14	-4	1	
1424	7.1200	14	-4	0	
1425	7.1250	13	-3	0	
1426	7.1300	13	-3	0	
1427	7.1350	13	-3	-1	
1428	7.1400	13	-2	-1	
1429	7.1450	13	-2	-1	
1430	7.1500	12	-2	-2	
1431	7.1550	12	-1	-2	
1432	7.1600	12	-1	-2	
1433	7.1650	12	0	-3	
1434	7.1700	12	0	-3	
1435	7.1750	12	1	-4	
1436	7.1800	12	1	-4	
1437	7.1850	11	2	-4	
1438	7.1900	11	2	-4	
1439	7.1950	11	2	-5	
1440	7.2000	11	3	-5	
1441	7.2050	11	3	-6	
1442	7.2100	10	4	-6	
1443	7.2150	10	4	-6	
1444	7.2200	10	4	-7	
1445	7.2250	10	5	-7	
1446	7.2300	10	5	-7	
1447	7.2350	10	6	-8	
1448	7.2400	10	6	-8	
1449	7.2450	9	6	-8	
1450	7.2500	9	6	-8	
1451	7.2550	9	7	-9	
1452	7.2600	9	7	-9	
1453	7.2650	9	8	-9	
1454	7.2700	9	8	-10	
1455	7.2750	8	8	-10	
1456	7.2800	8	8	-10	
1457	7.2850	8	9	-10	
1458	7.2900	8	9	-10	
1459	7.2950	8	9	-11	
1460	7.3000	8	10	-11	
1461	7.3050	8	10	-11	
1462	7.3100	8	10	-11	
1463	7.3150	7	10	-12	
1464	7.3200	7	10	-12	
1465	7.3250	7	10	-12	
1466	7.3300	7	11	-12	
1467	7.3350	7	11	-12	
1468	7.3400	7	11	-12	
1469	7.3450	7	11	-12	
1470	7.3500	7	11	-12	
1471	7.3550	7	11	-12	
1472	7.3600	7	11	-12	
1473	7.3650	7	11	-12	
1474	7.3700	7	11	-12	
1475	7.3750	6	11	-12	
1476	7.3800	6	11	-12	
1477	7.3850	6	11	-12	
1478	7.3900	6	11	-12	
1479	7.3950	6	11	-12	
1480	7.4000	6	11	-12	
1481	7.4050	6	11	-12	
1482	7.4100	6	11	-12	
1483	7.4150	6	10	-12	
1484	7.4200	6	10	-12	
1485	7.4250	6	10	-12	
1486	7.4300	7	10	-12	
1487	7.4350	7	10	-11	
1488	7.4400	7	10	-11	
1489	7.4450	7	9	-11	
1490	7.4500	7	9	-11	
1491	7.4550	7	9	-10	
1492	7.4600	7	9	-10	
1493	7.4650	7	8	-10	
1494	7.4700	7	8	-10	
1495	7.4750	7	8	-10	
1496	7.4800	7	8	-9	
1497	7.4850	7	7	-9	
1498	7.4900	8	7	-9	
1499	7.4950	8	6	-8	
1500	7.5000	8	6	-8	
1501	7.5050	8	6	-8	
1502	7.5100	8	6	-8	
1503	7.5150	8	5	-7	
1504	7.5200	8	5	-7	
1505	7.5250	8	4	-7	
1506	7.5300	9	4	-6	
1507	7.5350	9	4	-6	
1508	7.5400	9	3	-6	
1509	7.5450	9	3	-5	
1510	7.5500	9	2	-5	
1511	7.5550	9	2	-5	
1512	7.5600	10	2	-4	
1513	7.5650	10	1	-4	
1514	7.5700	10	1	-4	
1515	7.5750	10	0	-3	
1516	7.5800	10	0	-3	
1517	7.5850	10	0	-3	
1518	7.5900	10	-1	-2	
1519	7.5950	11	-1	-2	
1520	7.6000	11	-2	-2	
1521	7.6050	11	-2	-1	
1522	7.6100	11	-2	-1	
1523	7.6150	11	-3	-1	
1524	7.6200	12	-3	0	
1525	7.6250	12	-4	0	
1526	7.6300	12	-4	0	
1527	7.6350	12	-4	0	
1528	7.6400	12	-5	1	
1529	7.6450	12	-5	1	
1530	7.6500	13	-6	1	
1531	7.6550	13	-6	2	
1532	7.6600	13	-6	2	
1533	7.6650	13	-6	2	
1534	7.6700	13	-7	2	
1535	7.6750	13	-7	2	
1536	7.6800	14	-7	3	
1537	7.6850	14	-7	3	
1538	7.6900	14	-8	3	
1539	7.6950	14	-8	3	
1540	7.7000	14	-8	3	
1541	7.7050	14	-8	4	
1542	7.7100	14	-8	4	
1543	7.7150	14	-8	4	
1544	7.7200	14	-9	4	
1545	7.7250	14	-9	4	
1546	7.7300	14	-9	4	
1547	7.7350	15	-9	4	
1548	7.7400	15	-9	4	
1549	7.7450	15	-9	4	
1550	7.7500	15	-9	4	
1551	7.7550	15	-9	4	
1552	7.7600	15	-9	4	
1553	7.7650	15	-9	4	
1554	7.7700	15	-9	4	
1555	7.7750	15	-9	4	
1556	7.7800	15	-9	4	
1557	7.7850	15	-9	4	
1558	7.7900	15	-9	4	
1559	7.7950	15	-9	4	
1560	7.8000	15	-9	4	
1561	7.8050	15	-9	4	
1562	7.8100	15	-8	4	
1563	7.8150	15	-8	4	
1564	7.8200	15	-8	4	
1565	7.8250	15	-8	3	
1566	7.8300	15	-8	3	
1567	7.8350	15	-8	3	
1568	7.8400	15	-7	3	
1569	7.8450	15	-7	3	
1570	7.8500	15	-7	2	
1571	7.8550	15	-7	2	
1572	7.8600	14	-6	2	
1573	7.8650	14	-6	2	
1574	7.8700	14	-6	2	
1575	7.8750	14	-6	1	
1576	7.8800	14	-5	1	
1577	7.8850	14	-5	1	
1578	7.8900	14	-4	0	
1579	7.8950	14	-4	0	
1580	7.9000	14	-4	0	
1581	7.9050	14	-4	0	
1582	7.9100	13	-3	-1	
1583	7.9150	13	-3	-1	
1584	7.9200	13	-2	-1	
1585	7.9250	13	-2	-2	
1586	7.9300	13	-2	-2	
1587	7.9350	13	-1	-2	
1588	7.9400	12	-1	-2	
1589	7.9450	12	0	-3	
1590	7.9500	12	0	-3	
1591	7.9550	12	0	-3	
1592	7.9600	12	1	-4	
1593	7.9650	12	1	-4	
1594	7.9700	11	2	-4	
1595	7.9750	11	2	-5	
1596	7.9800	11	2	-5	
1597	7.9850	11	3	-5	
1598	7.9900	11	3	-6	
1599	7.9950	10	4	-6	
1600	8.0000	10	4	-6	
1601	8.0050	10	4	-6	
1602	8.0100	10	5	-7	
1603	8.0150	10	5	-7	
1604	8.0200	10	6	-7	
1605	8.0250	10	6	-8	
1606	8.0300	9	6	-8	
1607	8.0350	9	6	-8	
1608	8.0400	9	7	-8	
1609	8.0450	9	7	-8	
1610	8.0500	9	7	-8	
1611	8.0550	9	8	-8	
1612	8.0600	8	8	-8	
1613	8.0650	8	8	-9	
1614	8.0700	8	8	-9	
1615	8.0750	8	9	-9	
1616	8.0800	8	9	-9	
1617	8.0850	8	9	-9	
1618	8.0900	8	10	-9	
1619	8.0950	8	10	-9	
1620	8.1000	7	10	-9	
1621	8.1050	7	10	-10	
1622	8.1100	7	10	-10	
1623	8.1150	7	10	-10	
1624	8.1200	7	10	-10	
1625	8.1250	7	10	-10	
1626	8.1300	7	11	-10	
1627	8.1350	7	11	-10	
1628	8.1400	7	11	-10	
1629	8.1450	7	11	-10	
1630	8.1500	7	11	-10	
1631	8.1550	7	11	-10	
1632	8.1600	6	11	-10	
1633	8.1650	6	11	-10	
1634	8.1700	6	11	-10	
1635	8.1750	6	11	-10	
1636	8.1800	6	11	-10	
1637	8.1850	6	11	-10	
1638	8.1900	6	11	-10	
1639	8.1950	6	10	-10	
1640	8.2000	6	10	-10	
1641	8.2050	6	10	-10	
1642	8.2100	6	10	-10	
1643	8.2150	7	10	-10	
1644	8.2200	7	10	-10	
1645	8.2250	7	10	-10	
1646	8.2300	7	9	-10	
1647	8.2350	7	9	-10	
1648	8.2400	7	9	-10	
1649	8.2450	7	9	-10	
1650	8.2500	7	8	-10	
1651	8.2550	7	8	-10	
1652	8.2600	7	8	-10	
1653	8.2650	7	8	-10	
1654	8.2700	7	7	-9	
1655	8.2750	8	7	-9	
1656	8.2800	8	7	-9	
1657	8.2850	8	6	-9	
1658	8.2900	8	6	-9	
1659	8.2950	8	6	-9	
1660	8.3000	8	6	-9	
1661	8.3050	8	5	-9	
1662	8.3100	8	5	-9	
1663	8.3150	9	4	-9	
1664	8.3200	9	4	-9	
1665	8.3250	9	4	-9	
1666	8.3300	9	3	-9	
1667	8.3350	9	3	-9	
1668	8.3400	9	2	-9	
1669	8.3450	10	2	-9	
1670	8.3500	10	2	-9	
1671	8.3550	10	1	-9	
1672	8.3600	10	1	-9	
1673	8.3650	10	0	-9	
1674	8.3700	10	0	-9	
1675	8.3750	10	0	-9	
1676	8.3800	11	-1	-10	
1677	8.3850	11	-1	-10	
1678	8.3900	11	-2	-10	
1679	8.3950	11	-2	-10	
1680	8.4000	11	-2	-10	
1681	8.4050	12	-3	-10	
1682	8.4100	12	-3	-10	
1683	8.4150	12	-4	-10	
1684	8.4200	12	-4	-10	
1685	8.4250	12	-4	-10	
1686	8.4300	12	-5	-10	
1687	8.4350	12	-5	-10	
1688	8.4400	13	-6	-10	
1689	8.4450	13	-6	-10	
1690	8.4500	13	-6	-10	
1691	8.4550	13	-7	-10	
1692	8.4600	13	-7	-10	
1693	8.4650	13	-8	-10	
1694	8.4700	14	-8	-10	
1695	8.4750	14	-8	-10	
1696	8.4800	14	-8	-10	
1697	8.4850	14	-9	-10	
1698	8.4900	14	-9	-10	
1699	8.4950	14	-10	-10	
1700	8.5000	14	-10	-10	
1701	8.5050	14	-10	-10	
1702	8.5100	14	-10	-11	
1703	8.5150	14	-11	-11	
1704	8.5200	15	-11	-11	
1705	8.5250	15	-11	-11	
1706	8.5300	15	-11	-11	
1707	8.5350	15	-12	-11	
1708	8.5400	15	-12	-11	
1709	8.5450	15	-12	-11	
1710	8.5500	15	-12	-11	
1711	8.5550	15	-12	-11	
1712	8.5600	15	-12	-11	
1713	8.5650	15	-13	-11	
1714	8.5700	15	-13	-11	
1715	8.5750	15	-13	-11	
1716	8.5800	15	-13	-11	
1717	8.5850	15	-13	-11	
1718	8.5900	15	-13	-11	
1719	8.5950	15	-14	-11	
1720	8.6000	15	-14	-11	
1721	8.6050	15	-14	-11	
1722	8.6100	15	-14	-11	
1723	8.6150	15	-14	-11	
1724	8.6200	15	-14	-11	
1725	8.6250	15	-14	-11	
1726	8.6300	15	-14	-10	
1727	8.6350	15	-14	-10	
1728	8.6400	15	-14	-10	
1729	8.6450	14	-14	-10	
1730	8.6500	14	-14	-10	
1731	8.6550	14	-14	-10	
1732	8.6600	14	-14	-10	
1733	8.6650	14	-14	-10	
1734	8.6700	14	-13	-10	
1735	8.6750	14	-13	-10	
1736	8.6800	14	-13	-10	
1737	8.6850	14	-13	-10	
1738	8.6900	14	-13	-10	
1739	8.6950	13	-13	-10	
1740	8.7000	13	-12	-10	
1741	8.7050	13	-12	-10	
1742	8.7100	13	-12	-10	
1743	8.7150	13	-12	-10	
1744	8.7200	13	-12	-10	
1745	8.7250	12	-12	-10	
1746	8.7300	12	-11	-10	
1747	8.7350	12	-11	-10	
1748	8.7400	12	-11	-10	
1749	8.7450	12	-10	-10	
1750	8.7500	12	-10	-10	
1751	8.7550	11	-10	-10	
1752	8.7600	11	-10	-10	
1753	8.7650	11	-10	-10	
1754	8.7700	11	-9	-10	
1755	8.7750	11	-9	-10	
1756	8.7800	10	-9	-10	
1757	8.7850	10	-8	-9	
1758	8.7900	10	-8	-9	
1759	8.7950	10	-8	-9	
1760	8.8000	10	-7	-9	
1761	8.8050	10	-7	-9	
1762	8.8100	10	-7	-9	
1763	8.8150	9	-6	-9	
1764	8.8200	9	-6	-9	
1765	8.8250	9	-6	-9	
1766	8.8300	9	-6	-9	
1767	8.8350	9	-5	-9	
1768	8.8400	9	-5	-9	
1769	8.8450	8	-4	-9	
1770	8.8500	8	-4	-9	
1771	8.8550	8	-4	-9	
1772	8.8600	8	-4	-9	
1773	8.8650	8	-3	-9	
1774	8.8700	8	-3	-9	
1775	8.8750	8	-3	-9	
1776	8.8800	8	-3	-9	
1777	8.8850	7	-2	-9	
1778	8.8900	7	-2	-9	
1779	8.8950	7	-2	-9	
1780	8.9000	7	-2	-9	
1781	8.9050	7	-2	-9	
1782	8.9100	7	-2	-9	
1783	8.9150	7	-2	-9	
1784	8.9200	7	-2	-9	
1785	8.9250	7	-2	-9	
1786	8.9300	7	-2	-9	
1787	8.9350	7	-2	-9	
1788	8.9400	7	-2	-9	
1789	8.9450	6	-2	-9	
1790	8.9500	6	-2	-9	
1791	8.9550	6	-2	-9	
1792	8.9600	6	-3	-9	
1793	8.9650	6	-3	-9	
1794	8.9700	6	-3	-9	
1795	8.9750	6	-3	-9	
1796	8.9800	6	-3	-9	
1797	8.9850	6	-3	-9	
1798	8.9900	6	-3	-9	
1799	8.9950	6	-3	-9	
1800	9.0000	6	-3	-9	
1801	9.0050	7	-3	-9	
1802	9.0100	7	-3	-9	
1803	9.0150	7	-3	-10	
1804	9.0200	7	-3	-10	
1805	9.0250	7	-3	-10	
1806	9.0300	7	-2	-10	
1807	9.0350	7	-2	-10	
1808	9.0400	7	-2	-10	
1809	9.0450	7	-2	-10	
1810	9.0500	7	-2	-10	
1811	9.0550	7	-2	-10	
1812	9.0600	8	-2	-10	
1813	9.0650	8	-2	-10	
1814	9.0700	8	-2	-9	
1815	9.0750	8	-2	-9	
1816	9.0800	8	-2	-9	
1817	9.0850	8	-2	-9	
1818	9.0900	8	-2	-9	
1819	9.0950	8	-2	-9	
1820	9.1000	8	-2	-9	
1821	9.1050	9	-2	-9	
1822	9.1100	9	-2	-9	
1823	9.1150	9	-2	-9	
1824	9.1200	9	-2	-9	
1825	9.1250	9	-2	-9	
1826	9.1300	10	-2	-9	
1827	9.1350	10	-2	-9	
1828	9.1400	10	-2	-9	
1829	9.1450	10	-2	-9	
1830	9.1500	10	-2	-9	
1831	9.1550	10	-2	-9	
1832	9.1600	10	-2	-9	
1833	9.1650	11	-2	-9	
1834	9.1700	11	-2	-9	
1835	9.1750	11	-1	-9	
1836	9.1800	11	-1	-9	
1837	9.1850	11	-1	-9	
1838	9.1900	12	-1	-9	
1839	9.1950	12	-1	-9	
1840	9.2000	12	-1	-9	
1841	9.2050	12	-1	-9	
1842	9.2100	12	-1	-9	
1843	9.2150	12	-1	-9	
1844	9.2200	12	-1	-9	
1845	9.2250	13	-1	-9	
1846	9.2300	13	-1	-9	
1847	9.2350	13	-1	-9	
1848	9.2400	13	-1	-9	
1849	9.2450	13	-1	-9	
1850	9.2500	13	-1	-9	
1851	9.2550	14	-1	-9	
1852	9.2600	14	-1	-9	
1853	9.2650	14	-1	-9	
1854	9.2700	14	-1	-9	
1855	9.2750	14	-1	-9	
1856	9.2800	14	-1	-9	
1857	9.2850	14	-1	-9	
1858	9.2900	14	-1	-9	
1859	9.2950	14	-1	-9	
1860	9.3000	14	-1	-9	
1861	9.3050	15	-1	-9	
1862	9.3100	15	-1	-9	
1863	9.3150	15	-1	-9	
1864	9.3200	15	-1	-9	
1865	9.3250	15	-1	-9	
1866	9.3300	15	-1	-9	
1867	9.3350	15	-1	-9	
1868	9.3400	15	-1	-9	
1869	9.3450	15	-1	-9	
1870	9.3500	15	0	-9	
1871	9.3550	15	0	-9	
1872	9.3600	15	0	-9	
1873	9.3650	15	0	-9	
1874	9.3700	15	0	-9	
1875	9.3750	15	0	-9	
1876	9.3800	15	0	-9	
1877	9.3850	15	0	-9	
1878	9.3900	15	0	-9	
1879	9.3950	15	0	-9	
1880	9.4000	15	0	-9	
1881	9.4050	15	0	-9	
1882	9.4100	15	0	-9	
1883	9.4150	15	0	-9	
1884	9.4200	15	0	-9	
1885	9.4250	15	0	-9	
1886	9.4300	14	0	-9	
1887	9.4350	14	0	-9	
1888	9.4400	14	0	-9	
1889	9.4450	14	0	-9	
1890	9.4500	14	0	-9	
1891	9.4550	14	0	-9	
1892	9.4600	14	0	-9	
1893	9.4650	14	0	-9	
1894	9.4700	14	0	-9	
1895	9.4750	14	0	-9	
1896	9.4800	13	0	-9	
1897	9.4850	13	0	-9	
1898	9.4900	13	0	-9	
1899	9.4950	13	0	-9	
1900	9.5000	13	0	-9	
1901	9.5050	13	0	-9	
1902	9.5100	12	0	-9	
1903	9.5150	12	0	-9	
1904	9.5200	12	0	-9	
1905	9.5250	12	0	-9	
1906	9.5300	12	0	-9	
1907	9.5350	12	0	-9	
1908	9.5400	11	0	-9	
1909	9.5450	11	0	-9	
1910	9.5500	11	0	-9	
1911	9.5550	11	0	-9	
1912	9.5600	11	0	-8	
1913	9.5650	11	0	-8	
1914	9.5700	10	0	-8	
1915	9.5750	10	0	-8	
1916	9.5800	10	0	-8	
1917	9.5850	10	0	-8	
1918	9.5900	10	0	-8	
1919	9.5950	10	0	-8	
1920	9.6000	9	0	-8	
1921	9.6050	9	0	-8	
1922	9.6100	9	0	-8	
1923	9.6150	9	0	-8	
1924	9.6200	9	0	-8	
1925	9.6250	9	0	-8	
1926	9.6300	8	0	-8	
1927	9.6350	8	0	-8	
1928	9.6400	8	0	-8	
1929	9.6450	8	0	-8	
1930	9.6500	8	0	-8	
1931	9.6550	8	0	-8	
1932	9.6600	8	0	-8	
1933	9.6650	8	0	-8	
1934	9.6700	7	0	-8	
1935	9.6750	7	0	-8	
1936	9.6800	7	0	-8	
1937	9.6850	7	0	-8	
1938	9.6900	7	0	-8	
1939	9.6950	7	0	-9	
1940	9.7000	7	0	-9	
1941	9.7050	7	0	-9	
1942	9.7100	7	0	-9	
1943	9.7150	7	0	-9	
1944	9.7200	7	0	-9	
1945	9.7250	7	0	-9	
1946	9.7300	6	0	-9	
1947	9.7350	6	0	-9	
1948	9.7400	6	0	-9	
1949	9.7450	6	0	-9	
1950	9.7500	6	0	-9	
1951	9.7550	6	0	-9	
1952	9.7600	6	0	-9	
1953	9.7650	6	0	-9	
1954	9.7700	6	0	-9	
1955	9.7750	6	0	-9	
1956	9.7800	6	0	-9	
1957	9.7850	6	0	-9	
1958	9.7900	7	0	-9	
1959	9.7950	7	0	-9	
1960	9.8000	7	0	-9	
1961	9.8050	7	0	-9	
1962	9.8100	7	0	-9	
1963	9.8150	7	0	-9	
1964	9.8200	7	0	-9	
1965	9.8250	7	0	-9	
1966	9.8300	7	0	-9	
1967	9.8350	7	0	-9	
1968	9.8400	7	0	-9	
1969	9.8450	8	0	-9	
1970	9.8500	8	0	-9	
1971	9.8550	8	0	-9	
1972	9.8600	8	0	-9	
1973	9.8650	8	0	-9	
1974	9.8700	8	0	-8	
1975	9.8750	8	0	-8	
1976	9.8800	8	0	-8	
1977	9.8850	8	0	-8	
1978	9.8900	9	0	-8	
1979	9.8950	9	0	-8	
1980	9.9000	9	0	-8	
1981	9.9050	9	0	-8	
1982	9.9100	9	0	-8	
1983	9.9150	10	0	-8	
1984	9.9200	10	0	-8	
1985	9.9250	10	0	-8	
1986	9.9300	10	0	-8	
1987	9.9350	10	0	-8	
1988	9.9400	10	0	-8	
1989	9.9450	10	0	-8	
1990	9.9500	11	0	-8	
1991	9.9550	11	0	-8	
1992	9.9600	11	0	-8	
1993	9.9650	11	0	-8	
1994	9.9700	11	0	-8	
1995	9.9750	12	0	-8	
1996	9.9800	12	0	-8	
1997	9.9850	12	0	-8	
1998	9.9900	12	0	-8	
1999	9.9950	12	0	-8	
2000	10.0000	12	0	-8	
2001	10.0050	12	0	-8	
2002	10.0100	13	0	-8	
2003	10.0150	13	0	-8	
2004	10.0200	13	0	-8	
2005	10.0250	13	0	-8	
2006	10.0300	13	0	-8	
2007	10.0350	13	0	-8	
2008	10.0400	14	0	-8	
2009	10.0450	14	0	-8	
2010	10.0500	14	0	-8	
2011	10.0550	14	0	-8	
2012	10.0600	14	0	-8	
2013	10.0650	14	0	-8	
2014	10.0700	14	0	-8	
2015	10.0750	14	0	-8	
2016	10.0800	14	0	-8	
2017	10.0850	14	0	-8	
2018	10.0900	15	0	-8	
2019	10.0950	15	0	-8	
2020	10.1000	15	0	-8	
2021	10.1050	15	0	-8	
2022	10.1100	15	0	-8	
2023	10.1150	15	0	-8	
2024	10.1200	15	0	-8	
2025	10.1250	15	0	-8	
2026	10.1300	15	0	-8	
2027	10.1350	15	0	-8	
2028	10.1400	15	0	-8	
2029	10.1450	15	0	-8	
2030	10.1500	15	0	-8	
2031	10.1550	15	0	-8	
2032	10.1600	15	0	-7	
2033	10.1650	15	0	-7	
2034	10.1700	15	0	-7	
2035	10.1750	15	0	-7	
2036	10.1800	15	0	-7	
2037	10.1850	15	0	-7	
2038	10.1900	15	0	-7	
2039	10.1950	15	0	-7	
2040	10.2000	15	0	-7	
2041	10.2050	15	0	-7	
2042	10.2100	15	0	-7	
2043	10.2150	14	0	-7	
2044	10.2200	14	0	-7	
2045	10.2250	14	0	-7	
2046	10.2300	14	0	-7	
2047	10.2350	14	0	-7	
2048	10.2400	14	0	-7	
2049	10.2450	14	0	-7	
2050	10.2500	14	0	-7	
2051	10.2550	14	0	-7	
2052	10.2600	14	0	-7	
2053	10.2650	13	0	-7	
2054	10.2700	13	0	-7	
2055	10.2750	13	0	-7	
2056	10.2800	13	0	-7	
2057	10.2850	13	0	-7	
2058	10.2900	13	0	-7	
2059	10.2950	12	0	-7	
2060	10.3000	12	0	-7	
2061	10.3050	12	0	-7	
2062	10.3100	12	0	-7	
2063	10.3150	12	0	-7	
2064	10.3200	12	0	-7	
2065	10.3250	11	0	-7	
2066	10.3300	11	0	-7	
2067	10.3350	11	0	-7	
2068	10.3400	11	0	-7	
2069	10.3450	11	0	-7	
2070	10.3500	11	0	-7	
2071	10.3550	10	0	-7	
2072	10.3600	10	0	-7	
2073	10.3650	10	0	-7	
2074	10.3700	10	0	-7	
2075	10.3750	10	0	-7	
2076	10.3800	10	0	-7	
2077	10.3850	9	0	-7	
2078	10.3900	9	0	-7	
2079	10.3950	9	0	-7	
2080	10.4000	9	0	-7	
2081	10.4050	9	0	-7	
2082	10.4100	9	0	-7	
2083	10.4150	8	0	-7	
2084	10.4200	8	0	-7	
2085	10.4250	8	0	-7	
2086	10.4300	8	0	-7	
2087	10.4350	8	0	-7	
2088	10.4400	8	-1	-7	
2089	10.4450	8	-1	-7	
2090	10.4500	8	-1	-7	
2091	10.4550	7	-1	-7	
2092	10.4600	7	-1	-7	
2093	10.4650	7	-1	-7	
2094	10.4700	7	-1	-7	
2095	10.4750	7	-1	-7	
2096	10.4800	7	-1	-7	
2097	10.4850	7	-1	-7	
2098	10.4900	7	-1	-7	
2099	10.4950	7	-1	-7	
2100	10.5000	7	-1	-7	
2101	10.5050	7	-1	-7	
2102	10.5100	7	-1	-7	
2103	10.5150	6	-1	-7	
2104	10.5200	6	-1	-7	
2105	10.5250	6	-1	-7	
2106	10.5300	6	-1	-7	
2107	10.5350	6	-1	-7	
2108	10.5400	6	-1	-7	
2109	10.5450	6	-1	-7	
2110	10.5500	6	-1	-7	
2111	10.5550	6	-1	-7	
2112	10.5600	6	-1	-7	
2113	10.5650	6	-1	-7	
2114	10.5700	6	-1	-7	
2115	10.5750	7	-1	-7	
2116	10.5800	7	-1	-7	
2117	10.5850	7	-1	-7	
2118	10.5900	7	-1	-7	
2119	10.5950	7	-1	-7	
2120	10.6000	7	-1	-7	
2121	10.6050	7	-1	-7	
2122	10.6100	7	-1	-7	
2123	10.6150	7	-1	-7	
2124	10.6200	7	-1	-7	
2125	10.6250	7	-1	-6	
2126	10.6300	8	-2	-6	
2127	10.6350	8	-2	-6	
2128	10.6400	8	-2	-6	
2129	10.6450	8	-2	-6	
2130	10.6500	8	-2	-6	
2131	10.6550	8	-2	-6	
2132	10.6600	8	-2	-6	
2133	10.6650	8	-2	-6	
2134	10.6700	8	-2	-6	
2135	10.6750	9	-2	-6	
2136	10.6800	9	-2	-6	
2137	10.6850	9	-2	-6	
2138	10.6900	9	-2	-6	
2139	10.6950	9	-2	-6	
2140	10.7000	10	-2	-6	
2141	10.7050	10	-2	-6	
2142	10.7100	10	-2	-6	
2143	10.7150	10	-2	-6	
2144	10.7200	10	-2	-6	
2145	10.7250	10	-2	-5	
2146	10.7300	10	-2	-5	
2147	10.7350	11	-2	-5	
2148	10.7400	11	-2	-5	
2149	10.7450	11	-2	-5	
2150	10.7500	11	-2	-5	
2151	10.7550	11	-2	-5	
2152	10.7600	12	-2	-5	
2153	10.7650	12	-2	-5	
2154	10.7700	12	-2	-5	
2155	10.7750	12	-2	-5	
2156	10.7800	12	-2	-4	
2157	10.7850	12	-2	-4	
2158	10.7900	12	-2	-4	
2159	10.7950	13	-2	-4	
2160	10.8000	13	-2	-4	
2161	10.8050	13	-2	-4	
2162	10.8100	13	-2	-4	
2163	10.8150	13	-2	-4	
2164	10.8200	13	-2	-4	
2165	10.8250	14	-2	-4	
2166	10.8300	14	-2	-4	
2167	10.8350	14	-1	-4	
2168	10.8400	14	-1	-4	
2169	10.8450	14	-1	-4	
2170	10.8500	14	-1	-4	
2171	10.8550	14	-1	-4	
2172	10.8600	14	-1	-4	
2173	10.8650	14	-1	-4	
2174	10.8700	14	-1	-4	
2175	10.8750	15	-1	-4	
2176	10.8800	15	-1	-3	
2177	10.8850	15	-1	-3	
2178	10.8900	15	0	-3	
2179	10.8950	15	0	-3	
2180	10.9000	15	0	-3	
2181	10.9050	15	0	-3	
2182	10.9100	15	0	-3	
2183	10.9150	15	0	-3	
2184	10.9200	15	0	-3	
2185	10.9250	15	0	-3	
2186	10.9300	15	0	-3	
2187	10.9350	15	0	-3	
2188	10.9400	15	1	-3	
2189	10.9450	15	1	-3	
2190	10.9500	15	1	-3	
2191	10.9550	15	1	-3	
2192	10.9600	15	1	-3	
2193	10.9650	15	1	-2	
2194	10.9700	15	2	-2	
2195	10.9750	15	2	-2	
2196	10.9800	15	2	-2	
2197	10.9850	15	2	-2	
2198	10.9900	15	2	-2	
2199	10.9950	15	2	-2	
2200	11.0000	14	2	-2	
2201	11.0050	14	2	-2	
2202	11.0100	14	3	-2	
2203	11.0150	14	3	-2	
2204	11.0200	14	3	-2	
2205	11.0250	14	3	-2	
2206	11.0300	14	3	-2	
2207	11.0350	14	4	-2	
2208	11.0400	14	4	-2	
2209	11.0450	14	4	-2	
2210	11.0500	13	4	-2	
2211	11.0550	13	4	-2	
2212	11.0600	13	4	-2	
2213	11.0650	13	4	-2	
2214	11.0700	13	5	-2	
2215	11.0750	13	5	-2	
2216	11.0800	12	5	-2	
2217	11.0850	12	5	-2	
2218	11.0900	12	5	-2	
2219	11.0950	12	5	-2	
2220	11.1000	12	6	-2	
2221	11.1050	12	6	-2	
2222	11.1100	12	6	-2	
2223	11.1150	11	6	-2	
2224	11.1200	11	6	-2	
2225	11.1250	11	6	-2	
2226	11.1300	11	6	-2	
2227	11.1350	11	6	-2	
2228	11.1400	10	6	-1	
2229	11.1450	10	6	-1	
2230	11.1500	10	6	-1	
2231	11.1550	10	7	-1	
2232	11.1600	10	7	-1	
2233	11.1650	10	7	-1	
2234	11.1700	9	7	-1	
2235	11.1750	9	7	-1	
2236	11.1800	9	7	-1	
2237	11.1850	9	7	-1	
2238	11.1900	9	7	-1	
2239	11.1950	9	7	-1	
2240	11.2000	8	7	-1	
2241	11.2050	8	7	-1	
2242	11.2100	8	7	-1	
2243	11.2150	8	7	-1	
2244	11.2200	8	7	-1	
2245	11.2250	8	7	-1	
2246	11.2300	8	7	0	
2247	11.2350	8	7	0	
2248	11.2400	7	7	0	
2249	11.2450	7	7	0	
2250	11.2500	7	7	0	
2251	11.2550	7	7	0	
2252	11.2600	7	7	0	
2253	11.2650	7	7	0	
2254	11.2700	7	7	0	
2255	11.2750	7	7	0	
2256	11.2800	7	7	0	
2257	11.2850	7	7	0	
2258	11.2900	7	7	0	
2259	11.2950	7	7	0	
2260	11.3000	6	7	0	
2261	11.3050	6	6	0	
2262	11.3100	6	6	0	
2263	11.3150	6	6	0	
2264	11.3200	6	6	0	
2265	11.3250	6	6	0	
2266	11.3300	6	6	0	
2267	11.3350	6	6	0	
2268	11.3400	6	6	0	
2269	11.3450	6	6	0	
2270	11.3500	6	6	0	
2271	11.3550	6	5	0	
2272	11.3600	7	5	0	
2273	11.3650	7	5	1	
2274	11.3700	7	5	1	
2275	11.3750	7	5	1	
2276	11.3800	7	4	1	
2277	11.3850	7	4	1	
2278	11.3900	7	4	1	
2279	11.3950	7	4	1	
2280	11.4000	7	4	1	
2281	11.4050	7	4	1	
2282	11.4100	7	4	1	
2283	11.4150	8	3	1	
2284	11.4200	8	3	1	
2285	11.4250	8	3	1	
2286	11.4300	8	3	1	
2287	11.4350	8	3	1	
2288	11.4400	8	2	1	
2289	11.4450	8	2	1	
2290	11.4500	8	2	1	
2291	11.4550	8	2	1	
2292	11.4600	9	2	0	
2293	11.4650	9	2	0	
2294	11.4700	9	1	0	
2295	11.4750	9	1	0	
2296	11.4800	9	1	0	
2297	11.4850	10	1	0	
2298	11.4900	10	1	0	
2299	11.4950	10	0	0	
2300	11.5000	10	0	0	
2301	11.5050	10	0	0	
2302	11.5100	10	0	0	
2303	11.5150	10	0	0	
2304	11.5200	11	0	0	
2305	11.5250	11	0	0	
2306	11.5300	11	0	0	
2307	11.5350	11	-1	0	
2308	11.5400	11	-1	0	
2309	11.5450	12	-1	0	
2310	11.5500	12	-1	-1	
2311	11.5550	12	-1	-1	
2312	11.5600	12	-1	-1	
2313	11.5650	12	-1	-1	
2314	11.5700	12	-2	-1	
2315	11.5750	12	-2	-1	
2316	11.5800	13	-2	-1	
2317	11.5850	13	-2	-2	
2318	11.5900	13	-2	-2	
2319	11.5950	13	-2	-2	
2320	11.6000	13	-2	-2	
2321	11.6050	13	-2	-2	
2322	11.6100	14	-2	-2	
2323	11.6150	14	-2	-2	
2324	11.6200	14	-2	-2	
2325	11.6250	14	-2	-2	
2326	11.6300	14	-2	-3	
2327	11.6350	14	-2	-3	
2328	11.6400	14	-2	-3	
2329	11.6450	14	-2	-3	
2330	11.6500	14	-2	-3	
2331	11.6550	14	-2	-4	
2332	11.6600	15	-2	-4	
2333	11.6650	15	-2	-4	
2334	11.6700	15	-2	-4	
2335	11.6750	15	-2	-4	
2336	11.6800	15	-2	-4	
2337	11.6850	15	-2	-4	
2338	11.6900	15	-2	-5	
2339	11.6950	15	-2	-5	
2340	11.7000	15	-2	-5	
2341	11.7050	15	-2	-5	
2342	11.7100	15	-2	-5	
2343	11.7150	15	-2	-6	
2344	11.7200	15	-2	-6	
2345	11.7250	15	-2	-6	
2346	11.7300	15	-2	-6	
2347	11.7350	15	-2	-6	
2348	11.7400	15	-2	-6	
2349	11.7450	15	-2	-6	
2350	11.7500	15	-2	-7	
2351	11.7550	15	-2	-7	
2352	11.7600	15	-2	-7	
2353	11.7650	15	-2	-7	
2354	11.7700	15	-2	-7	
2355	11.7750	15	-2	-8	
2356	11.7800	15	-1	-8	
2357	11.7850	14	-1	-8	
2358	11.7900	14	-1	-8	
2359	11.7950	14	-1	-8	
2360	11.8000	14	-1	-8	
2361	11.8050	14	-1	-8	
2362	11.8100	14	-1	-8	
2363	11.8150	14	-1	-8	
2364	11.8200	14	-1	-9	
2365	11.8250	14	0	-9	
2366	11.8300	14	0	-9	
2367	11.8350	13	0	-9	
2368	11.8400	13	0	-9	
2369	11.8450	13	0	-9	
2370	11.8500	13	0	-9	
2371	11.8550	13	0	-9	
2372	11.8600	13	0	-10	
2373	11.8650	12	0	-10	
2374	11.8700	12	0	-10	
2375	11.8750	12	0	-10	
2376	11.8800	12	0	-10	
2377	11.8850	12	0	-10	
2378	11.8900	12	1	-10	
2379	11.8950	12	1	-10	
2380	11.9000	11	1	-10	
2381	11.9050	11	1	-10	
2382	11.9100	11	1	-10	
2383	11.9150	11	1	-10	
2384	11.9200	11	1	-10	
2385	11.9250	10	1	-10	
2386	11.9300	10	1	-10	
2387	11.9350	10	1	-10	
2388	11.9400	10	1	-10	
2389	11.9450	10	1	-10	
2390	11.9500	10	1	-10	
2391	11.9550	9	1	-10	
2392	11.9600	9	1	-10	
2393	11.9650	9	1	-10	
2394	11.9700	9	1	-10	
2395	11.9750	9	1	-10	
2396	11.9800	9	1	-10	
2397	11.9850	8	1	-10	
2398	11.9900	8	1	-9	
2399	11.9950	8	1	-9	
2400	12.0000	8	1	-9	
2401	12.0050	8	1	-9	
2402	12.0100	8	1	-9	
2403	12.0150	8	1	-9	
2404	12.0200	8	1	-9	
2405	12.0250	7	1	-9	
2406	12.0300	7	1	-8	
2407	12.0350	7	1	-8	
2408	12.0400	7	1	-8	
2409	12.0450	7	1	-8	
2410	12.0500	7	1	-8	
2411	12.0550	7	1	-8	
2412	12.0600	7	1	-8	
2413	12.0650	7	1	-8	
2414	12.0700	7	1	-7	
2415	12.0750	7	1	-7	
2416	12.0800	7	0	-7	
2417	12.0850	6	0	-7	
2418	12.0900	6	0	-7	
2419	12.0950	6	0	-6	
2420	12.1000	6	0	-6	
2421	12.1050	6	0	-6	
2422	12.1100	6	0	-6	
2423	12.1150	6	0	-6	
2424	12.1200	6	0	-6	
2425	12.1250	6	0	-5	
2426	12.1300	6	0	-5	
2427	12.1350	6	0	-5	
2428	12.1400	6	-1	-5	
2429	12.1450	7	-1	-4	
2430	12.1500	7	-1	-4	
2431	12.1550	7	-1	-4	
2432	12.1600	7	-1	-4	
2433	12.1650	7	-1	-4	
2434	12.1700	7	-1	-4	
2435	12.1750	7	-2	-4	
2436	12.1800	7	-2	-3	
2437	12.1850	7	-2	-3	
2438	12.1900	7	-2	-3	
2439	12.1950	7	-2	-3	
2440	12.2000	8	-2	-2	
2441	12.2050	8	-2	-2	
2442	12.2100	8	-2	-2	
2443	12.2150	8	-2	-2	
2444	12.2200	8	-2	-2	
2445	12.2250	8	-2	-2	
2446	12.2300	8	-2	-2	
2447	12.2350	8	-3	-2	
2448	12.2400	8	-3	-1	
2449	12.2450	9	-3	-1	
2450	12.2500	9	-3	-1	
2451	12.2550	9	-3	-1	
2452	12.2600	9	-3	-1	
2453	12.2650	9	-3	0	
2454	12.2700	10	-3	0	
2455	12.2750	10	-3	0	
2456	12.2800	10	-3	0	
2457	12.2850	10	-3	0	
2458	12.2900	10	-3	0	
2459	12.2950	10	-3	0	
2460	12.3000	10	-3	0	
2461	12.3050	11	-3	0	
2462	12.3100	11	-3	0	
2463	12.3150	11	-3	0	
2464	12.3200	11	-3	0	
2465	12.3250	11	-3	0	
2466	12.3300	12	-3	0	
2467	12.3350	12	-3	0	
2468	12.3400	12	-3	1	
2469	12.3450	12	-3	1	
2470	12.3500	12	-3	1	
2471	12.3550	12	-3	1	
2472	12.3600	12	-3	1	
2473	12.3650	13	-3	1	
2474	12.3700	13	-3	1	
2475	12.3750	13	-3	1	
2476	12.3800	13	-3	1	
2477	12.3850	13	-3	1	
2478	12.3900	13	-2	1	
2479	12.3950	14	-2	1	
2480	12.4000	14	-2	0	
2481	12.4050	14	-2	0	
2482	12.4100	14	-2	0	
2483	12.4150	14	-2	0	
2484	12.4200	14	-2	0	
2485	12.4250	14	-2	0	
2486	12.4300	14	-1	0	
2487	12.4350	14	-1	0	
2488	12.4400	14	-1	0	
2489	12.4450	15	-1	0	
2490	12.4500	15	-1	0	
2491	12.4550	15	0	0	
2492	12.4600	15	0	0	
2493	12.4650	15	0	0	
2494	12.4700	15	0	0	
2495	12.4750	15	0	0	
2496	12.4800	15	0	-1	
2497	12.4850	15	1	-1	
2498	12.4900	15	1	-1	
2499	12.4950	15	1	-1	
2500	12.5000	15	1	-1	
2501	12.5050	15	2	-1	
2502	12.5100	15	2	-1	
2503	12.5150	15	2	-2	
2504	12.5200	15	2	-2	
2505	12.5250	15	2	-2	
2506	12.5300	15	3	-2	
2507	12.5350	15	3	-2	
2508	12.5400	15	3	-2	
2509	12.5450	15	4	-2	
2510	12.5500	15	4	-2	
2511	12.5550	15	4	-2	
2512	12.5600	15	4	-3	
2513	12.5650	15	4	-3	
2514	12.5700	14	5	-3	
2515	12.5750	14	5	-3	
2516	12.5800	14	5	-3	
2517	12.5850	14	5	-3	
2518	12.5900	14	6	-3	
2519	12.5950	14	6	-4	
2520	12.6000	14	6	-4	
2521	12.6050	14	6	-4	
2522	12.6100	14	6	-4	
2523	12.6150	14	7	-4	
2524	12.6200	13	7	-4	
2525	12.6250	13	7	-4	
2526	12.6300	13	7	-4	
2527	12.6350	13	8	-4	
2528	12.6400	13	8	-4	
2529	12.6450	13	8	-4	
2530	12.6500	12	8	-4	
2531	12.6550	12	8	-4	
2532	12.6600	12	8	-5	
2533	12.6650	12	8	-5	
2534	12.6700	12	8	-5	
2535	12.6750	12	9	-5	
2536	12.6800	12	9	-5	
2537	12.6850	11	9	-5	
2538	12.6900	11	9	-5	
2539	12.6950	11	9	-5	
2540	12.7000	11	9	-5	
2541	12.7050	11	9	-5	
2542	12.7100	10	9	-5	
2543	12.7150	10	9	-5	
2544	12.7200	10	10	-5	
2545	12.7250	10	10	-5	
2546	12.7300	10	10	-5	
2547	12.7350	10	10	-5	
2548	12.7400	9	10	-5	
2549	12.7450	9	10	-5	
2550	12.7500	9	10	-5	
2551	12.7550	9	10	-5	
2552	12.7600	9	10	-5	
2553	12.7650	9	10	-5	
2554	12.7700	8	9	-5	
2555	12.7750	8	9	-4	
2556	12.7800	8	9	-4	
2557	12.7850	8	9	-4	
2558	12.7900	8	9	-4	
2559	12.7950	8	9	-4	
2560	12.8000	8	9	-4	
2561	12.8050	8	9	-4	
2562	12.8100	8	8	-4	
2563	12.8150	7	8	-4	
2564	12.8200	7	8	-4	
2565	12.8250	7	8	-4	
2566	12.8300	7	8	-4	
2567	12.8350	7	8	-3	
2568	12.8400	7	8	-3	
2569	12.8450	7	7	-3	
2570	12.8500	7	7	-3	
2571	12.8550	7	7	-3	
2572	12.8600	7	7	-3	
2573	12.8650	7	6	-2	
2574	12.8700	7	6	-2	
2575	12.8750	6	6	-2	
2576	12.8800	6	6	-2	
2577	12.8850	6	6	-2	
2578	12.8900	6	5	-2	
2579	12.8950	6	5	-2	
2580	12.9000	6	5	-2	
2581	12.9050	6	4	-2	
2582	12.9100	6	4	-1	
2583	12.9150	6	4	-1	
2584	12.9200	6	4	-1	
2585	12.9250	6	3	-1	
2586	12.9300	7	3	-1	
2587	12.9350	7	3	-1	
2588	12.9400	7	2	0	
2589	12.9450	7	2	0	
2590	12.9500	7	2	0	
2591	12.9550	7	2	0	
2592	12.9600	7	1	0	
2593	12.9650	7	1	0	
2594	12.9700	7	1	0	
2595	12.9750	7	0	0	
2596	12.9800	7	0	0	
2597	12.9850	8	0	0	
2598	12.9900	8	0	1	
2599	12.9950	8	-1	1	
2600	13.0000	8	-1	1	
2601	13.0050	8	-1	1	
2602	13.0100	8	-2	1	
2603	13.0150	8	-2	1	
2604	13.0200	8	-2	1	
2605	13.0250	8	-2	1	
2606	13.0300	9	-3	1	
2607	13.0350	9	-3	1	
2608	13.0400	9	-3	1	
2609	13.0450	9	-3	1	
2610	13.0500	9	-4	1	
2611	13.0550	9	-4	1	
2612	13.0600	10	-4	1	
2613	13.0650	10	-4	1	
2614	13.0700	10	-4	1	
2615	13.0750	10	-5	1	
2616	13.0800	10	-5	1	
2617	13.0850	10	-5	1	
2618	13.0900	11	-5	1	
2619	13.0950	11	-5	1	
2620	13.1000	11	-6	1	
2621	13.1050	11	-6	1	
2622	13.1100	11	-6	1	
2623	13.1150	12	-6	1	
2624	13.1200	12	-6	1	
2625	13.1250	12	-6	1	
2626	13.1300	12	-6	1	
2627	13.1350	12	-6	0	
2628	13.1400	12	-6	0	
2629	13.1450	12	-6	0	
2630	13.1500	13	-6	0	
2631	13.1550	13	-6	0	
2632	13.1600	13	-6	0	
2633	13.1650	13	-6	0	
2634	13.1700	13	-6	0	
2635	13.1750	13	-6	0	
2636	13.1800	14	-6	-1	
2637	13.1850	14	-6	-1	
2638	13.1900	14	-6	-1	
2639	13.1950	14	-6	-1	
2640	13.2000	14	-6	-2	
2641	13.2050	14	-6	-2	
2642	13.2100	14	-6	-2	
2643	13.2150	14	-6	-2	
2644	13.2200	14	-6	-2	
2645	13.2250	14	-6	-2	
2646	13.2300	15	-6	-3	
2647	13.2350	15	-6	-3	
2648	13.2400	15	-6	-3	
2649	13.2450	15	-6	-4	
2650	13.2500	15	-5	-4	
2651	13.2550	15	-5	-4	
2652	13.2600	15	-5	-4	
2653	13.2650	15	-5	-4	
2654	13.2700	15	-5	-5	
2655	13.2750	15	-4	-5	
2656	13.2800	15	-4	-5	
2657	13.2850	15	-4	-6	
2658	13.2900	15	-4	-6	
2659	13.2950	15	-4	-6	
2660	13.3000	15	-4	-6	
2661	13.3050	15	-3	-6	
2662	13.3100	15	-3	-7	
2663	13.3150	15	-3	-7	
2664	13.3200	15	-2	-7	
2665	13.3250	15	-2	-8	
2666	13.3300	15	-2	-8	
2667	13.3350	15	-2	-8	
2668	13.3400	15	-2	-8	
2669	13.3450	15	-1	-8	
2670	13.3500	15	-1	-8	
2671	13.3550	14	-1	-9	
2672	13.3600	14	-1	-9	
2673	13.3650	14	0	-9	
2674	13.3700	14	0	-10	
2675	13.3750	14	0	-10	
2676	13.3800	14	0	-10	
2677	13.3850	14	0	-10	
2678	13.3900	14	1	-10	
2679	13.3950	14	1	-10	
2680	13.4000	14	1	-10	
2681	13.4050	13	2	-11	
2682	13.4100	13	2	-11	
2683	13.4150	13	2	-11	
2684	13.4200	13	2	-11	
2685	13.4250	13	2	-11	
2686	13.4300	13	3	-12	
2687	13.4350	12	3	-12	
2688	13.4400	12	3	-12	
2689	13.4450	12	3	-12	
2690	13.4500	12	4	-12	
2691	13.4550	12	4	-12	
2692	13.4600	12	4	-12	
2693	13.4650	12	4	-12	
2694	13.4700	11	4	-12	
2695	13.4750	11	4	-12	
2696	13.4800	11	4	-12	
2697	13.4850	11	5	-12	
2698	13.4900	11	5	-12	
2699	13.4950	10	5	-12	
2700	13.5000	10	5	-12	
2701	13.5050	10	5	-12	
2702	13.5100	10	5	-12	
2703	13.5150	10	5	-12	
2704	13.5200	10	5	-12	
2705	13.5250	10	5	-12	
2706	13.5300	9	6	-12	
2707	13.5350	9	6	-12	
2708	13.5400	9	6	-12	
2709	13.5450	9	6	-12	
2710	13.5500	9	6	-12	
2711	13.5550	8	6	-11	
2712	13.5600	8	6	-11	
2713	13.5650	8	6	-11	
2714	13.5700	8	6	-11	
2715	13.5750	8	6	-11	
2716	13.5800	8	6	-10	
2717	13.5850	8	6	-10	
2718	13.5900	8	6	-10	
2719	13.5950	8	5	-10	
2720	13.6000	7	5	-10	
