#	time(s)	count A	count B	count C	count D
1	0.0050	13	-1	-4	
2	0.0100	13	-1	-4	
3	0.0150	13	-1	-4	
4	0.0200	13	-1	-4	
5	0.0250	13	-1	-4	
6	0.0300	14	-1	-4	
7	0.0350	14	-1	-4	
8	0.0400	14	-1	-4	
9	0.0450	14	-1	-4	
10	0.0500	14	-1	-4	
11	0.0550	14	-1	-4	
12	0.0600	14	-1	-4	
13	0.0650	14	-1	-4	
14	0.0700	14	-1	-4	
15	0.0750	14	-1	-4	
16	0.0800	14	-1	-4	
17	0.0850	14	-1	-4	
18	0.0900	14	-1	-4	
19	0.0950	15	-1	-4	
20	0.1000	15	-1	-4	
21	0.1050	15	-1	-4	
22	0.1100	15	-1	-4	
23	0.1150	15	-1	-5	
24	0.1200	15	-1	-5	
25	0.1250	15	-1	-5	
26	0.1300	15	-1	-5	
27	0.1350	16	-1	-5	
28	0.1400	16	-1	-5	
29	0.1450	16	-1	-5	
30	0.1500	16	-1	-5	
31	0.1550	16	-1	-5	
32	0.1600	16	-1	-5	
33	0.1650	16	-1	-5	
34	0.1700	16	-1	-5	
35	0.1750	16	-1	-5	
36	0.1800	16	-1	-5	
37	0.1850	16	-1	-5	
38	0.1900	16	-1	-5	
39	0.1950	16	0	-5	
40	0.2000	16	0	-5	
41	0.2050	16	0	-5	
42	0.2100	16	0	-5	
43	0.2150	16	0	-5	
44	0.2200	16	0	-6	
45	0.2250	16	0	-6	
46	0.2300	16	0	-6	
47	0.2350	16	0	-6	
48	0.2400	16	0	-6	
49	0.2450	16	0	-6	
50	0.2500	16	0	-6	
51	0.2550	15	0	-6	
52	0.2600	15	0	-6	
53	0.2650	15	0	-6	
54	0.2700	15	1	-6	
55	0.2750	15	1	-6	
56	0.2800	15	1	-6	
57	0.2850	15	1	-6	
58	0.2900	15	1	-6	
59	0.2950	15	1	-6	
60	0.3000	14	1	-6	
61	0.3050	14	1	-6	
62	0.3100	14	1	-6	
63	0.3150	14	1	-6	
64	0.3200	14	2	-6	
65	0.3250	14	2	-6	
66	0.3300	14	2	-6	
67	0.3350	14	2	-6	
68	0.3400	14	2	-6	
69	0.3450	14	2	-6	
70	0.3500	14	2	-6	
71	0.3550	14	2	-6	
72	0.3600	13	2	-6	
73	0.3650	13	2	-6	
74	0.3700	13	2	-6	
75	0.3750	13	2	-5	
76	0.3800	13	2	-5	
77	0.3850	12	2	-5	
78	0.3900	12	3	-5	
79	0.3950	12	3	-5	
80	0.4000	12	3	-5	
81	0.4050	12	3	-5	
82	0.4100	12	3	-5	
83	0.4150	12	3	-5	
84	0.4200	12	3	-5	
85	0.4250	12	3	-5	
86	0.4300	11	3	-5	
87	0.4350	11	3	-5	
88	0.4400	11	3	-5	
89	0.4450	11	3	-4	
90	0.4500	11	3	-4	
91	0.4550	10	3	-4	
92	0.4600	10	3	-4	
93	0.4650	10	3	-4	
94	0.4700	10	3	-4	
95	0.4750	10	3	-4	
96	0.4800	10	4	-4	
97	0.4850	10	4	-4	
98	0.4900	10	4	-4	
99	0.4950	10	4	-4	
100	0.5000	9	4	-4	
101	0.5050	9	4	-4	
102	0.5100	9	4	-4	
103	0.5150	9	4	-3	
104	0.5200	9	4	-3	
105	0.5250	9	3	-3	
106	0.5300	8	3	-3	
107	0.5350	8	3	-3	
108	0.5400	8	3	-3	
109	0.5450	8	3	-3	
110	0.5500	8	3	-3	
111	0.5550	8	3	-2	
112	0.5600	8	3	-2	
113	0.5650	8	3	-2	
114	0.5700	8	3	-2	
115	0.5750	8	3	-2	
116	0.5800	8	3	-2	
117	0.5850	8	3	-2	
118	0.5900	8	3	-2	
119	0.5950	8	3	-2	
120	0.6000	8	3	-2	
121	0.6050	7	3	-2	
122	0.6100	7	2	-2	
123	0.6150	7	2	-1	
124	0.6200	7	2	-1	
125	0.6250	7	2	-1	
126	0.6300	7	2	-1	
127	0.6350	7	2	-1	
128	0.6400	7	2	-1	
129	0.6450	7	2	-1	
130	0.6500	7	2	-1	
131	0.6550	7	2	-1	
132	0.6600	7	2	-1	
133	0.6650	7	2	0	
134	0.6700	7	2	0	
135	0.6750	7	2	0	
136	0.6800	7	1	0	
137	0.6850	7	1	0	
138	0.6900	7	1	0	
139	0.6950	7	1	0	
140	0.7000	7	1	0	
141	0.7050	7	1	0	
142	0.7100	7	1	0	
143	0.7150	7	1	0	
144	0.7200	7	0	0	
145	0.7250	7	0	0	
146	0.7300	8	0	0	
147	0.7350	8	0	0	
148	0.7400	8	0	0	
149	0.7450	8	0	0	
150	0.7500	8	0	0	
151	0.7550	8	0	0	
152	0.7600	8	0	0	
153	0.7650	8	0	0	
154	0.7700	8	0	0	
155	0.7750	8	0	0	
156	0.7800	8	-1	0	
157	0.7850	8	-1	0	
158	0.7900	8	-1	0	
159	0.7950	8	-1	0	
160	0.8000	8	-1	0	
161	0.8050	9	-1	0	
162	0.8100	9	-1	0	
163	0.8150	9	-1	0	
164	0.8200	9	-1	0	
165	0.8250	9	-1	0	
166	0.8300	9	-1	0	
167	0.8350	10	-1	0	
168	0.8400	10	-1	0	
169	0.8450	10	-2	0	
170	0.8500	10	-2	0	
171	0.8550	10	-2	-1	
172	0.8600	10	-2	-1	
173	0.8650	10	-2	-1	
174	0.8700	10	-2	-1	
175	0.8750	10	-2	-1	
176	0.8800	10	-2	-1	
177	0.8850	11	-2	-1	
178	0.8900	11	-2	-1	
179	0.8950	11	-2	-2	
180	0.9000	11	-2	-2	
181	0.9050	12	-2	-2	
182	0.9100	12	-2	-2	
183	0.9150	12	-2	-2	
184	0.9200	12	-2	-2	
185	0.9250	12	-2	-2	
186	0.9300	12	-2	-2	
187	0.9350	12	-2	-2	
188	0.9400	12	-2	-2	
189	0.9450	12	-2	-3	
190	0.9500	12	-2	-3	
191	0.9550	13	-2	-3	
192	0.9600	13	-2	-3	
193	0.9650	13	-2	-3	
194	0.9700	13	-2	-4	
195	0.9750	13	-1	-4	
196	0.9800	14	-1	-4	
197	0.9850	14	-1	-4	
198	0.9900	14	-1	-4	
199	0.9950	14	-1	-4	
200	1.0000	14	-1	-4	
201	1.0050	14	-1	-4	
202	1.0100	14	-1	-5	
203	1.0150	14	-1	-5	
204	1.0200	14	-1	-5	
205	1.0250	14	-1	-5	
206	1.0300	14	-1	-5	
207	1.0350	14	0	-6	
208	1.0400	15	0	-6	
209	1.0450	15	0	-6	
210	1.0500	15	0	-6	
211	1.0550	15	0	-6	
212	1.0600	15	0	-6	
213	1.0650	15	0	-6	
214	1.0700	15	0	-6	
215	1.0750	15	0	-6	
216	1.0800	15	0	-7	
217	1.0850	16	0	-7	
218	1.0900	16	0	-7	
219	1.0950	16	1	-7	
220	1.1000	16	1	-7	
221	1.1050	16	1	-7	
222	1.1100	16	1	-8	
223	1.1150	16	1	-8	
224	1.1200	16	1	-8	
225	1.1250	16	1	-8	
226	1.1300	16	1	-8	
227	1.1350	16	2	-8	
228	1.1400	16	2	-8	
229	1.1450	16	2	-8	
230	1.1500	16	2	-8	
231	1.1550	16	2	-8	
232	1.1600	16	2	-8	
233	1.1650	16	2	-8	
234	1.1700	16	2	-8	
235	1.1750	16	2	-8	
236	1.1800	16	2	-8	
237	1.1850	16	2	-8	
238	1.1900	16	2	-8	
239	1.1950	16	2	-8	
240	1.2000	15	3	-9	
241	1.2050	15	3	-9	
242	1.2100	15	3	-9	
243	1.2150	15	3	-9	
244	1.2200	15	3	-9	
245	1.2250	15	3	-9	
246	1.2300	15	3	-9	
247	1.2350	15	3	-9	
248	1.2400	15	3	-8	
249	1.2450	14	3	-8	
250	1.2500	14	3	-8	
251	1.2550	14	3	-8	
252	1.2600	14	3	-8	
253	1.2650	14	4	-8	
254	1.2700	14	4	-8	
255	1.2750	14	4	-8	
256	1.2800	14	4	-8	
257	1.2850	14	4	-8	
258	1.2900	14	4	-8	
259	1.2950	14	4	-8	
260	1.3000	14	4	-8	
261	1.3050	13	4	-8	
262	1.3100	13	4	-8	
263	1.3150	13	4	-8	
264	1.3200	13	4	-7	
265	1.3250	13	4	-7	
266	1.3300	12	4	-7	
267	1.3350	12	4	-7	
268	1.3400	12	4	-7	
269	1.3450	12	4	-7	
270	1.3500	12	4	-6	
271	1.3550	12	4	-6	
272	1.3600	12	4	-6	
273	1.3650	12	4	-6	
274	1.3700	12	3	-6	
275	1.3750	11	3	-6	
276	1.3800	11	3	-6	
277	1.3850	11	3	-6	
278	1.3900	11	3	-5	
279	1.3950	11	3	-5	
280	1.4000	10	3	-5	
281	1.4050	10	3	-5	
282	1.4100	10	3	-4	
283	1.4150	10	3	-4	
284	1.4200	10	3	-4	
285	1.4250	10	3	-4	
286	1.4300	10	2	-4	
287	1.4350	10	2	-4	
288	1.4400	10	2	-4	
289	1.4450	10	2	-3	
290	1.4500	9	2	-3	
291	1.4550	9	2	-3	
292	1.4600	9	2	-3	
293	1.4650	9	2	-2	
294	1.4700	9	2	-2	
295	1.4750	8	2	-2	
296	1.4800	8	2	-2	
297	1.4850	8	2	-2	
298	1.4900	8	1	-2	
299	1.4950	8	1	-2	
300	1.5000	8	1	-1	
301	1.5050	8	1	-1	
302	1.5100	8	1	-1	
303	1.5150	8	1	-1	
304	1.5200	8	1	-1	
305	1.5250	8	1	0	
306	1.5300	8	0	0	
307	1.5350	8	0	0	
308	1.5400	8	0	0	
309	1.5450	8	0	0	
310	1.5500	7	0	0	
311	1.5550	7	0	0	
312	1.5600	7	0	0	
313	1.5650	7	0	1	
314	1.5700	7	0	1	
315	1.5750	7	0	1	
316	1.5800	7	-1	1	
317	1.5850	7	-1	1	
318	1.5900	7	-1	1	
319	1.5950	7	-1	1	
320	1.6000	7	-1	1	
321	1.6050	7	-1	2	
322	1.6100	7	-1	2	
323	1.6150	7	-1	2	
324	1.6200	7	-1	2	
325	1.6250	7	-2	2	
326	1.6300	7	-2	2	
327	1.6350	7	-2	2	
328	1.6400	7	-2	2	
329	1.6450	7	-2	2	
330	1.6500	7	-2	2	
331	1.6550	7	-2	2	
332	1.6600	7	-2	2	
333	1.6650	7	-2	2	
334	1.6700	7	-2	2	
335	1.6750	8	-2	2	
336	1.6800	8	-2	2	
337	1.6850	8	-2	2	
338	1.6900	8	-2	2	
339	1.6950	8	-2	2	
340	1.7000	8	-2	2	
341	1.7050	8	-2	2	
342	1.7100	8	-2	2	
343	1.7150	8	-2	2	
344	1.7200	8	-2	2	
345	1.7250	8	-2	1	
346	1.7300	8	-2	1	
347	1.7350	8	-2	1	
348	1.7400	8	-2	1	
349	1.7450	8	-2	1	
350	1.7500	9	-2	1	
351	1.7550	9	-2	1	
352	1.7600	9	-2	0	
353	1.7650	9	-2	0	
354	1.7700	9	-2	0	
355	1.7750	9	-2	0	
356	1.7800	10	-2	0	
357	1.7850	10	-2	0	
358	1.7900	10	-2	0	
359	1.7950	10	-2	0	
360	1.8000	10	-2	-1	
361	1.8050	10	-2	-1	
362	1.8100	10	-2	-1	
363	1.8150	10	-2	-1	
364	1.8200	10	-2	-1	
365	1.8250	10	-2	-2	
366	1.8300	11	-2	-2	
367	1.8350	11	-1	-2	
368	1.8400	11	-1	-2	
369	1.8450	11	-1	-2	
370	1.8500	11	-1	-2	
371	1.8550	12	-1	-3	
372	1.8600	12	-1	-3	
373	1.8650	12	-1	-3	
374	1.8700	12	-1	-3	
375	1.8750	12	-1	-4	
376	1.8800	12	0	-4	
377	1.8850	12	0	-4	
378	1.8900	12	0	-4	
379	1.8950	12	0	-4	
380	1.9000	13	0	-4	
381	1.9050	13	0	-5	
382	1.9100	13	0	-5	
383	1.9150	13	0	-5	
384	1.9200	13	0	-6	
385	1.9250	14	0	-6	
386	1.9300	14	1	-6	
387	1.9350	14	1	-6	
388	1.9400	14	1	-6	
389	1.9450	14	1	-6	
390	1.9500	14	1	-6	
391	1.9550	14	1	-7	
392	1.9600	14	1	-7	
393	1.9650	14	2	-7	
394	1.9700	14	2	-7	
395	1.9750	14	2	-8	
396	1.9800	14	2	-8	
397	1.9850	15	2	-8	
398	1.9900	15	2	-8	
399	1.9950	15	2	-8	
400	2.0000	15	2	-8	
401	2.0050	15	2	-8	
402	2.0100	15	2	-8	
403	2.0150	15	3	-9	
404	2.0200	15	3	-9	
405	2.0250	15	3	-9	
406	2.0300	16	3	-9	
407	2.0350	16	3	-9	
408	2.0400	16	3	-9	
409	2.0450	16	3	-9	
410	2.0500	16	3	-10	
411	2.0550	16	3	-10	
412	2.0600	16	3	-10	
413	2.0650	16	4	-10	
414	2.0700	16	4	-10	
415	2.0750	16	4	-10	
416	2.0800	16	4	-10	
417	2.0850	16	4	-10	
418	2.0900	16	4	-10	
419	2.0950	16	4	-10	
420	2.1000	16	4	-10	
421	2.1050	16	4	-10	
422	2.1100	16	4	-10	
423	2.1150	16	4	-10	
424	2.1200	16	4	-10	
425	2.1250	16	4	-10	
426	2.1300	16	4	-10	
427	2.1350	16	4	-10	
428	2.1400	16	4	-10	
429	2.1450	16	4	-10	
430	2.1500	15	4	-10	
431	2.1550	15	4	-10	
432	2.1600	15	4	-10	
433	2.1650	15	4	-10	
434	2.1700	15	4	-9	
435	2.1750	15	4	-9	
436	2.1800	15	4	-9	
437	2.1850	15	4	-9	
438	2.1900	15	4	-9	
439	2.1950	14	4	-9	
440	2.2000	14	4	-9	
441	2.2050	14	4	-8	
442	2.2100	14	4	-8	
443	2.2150	14	4	-8	
444	2.2200	14	4	-8	
445	2.2250	14	4	-8	
446	2.2300	14	4	-8	
447	2.2350	14	4	-8	
448	2.2400	14	4	-7	
449	2.2450	14	4	-7	
450	2.2500	13	3	-7	
451	2.2550	13	3	-7	
452	2.2600	13	3	-7	
453	2.2650	13	3	-6	
454	2.2700	13	3	-6	
455	2.2750	12	3	-6	
456	2.2800	12	3	-6	
457	2.2850	12	3	-6	
458	2.2900	12	3	-5	
459	2.2950	12	2	-5	
460	2.3000	12	2	-5	
461	2.3050	12	2	-5	
462	2.3100	12	2	-4	
463	2.3150	12	2	-4	
464	2.3200	12	2	-4	
465	2.3250	11	2	-4	
466	2.3300	11	2	-4	
467	2.3350	11	2	-3	
468	2.3400	11	2	-3	
469	2.3450	10	2	-3	
470	2.3500	10	1	-3	
471	2.3550	10	1	-2	
472	2.3600	10	1	-2	
473	2.3650	10	1	-2	
474	2.3700	10	1	-2	
475	2.3750	10	1	-2	
476	2.3800	10	1	-2	
477	2.3850	10	0	-1	
478	2.3900	10	0	-1	
479	2.3950	9	0	-1	
480	2.4000	9	0	-1	
481	2.4050	9	0	0	
482	2.4100	9	0	0	
483	2.4150	9	0	0	
484	2.4200	9	0	0	
485	2.4250	8	0	0	
486	2.4300	8	0	0	
487	2.4350	8	-1	1	
488	2.4400	8	-1	1	
489	2.4450	8	-1	1	
490	2.4500	8	-1	1	
491	2.4550	8	-1	1	
492	2.4600	8	-1	2	
493	2.4650	8	-1	2	
494	2.4700	8	-1	2	
495	2.4750	8	-1	2	
496	2.4800	8	-2	2	
497	2.4850	8	-2	2	
498	2.4900	8	-2	2	
499	2.4950	8	-2	2	
500	2.5000	7	-2	2	
501	2.5050	7	-2	2	
502	2.5100	7	-2	2	
503	2.5150	7	-2	2	
504	2.5200	7	-2	2	
505	2.5250	7	-2	2	
506	2.5300	7	-2	2	
507	2.5350	7	-2	3	
508	2.5400	7	-2	3	
509	2.5450	7	-2	3	
510	2.5500	7	-2	3	
511	2.5550	7	-2	3	
512	2.5600	7	-2	3	
513	2.5650	7	-2	3	
514	2.5700	7	-2	3	
515	2.5750	7	-2	2	
516	2.5800	7	-2	2	
517	2.5850	7	-2	2	
518	2.5900	7	-2	2	
519	2.5950	7	-2	2	
520	2.6000	7	-2	2	
521	2.6050	7	-2	2	
522	2.6100	7	-2	2	
523	2.6150	7	-2	2	
524	2.6200	7	-2	2	
525	2.6250	8	-2	2	
526	2.6300	8	-2	2	
527	2.6350	8	-2	2	
528	2.6400	8	-2	2	
529	2.6450	8	-2	1	
530	2.6500	8	-2	1	
531	2.6550	8	-2	1	
532	2.6600	8	-2	1	
533	2.6650	8	-2	1	
534	2.6700	8	-2	0	
535	2.6750	8	-2	0	
536	2.6800	8	-2	0	
537	2.6850	8	-2	0	
538	2.6900	8	-1	0	
539	2.6950	8	-1	0	
540	2.7000	9	-1	0	
541	2.7050	9	-1	-1	
542	2.7100	9	-1	-1	
543	2.7150	9	-1	-1	
544	2.7200	9	-1	-1	
545	2.7250	10	-1	-2	
546	2.7300	10	-1	-2	
547	2.7350	10	0	-2	
548	2.7400	10	0	-2	
549	2.7450	10	0	-2	
550	2.7500	10	0	-3	
551	2.7550	10	0	-3	
552	2.7600	10	0	-3	
553	2.7650	10	0	-3	
554	2.7700	10	0	-4	
555	2.7750	11	0	-4	
556	2.7800	11	0	-4	
557	2.7850	11	0	-4	
558	2.7900	11	1	-4	
559	2.7950	11	1	-5	
560	2.8000	12	1	-5	
561	2.8050	12	1	-5	
562	2.8100	12	1	-5	
563	2.8150	12	1	-6	
564	2.8200	12	1	-6	
565	2.8250	12	1	-6	
566	2.8300	12	2	-6	
567	2.8350	12	2	-6	
568	2.8400	12	2	-7	
569	2.8450	13	2	-7	
570	2.8500	13	2	-7	
571	2.8550	13	2	-7	
572	2.8600	13	2	-8	
573	2.8650	13	2	-8	
574	2.8700	14	2	-8	
575	2.8750	14	2	-8	
576	2.8800	14	2	-8	
577	2.8850	14	2	-8	
578	2.8900	14	3	-8	
579	2.8950	14	3	-9	
580	2.9000	14	3	-9	
581	2.9050	14	3	-9	
582	2.9100	14	3	-9	
583	2.9150	14	3	-9	
584	2.9200	14	3	-9	
585	2.9250	14	3	-10	
586	2.9300	14	3	-10	
587	2.9350	15	3	-10	
588	2.9400	15	3	-10	
589	2.9450	15	3	-10	
590	2.9500	15	3	-10	
591	2.9550	15	4	-10	
592	2.9600	15	4	-10	
593	2.9650	15	4	-10	
594	2.9700	15	4	-10	
595	2.9750	16	4	-10	
596	2.9800	16	4	-10	
597	2.9850	16	4	-10	
598	2.9900	16	4	-10	
599	2.9950	16	4	-10	
600	3.0000	16	4	-10	
601	3.0050	16	4	-10	
602	3.0100	16	4	-10	
603	3.0150	16	4	-10	
604	3.0200	16	4	-10	
605	3.0250	16	4	-10	
606	3.0300	16	4	-10	
607	3.0350	16	4	-10	
608	3.0400	16	4	-10	
609	3.0450	16	4	-10	
610	3.0500	16	4	-10	
611	3.0550	16	4	-10	
612	3.0600	16	3	-10	
613	3.0650	16	3	-10	
614	3.0700	16	3	-10	
615	3.0750	16	3	-10	
616	3.0800	16	3	-9	
617	3.0850	16	3	-9	
618	3.0900	16	3	-9	
619	3.0950	15	3	-9	
620	3.1000	15	3	-9	
621	3.1050	15	3	-9	
622	3.1100	15	3	-8	
623	3.1150	15	3	-8	
624	3.1200	15	3	-8	
625	3.1250	15	2	-8	
626	3.1300	15	2	-8	
627	3.1350	15	2	-8	
628	3.1400	14	2	-8	
629	3.1450	14	2	-7	
630	3.1500	14	2	-7	
631	3.1550	14	2	-7	
632	3.1600	14	2	-7	
633	3.1650	14	2	-6	
634	3.1700	14	2	-6	
635	3.1750	14	2	-6	
636	3.1800	14	2	-6	
637	3.1850	14	2	-6	
638	3.1900	14	1	-6	
639	3.1950	14	1	-5	
640	3.2000	13	1	-5	
641	3.2050	13	1	-5	
642	3.2100	13	1	-5	
643	3.2150	13	1	-4	
644	3.2200	13	1	-4	
645	3.2250	12	1	-4	
646	3.2300	12	1	-4	
647	3.2350	12	0	-4	
648	3.2400	12	0	-3	
649	3.2450	12	0	-3	
650	3.2500	12	0	-3	
651	3.2550	12	0	-3	
652	3.2600	12	0	-2	
653	3.2650	12	0	-2	
654	3.2700	11	0	-2	
655	3.2750	11	0	-2	
656	3.2800	11	0	-2	
657	3.2850	11	0	-2	
658	3.2900	11	0	-1	
659	3.2950	10	0	-1	
660	3.3000	10	-1	-1	
661	3.3050	10	-1	-1	
662	3.3100	10	-1	0	
663	3.3150	10	-1	0	
664	3.3200	10	-1	0	
665	3.3250	10	-1	0	
666	3.3300	10	-1	0	
667	3.3350	10	-1	0	
668	3.3400	9	-1	0	
669	3.3450	9	-1	0	
670	3.3500	9	-1	1	
671	3.3550	9	-1	1	
672	3.3600	9	-1	1	
673	3.3650	9	-1	1	
674	3.3700	8	-2	1	
675	3.3750	8	-2	1	
676	3.3800	8	-2	2	
677	3.3850	8	-2	2	
678	3.3900	8	-2	2	
679	3.3950	8	-2	2	
680	3.4000	8	-2	2	
681	3.4050	8	-2	2	
682	3.4100	8	-2	2	
683	3.4150	8	-2	2	
684	3.4200	8	-2	2	
685	3.4250	8	-2	2	
686	3.4300	8	-2	2	
687	3.4350	8	-2	2	
688	3.4400	8	-2	2	
689	3.4450	7	-2	2	
690	3.4500	7	-2	2	
691	3.4550	7	-2	2	
692	3.4600	7	-2	2	
693	3.4650	7	-2	2	
694	3.4700	7	-2	2	
695	3.4750	7	-2	2	
696	3.4800	7	-2	2	
697	3.4850	7	-1	2	
698	3.4900	7	-1	2	
699	3.4950	7	-1	2	
700	3.5000	7	-1	2	
701	3.5050	7	-1	2	
702	3.5100	7	-1	2	
703	3.5150	7	-1	2	
704	3.5200	7	-1	2	
705	3.5250	7	-1	2	
706	3.5300	7	-1	2	
707	3.5350	7	-1	1	
708	3.5400	7	-1	1	
709	3.5450	7	-1	1	
710	3.5500	7	-1	1	
711	3.5550	7	0	1	
712	3.5600	7	0	1	
713	3.5650	7	0	0	
714	3.5700	8	0	0	
715	3.5750	8	0	0	
716	3.5800	8	0	0	
717	3.5850	8	0	0	
718	3.5900	8	0	0	
719	3.5950	8	0	0	
720	3.6000	8	0	0	
721	3.6050	8	0	-1	
722	3.6100	8	0	-1	
723	3.6150	8	0	-1	
724	3.6200	8	0	-1	
725	3.6250	8	1	-2	
726	3.6300	8	1	-2	
727	3.6350	8	1	-2	
728	3.6400	8	1	-2	
729	3.6450	9	1	-2	
730	3.6500	9	1	-2	
731	3.6550	9	1	-2	
732	3.6600	9	1	-3	
733	3.6650	9	1	-3	
734	3.6700	9	2	-3	
735	3.6750	10	2	-3	
736	3.6800	10	2	-4	
737	3.6850	10	2	-4	
738	3.6900	10	2	-4	
739	3.6950	10	2	-4	
740	3.7000	10	2	-4	
741	3.7050	10	2	-4	
742	3.7100	10	2	-4	
743	3.7150	10	2	-5	
744	3.7200	10	2	-5	
745	3.7250	11	2	-5	
746	3.7300	11	2	-5	
747	3.7350	11	2	-6	
748	3.7400	11	2	-6	
749	3.7450	12	2	-6	
750	3.7500	12	3	-6	
751	3.7550	12	3	-6	
752	3.7600	12	3	-6	
753	3.7650	12	3	-6	
754	3.7700	12	3	-7	
755	3.7750	12	3	-7	
756	3.7800	12	3	-7	
757	3.7850	12	3	-7	
758	3.7900	12	3	-7	
759	3.7950	13	3	-7	
760	3.8000	13	3	-8	
761	3.8050	13	3	-8	
762	3.8100	13	3	-8	
763	3.8150	13	3	-8	
764	3.8200	14	3	-8	
765	3.8250	14	3	-8	
766	3.8300	14	3	-8	
767	3.8350	14	3	-8	
768	3.8400	14	3	-8	
769	3.8450	14	3	-8	
770	3.8500	14	3	-8	
771	3.8550	14	3	-8	
772	3.8600	14	3	-8	
773	3.8650	14	3	-8	
774	3.8700	14	3	-8	
775	3.8750	14	3	-9	
776	3.8800	15	3	-9	
777	3.8850	15	3	-9	
778	3.8900	15	3	-9	
779	3.8950	15	3	-9	
780	3.9000	15	3	-9	
781	3.9050	15	3	-9	
782	3.9100	15	3	-9	
783	3.9150	15	3	-9	
784	3.9200	15	3	-9	
785	3.9250	16	3	-9	
786	3.9300	16	3	-9	
787	3.9350	16	3	-9	
788	3.9400	16	3	-8	
789	3.9450	16	3	-8	
790	3.9500	16	3	-8	
791	3.9550	16	3	-8	
792	3.9600	16	2	-8	
793	3.9650	16	2	-8	
794	3.9700	16	2	-8	
795	3.9750	16	2	-8	
796	3.9800	16	2	-8	
797	3.9850	16	2	-8	
798	3.9900	16	2	-8	
799	3.9950	16	2	-8	
800	4.0000	16	2	-8	
801	4.0050	16	2	-8	
802	4.0100	16	2	-8	
803	4.0150	16	2	-7	
804	4.0200	16	2	-7	
805	4.0250	16	2	-7	
806	4.0300	16	2	-7	
807	4.0350	16	2	-7	
808	4.0400	15	2	-7	
809	4.0450	15	2	-7	
810	4.0500	15	1	-6	
811	4.0550	15	1	-6	
812	4.0600	15	1	-6	
813	4.0650	15	1	-6	
814	4.0700	15	1	-6	
815	4.0750	15	1	-6	
816	4.0800	15	1	-6	
817	4.0850	14	1	-6	
818	4.0900	14	1	-5	
819	4.0950	14	1	-5	
820	4.1000	14	1	-5	
821	4.1050	14	0	-5	
822	4.1100	14	0	-5	
823	4.1150	14	0	-4	
824	4.1200	14	0	-4	
825	4.1250	14	0	-4	
826	4.1300	14	0	-4	
827	4.1350	14	0	-4	
828	4.1400	14	0	-4	
829	4.1450	13	0	-4	
830	4.1500	13	0	-4	
831	4.1550	13	0	-3	
832	4.1600	13	0	-3	
833	4.1650	13	0	-3	
834	4.1700	12	0	-3	
835	4.1750	12	0	-3	
836	4.1800	12	0	-2	
837	4.1850	12	0	-2	
838	4.1900	12	0	-2	
839	4.1950	12	0	-2	
840	4.2000	12	0	-2	
841	4.2050	12	0	-2	
842	4.2100	12	0	-2	
843	4.2150	11	0	-2	
844	4.2200	11	0	-2	
845	4.2250	11	0	-1	
846	4.2300	11	-1	-1	
847	4.2350	11	-1	-1	
848	4.2400	10	-1	-1	
849	4.2450	10	-1	-1	
850	4.2500	10	-1	-1	
851	4.2550	10	-1	-1	
852	4.2600	10	-1	0	
853	4.2650	10	-1	0	
854	4.2700	10	-1	0	
855	4.2750	10	-1	0	
856	4.2800	10	-1	0	
857	4.2850	10	-1	0	
858	4.2900	9	-1	0	
859	4.2950	9	-1	0	
860	4.3000	9	-1	0	
861	4.3050	9	-1	0	
862	4.3100	9	-1	0	
863	4.3150	8	-1	0	
864	4.3200	8	-1	0	
865	4.3250	8	-1	0	
866	4.3300	8	-1	0	
867	4.3350	8	0	0	
868	4.3400	8	0	0	
869	4.3450	8	0	0	
870	4.3500	8	0	0	
871	4.3550	8	0	0	
872	4.3600	8	0	0	
873	4.3650	8	0	0	
874	4.3700	8	0	0	
875	4.3750	8	0	0	
876	4.3800	8	0	0	
877	4.3850	8	0	0	
878	4.3900	8	0	0	
879	4.3950	7	0	0	
880	4.4000	7	0	0	
881	4.4050	7	0	0	
882	4.4100	7	0	0	
883	4.4150	7	0	0	
884	4.4200	7	0	0	
885	4.4250	7	0	0	
886	4.4300	7	0	0	
887	4.4350	7	0	0	
888	4.4400	7	0	0	
889	4.4450	7	0	0	
890	4.4500	7	0	0	
891	4.4550	7	0	0	
892	4.4600	7	0	0	
893	4.4650	7	0	0	
894	4.4700	7	0	0	
895	4.4750	7	1	-1	
896	4.4800	7	1	-1	
897	4.4850	7	1	-1	
898	4.4900	7	1	-1	
899	4.4950	7	1	-1	
900	4.5000	7	1	-1	
901	4.5050	7	1	-1	
902	4.5100	7	1	-1	
903	4.5150	8	1	-2	
904	4.5200	8	1	-2	
905	4.5250	8	1	-2	
906	4.5300	8	1	-2	
907	4.5350	8	1	-2	
908	4.5400	8	1	-2	
909	4.5450	8	1	-2	
910	4.5500	8	1	-2	
911	4.5550	8	1	-2	
912	4.5600	8	1	-2	
913	4.5650	8	1	-3	
914	4.5700	8	2	-3	
915	4.5750	8	2	-3	
916	4.5800	8	2	-3	
917	4.5850	8	2	-3	
918	4.5900	8	2	-3	
919	4.5950	9	2	-4	
920	4.6000	9	2	-4	
921	4.6050	9	2	-4	
922	4.6100	9	2	-4	
923	4.6150	9	2	-4	
924	4.6200	10	2	-4	
925	4.6250	10	2	-4	
926	4.6300	10	2	-4	
927	4.6350	10	2	-4	
928	4.6400	10	2	-5	
929	4.6450	10	2	-5	
930	4.6500	10	2	-5	
931	4.6550	10	2	-5	
932	4.6600	10	2	-5	
933	4.6650	10	2	-5	
934	4.6700	11	2	-5	
935	4.6750	11	2	-6	
936	4.6800	11	2	-6	
937	4.6850	11	2	-6	
938	4.6900	11	2	-6	
939	4.6950	12	2	-6	
940	4.7000	12	2	-6	
941	4.7050	12	2	-6	
942	4.7100	12	2	-6	
943	4.7150	12	2	-6	
944	4.7200	12	2	-6	
945	4.7250	12	2	-6	
946	4.7300	12	2	-6	
947	4.7350	12	2	-6	
948	4.7400	13	2	-6	
949	4.7450	13	2	-7	
950	4.7500	13	2	-7	
951	4.7550	13	2	-7	
952	4.7600	13	2	-7	
953	4.7650	14	2	-7	
954	4.7700	14	2	-7	
955	4.7750	14	2	-7	
956	4.7800	14	2	-7	
957	4.7850	14	2	-7	
958	4.7900	14	2	-7	
959	4.7950	14	2	-7	
960	4.8000	14	2	-7	
961	4.8050	14	2	-7	
962	4.8100	14	1	-7	
963	4.8150	14	1	-7	
964	4.8200	14	1	-7	
965	4.8250	14	1	-7	
966	4.8300	15	1	-7	
967	4.8350	15	1	-7	
968	4.8400	15	1	-7	
969	4.8450	15	1	-7	
970	4.8500	15	1	-7	
971	4.8550	15	1	-7	
972	4.8600	15	1	-7	
973	4.8650	15	1	-7	
974	4.8700	15	1	-7	
975	4.8750	16	1	-7	
976	4.8800	16	1	-7	
977	4.8850	16	1	-7	
978	4.8900	16	1	-7	
979	4.8950	16	1	-7	
980	4.9000	16	1	-7	
981	4.9050	16	1	-7	
982	4.9100	16	1	-7	
983	4.9150	16	1	-7	
984	4.9200	16	1	-7	
985	4.9250	16	1	-7	
986	4.9300	16	1	-6	
987	4.9350	16	1	-6	
988	4.9400	16	1	-6	
989	4.9450	16	1	-6	
990	4.9500	16	1	-6	
991	4.9550	16	0	-6	
992	4.9600	16	0	-6	
993	4.9650	16	0	-6	
994	4.9700	16	0	-6	
995	4.9750	16	0	-6	
996	4.9800	16	0	-6	
997	4.9850	15	0	-6	
998	4.9900	15	0	-6	
999	4.9950	15	0	-6	
1000	5.0000	15	0	-6	
1001	5.0050	15	0	-5	
1002	5.0100	15	0	-5	
1003	5.0150	15	0	-5	
1004	5.0200	15	0	-5	
1005	5.0250	15	0	-5	
1006	5.0300	15	0	-5	
1007	5.0350	14	0	-5	
1008	5.0400	14	0	-5	
1009	5.0450	14	0	-5	
1010	5.0500	14	0	-4	
1011	5.0550	14	0	-4	
1012	5.0600	14	0	-4	
1013	5.0650	14	0	-4	
1014	5.0700	14	0	-4	
1015	5.0750	14	0	-4	
1016	5.0800	14	0	-4	
1017	5.0850	14	0	-4	
1018	5.0900	14	0	-4	
1019	5.0950	13	0	-4	
1020	5.1000	13	0	-4	
1021	5.1050	13	0	-3	
1022	5.1100	13	0	-3	
1023	5.1150	12	0	-3	
1024	5.1200	12	0	-3	
1025	5.1250	12	1	-3	
1026	5.1300	12	1	-3	
1027	5.1350	12	1	-3	
1028	5.1400	12	1	-3	
1029	5.1450	12	1	-2	
1030	5.1500	12	1	-2	
1031	5.1550	12	1	-2	
1032	5.1600	12	1	-2	
1033	5.1650	11	1	-2	
1034	5.1700	11	1	-2	
1035	5.1750	11	1	-2	
1036	5.1800	11	1	-2	
1037	5.1850	10	1	-2	
1038	5.1900	10	1	-2	
1039	5.1950	10	1	-2	
1040	5.2000	10	1	-2	
1041	5.2050	10	1	-2	
1042	5.2100	10	1	-2	
1043	5.2150	10	1	-2	
1044	5.2200	10	1	-1	
1045	5.2250	10	1	-1	
1046	5.2300	10	1	-1	
1047	5.2350	9	1	-1	
1048	5.2400	9	1	-1	
1049	5.2450	9	1	-1	
1050	5.2500	9	1	-1	
1051	5.2550	9	1	-1	
1052	5.2600	9	1	-1	
1053	5.2650	8	1	-1	
1054	5.2700	8	1	-1	
1055	5.2750	8	1	-1	
1056	5.2800	8	1	-1	
1057	5.2850	8	2	-1	
1058	5.2900	8	2	-1	
1059	5.2950	8	2	-1	
1060	5.3000	8	2	0	
1061	5.3050	8	2	0	
1062	5.3100	8	2	0	
1063	5.3150	8	2	0	
1064	5.3200	8	2	0	
1065	5.3250	8	2	0	
1066	5.3300	8	2	0	
1067	5.3350	8	2	0	
1068	5.3400	7	2	0	
1069	5.3450	7	2	0	
1070	5.3500	7	2	0	
1071	5.3550	7	2	0	
1072	5.3600	7	2	0	
1073	5.3650	7	2	0	
1074	5.3700	7	2	0	
1075	5.3750	7	2	0	
1076	5.3800	7	2	0	
1077	5.3850	7	2	0	
1078	5.3900	7	2	0	
1079	5.3950	7	2	0	
1080	5.4000	7	2	-1	
1081	5.4050	7	2	-1	
1082	5.4100	7	2	-1	
1083	5.4150	7	2	-1	
1084	5.4200	7	2	-1	
1085	5.4250	7	2	-1	
1086	5.4300	7	2	-1	
1087	5.4350	7	2	-1	
1088	5.4400	7	2	-1	
1089	5.4450	7	2	-1	
1090	5.4500	7	2	-1	
1091	5.4550	7	2	-1	
1092	5.4600	7	2	-1	
1093	5.4650	8	2	-1	
1094	5.4700	8	2	-1	
1095	5.4750	8	2	-1	
1096	5.4800	8	2	-1	
1097	5.4850	8	2	-2	
1098	5.4900	8	2	-2	
1099	5.4950	8	2	-2	
1100	5.5000	8	2	-2	
1101	5.5050	8	1	-2	
1102	5.5100	8	1	-2	
1103	5.5150	8	1	-2	
1104	5.5200	8	1	-2	
1105	5.5250	8	1	-2	
1106	5.5300	8	1	-2	
1107	5.5350	8	1	-2	
1108	5.5400	9	1	-2	
1109	5.5450	9	1	-2	
1110	5.5500	9	1	-2	
1111	5.5550	9	1	-2	
1112	5.5600	9	1	-3	
1113	5.5650	9	1	-3	
1114	5.5700	10	1	-3	
1115	5.5750	10	1	-3	
1116	5.5800	10	1	-3	
1117	5.5850	10	1	-3	
1118	5.5900	10	1	-3	
1119	5.5950	10	1	-3	
1120	5.6000	10	1	-3	
1121	5.6050	10	1	-4	
1122	5.6100	10	1	-4	
1123	5.6150	11	1	-4	
1124	5.6200	11	1	-4	
1125	5.6250	11	1	-4	
1126	5.6300	11	1	-4	
1127	5.6350	11	1	-4	
1128	5.6400	12	0	-4	
1129	5.6450	12	0	-4	
1130	5.6500	12	0	-4	
1131	5.6550	12	0	-4	
1132	5.6600	12	0	-4	
1133	5.6650	12	0	-4	
1134	5.6700	12	0	-5	
1135	5.6750	12	0	-5	
1136	5.6800	12	0	-5	
1137	5.6850	12	0	-5	
1138	5.6900	13	0	-5	
1139	5.6950	13	0	-5	
1140	5.7000	13	0	-5	
1141	5.7050	13	0	-5	
1142	5.7100	14	0	-5	
1143	5.7150	14	0	-5	
1144	5.7200	14	0	-6	
1145	5.7250	14	0	-6	
1146	5.7300	14	0	-6	
1147	5.7350	14	0	-6	
1148	5.7400	14	0	-6	
1149	5.7450	14	0	-6	
1150	5.7500	14	0	-6	
1151	5.7550	14	0	-6	
1152	5.7600	14	0	-6	
1153	5.7650	14	0	-6	
1154	5.7700	14	0	-6	
1155	5.7750	15	0	-6	
1156	5.7800	15	0	-6	
1157	5.7850	15	0	-6	
1158	5.7900	15	0	-6	
1159	5.7950	15	0	-6	
1160	5.8000	15	0	-6	
1161	5.8050	15	0	-6	
1162	5.8100	15	0	-6	
1163	5.8150	16	0	-6	
1164	5.8200	16	0	-6	
1165	5.8250	16	0	-6	
1166	5.8300	16	0	-6	
1167	5.8350	16	0	-7	
1168	5.8400	16	0	-7	
1169	5.8450	16	0	-7	
1170	5.8500	16	0	-7	
1171	5.8550	16	0	-7	
1172	5.8600	16	0	-7	
1173	5.8650	16	0	-7	
1174	5.8700	16	0	-7	
1175	5.8750	16	0	-7	
1176	5.8800	16	0	-7	
1177	5.8850	16	0	-7	
1178	5.8900	16	0	-7	
1179	5.8950	16	0	-7	
1180	5.9000	16	0	-7	
1181	5.9050	16	0	-7	
1182	5.9100	16	0	-7	
1183	5.9150	16	0	-7	
1184	5.9200	16	0	-7	
1185	5.9250	16	0	-7	
1186	5.9300	16	1	-7	
1187	5.9350	15	1	-6	
1188	5.9400	15	1	-6	
1189	5.9450	15	1	-6	
1190	5.9500	15	1	-6	
1191	5.9550	15	1	-6	
1192	5.9600	15	1	-6	
1193	5.9650	15	1	-6	
1194	5.9700	15	1	-6	
1195	5.9750	15	1	-6	
1196	5.9800	14	1	-6	
1197	5.9850	14	1	-6	
1198	5.9900	14	1	-6	
1199	5.9950	14	1	-6	
1200	6.0000	14	1	-6	
1201	6.0050	14	1	-6	
1202	6.0100	14	1	-6	
1203	6.0150	14	1	-6	
1204	6.0200	14	1	-6	
1205	6.0250	14	1	-6	
1206	6.0300	14	1	-6	
1207	6.0350	14	1	-6	
1208	6.0400	13	1	-5	
1209	6.0450	13	1	-5	
1210	6.0500	13	2	-5	
1211	6.0550	13	2	-5	
1212	6.0600	13	2	-5	
1213	6.0650	12	2	-5	
1214	6.0700	12	2	-5	
1215	6.0750	12	2	-5	
1216	6.0800	12	2	-5	
1217	6.0850	12	2	-4	
1218	6.0900	12	2	-4	
1219	6.0950	12	2	-4	
1220	6.1000	12	2	-4	
1221	6.1050	12	2	-4	
1222	6.1100	11	2	-4	
1223	6.1150	11	2	-4	
1224	6.1200	11	2	-4	
1225	6.1250	11	2	-4	
1226	6.1300	11	2	-4	
1227	6.1350	10	2	-4	
1228	6.1400	10	2	-4	
1229	6.1450	10	2	-3	
1230	6.1500	10	2	-3	
1231	6.1550	10	2	-3	
1232	6.1600	10	2	-3	
1233	6.1650	10	2	-3	
1234	6.1700	10	2	-3	
1235	6.1750	10	2	-3	
1236	6.1800	9	2	-3	
1237	6.1850	9	2	-2	
1238	6.1900	9	2	-2	
1239	6.1950	9	2	-2	
1240	6.2000	9	2	-2	
1241	6.2050	9	2	-2	
1242	6.2100	8	2	-2	
1243	6.2150	8	2	-2	
1244	6.2200	8	2	-2	
1245	6.2250	8	2	-2	
1246	6.2300	8	2	-2	
1247	6.2350	8	2	-2	
1248	6.2400	8	2	-2	
1249	6.2450	8	2	-2	
1250	6.2500	8	2	-1	
1251	6.2550	8	2	-1	
1252	6.2600	8	2	-1	
1253	6.2650	8	2	-1	
1254	6.2700	8	2	-1	
1255	6.2750	8	2	-1	
1256	6.2800	8	2	-1	
1257	6.2850	7	2	-1	
1258	6.2900	7	2	-1	
1259	6.2950	7	1	-1	
1260	6.3000	7	1	-1	
1261	6.3050	7	1	0	
1262	6.3100	7	1	0	
1263	6.3150	7	1	0	
1264	6.3200	7	1	0	
1265	6.3250	7	1	0	
1266	6.3300	7	1	0	
1267	6.3350	7	1	0	
1268	6.3400	7	1	0	
1269	6.3450	7	1	0	
1270	6.3500	7	1	0	
1271	6.3550	7	1	0	
1272	6.3600	7	1	0	
1273	6.3650	7	1	0	
1274	6.3700	7	1	0	
1275	6.3750	7	1	0	
1276	6.3800	7	1	0	
1277	6.3850	7	1	0	
1278	6.3900	7	1	0	
1279	6.3950	7	1	0	
1280	6.4000	7	1	0	
1281	6.4050	7	0	0	
1282	6.4100	8	0	0	
1283	6.4150	8	0	0	
1284	6.4200	8	0	0	
1285	6.4250	8	0	0	
1286	6.4300	8	0	0	
1287	6.4350	8	0	0	
1288	6.4400	8	0	0	
1289	6.4450	8	0	0	
1290	6.4500	8	0	0	
1291	6.4550	8	0	0	
1292	6.4600	8	0	0	
1293	6.4650	8	0	0	
1294	6.4700	8	0	-1	
1295	6.4750	8	0	-1	
1296	6.4800	8	0	-1	
1297	6.4850	9	0	-1	
1298	6.4900	9	0	-1	
1299	6.4950	9	0	-1	
1300	6.5000	9	0	-1	
1301	6.5050	9	0	-1	
1302	6.5100	9	0	-1	
1303	6.5150	10	0	-1	
1304	6.5200	10	0	-1	
1305	6.5250	10	0	-2	
1306	6.5300	10	0	-2	
1307	6.5350	10	0	-2	
1308	6.5400	10	0	-2	
1309	6.5450	10	0	-2	
1310	6.5500	10	0	-2	
1311	6.5550	10	0	-2	
1312	6.5600	10	0	-2	
1313	6.5650	11	0	-2	
1314	6.5700	11	0	-2	
1315	6.5750	11	0	-2	
1316	6.5800	11	0	-3	
1317	6.5850	12	0	-3	
1318	6.5900	12	0	-3	
1319	6.5950	12	0	-3	
1320	6.6000	12	0	-3	
1321	6.6050	12	0	-3	
1322	6.6100	12	0	-3	
1323	6.6150	12	0	-4	
1324	6.6200	12	0	-4	
1325	6.6250	12	0	-4	
1326	6.6300	12	0	-4	
1327	6.6350	13	0	-4	
1328	6.6400	13	0	-4	
1329	6.6450	13	0	-4	
1330	6.6500	13	0	-4	
1331	6.6550	13	0	-4	
1332	6.6600	14	0	-4	
1333	6.6650	14	0	-5	
1334	6.6700	14	0	-5	
1335	6.6750	14	0	-5	
1336	6.6800	14	0	-5	
1337	6.6850	14	0	-5	
1338	6.6900	14	0	-5	
1339	6.6950	14	1	-5	
1340	6.7000	14	1	-6	
1341	6.7050	14	1	-6	
1342	6.7100	14	1	-6	
1343	6.7150	14	1	-6	
1344	6.7200	15	1	-6	
1345	6.7250	15	1	-6	
1346	6.7300	15	1	-6	
1347	6.7350	15	1	-6	
1348	6.7400	15	1	-6	
1349	6.7450	15	1	-6	
1350	6.7500	15	1	-6	
1351	6.7550	15	1	-6	
1352	6.7600	15	1	-7	
1353	6.7650	16	1	-7	
1354	6.7700	16	1	-7	
1355	6.7750	16	2	-7	
1356	6.7800	16	2	-7	
1357	6.7850	16	2	-7	
1358	6.7900	16	2	-7	
1359	6.7950	16	2	-7	
1360	6.8000	16	2	-7	
1361	6.8050	16	2	-7	
1362	6.8100	16	2	-7	
1363	6.8150	16	2	-7	
1364	6.8200	16	2	-7	
1365	6.8250	16	2	-7	
1366	6.8300	16	2	-8	
1367	6.8350	16	2	-8	
1368	6.8400	16	2	-8	
1369	6.8450	16	2	-8	
1370	6.8500	16	2	-8	
1371	6.8550	16	2	-8	
1372	6.8600	16	2	-8	
1373	6.8650	16	2	-8	
1374	6.8700	16	2	-8	
1375	6.8750	16	2	-8	
1376	6.8800	15	2	-8	
1377	6.8850	15	2	-8	
1378	6.8900	15	2	-8	
1379	6.8950	15	2	-7	
1380	6.9000	15	3	-7	
1381	6.9050	15	3	-7	
1382	6.9100	15	3	-7	
1383	6.9150	15	3	-7	
1384	6.9200	15	3	-7	
1385	6.9250	14	3	-7	
1386	6.9300	14	3	-7	
1387	6.9350	14	3	-7	
1388	6.9400	14	3	-7	
1389	6.9450	14	3	-7	
1390	6.9500	14	3	-7	
1391	6.9550	14	3	-7	
1392	6.9600	14	3	-6	
1393	6.9650	14	3	-6	
1394	6.9700	14	3	-6	
1395	6.9750	14	3	-6	
1396	6.9800	14	3	-6	
1397	6.9850	13	3	-6	
1398	6.9900	13	3	-6	
1399	6.9950	13	3	-6	
1400	7.0000	13	3	-6	
1401	7.0050	13	3	-6	
1402	7.0100	12	3	-6	
1403	7.0150	12	3	-5	
1404	7.0200	12	3	-5	
1405	7.0250	12	3	-5	
1406	7.0300	12	3	-5	
1407	7.0350	12	3	-5	
1408	7.0400	12	3	-5	
1409	7.0450	12	3	-5	
1410	7.0500	12	2	-4	
1411	7.0550	11	2	-4	
1412	7.0600	11	2	-4	
1413	7.0650	11	2	-4	
1414	7.0700	11	2	-4	
1415	7.0750	11	2	-4	
1416	7.0800	10	2	-4	
1417	7.0850	10	2	-4	
1418	7.0900	10	2	-3	
1419	7.0950	10	2	-3	
1420	7.1000	10	2	-3	
1421	7.1050	10	2	-3	
1422	7.1100	10	2	-3	
1423	7.1150	10	2	-3	
1424	7.1200	10	2	-2	
1425	7.1250	10	2	-2	
1426	7.1300	9	2	-2	
1427	7.1350	9	2	-2	
1428	7.1400	9	2	-2	
1429	7.1450	9	2	-2	
1430	7.1500	9	2	-2	
1431	7.1550	8	1	-2	
1432	7.1600	8	1	-2	
1433	7.1650	8	1	-1	
1434	7.1700	8	1	-1	
1435	7.1750	8	1	-1	
1436	7.1800	8	1	-1	
1437	7.1850	8	1	-1	
1438	7.1900	8	1	-1	
1439	7.1950	8	1	0	
1440	7.2000	8	1	0	
1441	7.2050	8	1	0	
1442	7.2100	8	0	0	
1443	7.2150	8	0	0	
1444	7.2200	8	0	0	
1445	7.2250	8	0	0	
1446	7.2300	7	0	0	
1447	7.2350	7	0	0	
1448	7.2400	7	0	0	
1449	7.2450	7	0	0	
1450	7.2500	7	0	0	
1451	7.2550	7	0	0	
1452	7.2600	7	0	0	
1453	7.2650	7	0	0	
1454	7.2700	7	0	1	
1455	7.2750	7	0	1	
1456	7.2800	7	0	1	
1457	7.2850	7	0	1	
1458	7.2900	7	0	1	
1459	7.2950	7	0	1	
1460	7.3000	7	0	1	
1461	7.3050	7	-1	1	
1462	7.3100	7	-1	1	
1463	7.3150	7	-1	1	
1464	7.3200	7	-1	1	
1465	7.3250	7	-1	1	
1466	7.3300	7	-1	1	
1467	7.3350	7	-1	1	
1468	7.3400	7	-1	1	
1469	7.3450	7	-1	1	
1470	7.3500	7	-1	1	
1471	7.3550	8	-1	1	
1472	7.3600	8	-1	1	
1473	7.3650	8	-1	0	
1474	7.3700	8	-1	0	
1475	7.3750	8	-1	0	
1476	7.3800	8	-1	0	
1477	7.3850	8	-1	0	
1478	7.3900	8	-1	0	
1479	7.3950	8	-1	0	
1480	7.4000	8	-1	0	
1481	7.4050	8	-1	0	
1482	7.4100	8	-1	0	
1483	7.4150	8	-1	0	
1484	7.4200	8	-1	0	
1485	7.4250	8	-1	0	
1486	7.4300	9	-1	0	
1487	7.4350	9	-1	-1	
1488	7.4400	9	-1	-1	
1489	7.4450	9	-1	-1	
1490	7.4500	9	-1	-1	
1491	7.4550	9	-1	-1	
1492	7.4600	10	-1	-1	
1493	7.4650	10	-1	-2	
1494	7.4700	10	-1	-2	
1495	7.4750	10	-1	-2	
1496	7.4800	10	-1	-2	
1497	7.4850	10	-1	-2	
1498	7.4900	10	-1	-2	
1499	7.4950	10	-1	-2	
1500	7.5000	10	-1	-2	
1501	7.5050	10	-1	-3	
1502	7.5100	11	-1	-3	
1503	7.5150	11	-1	-3	
1504	7.5200	11	-1	-3	
1505	7.5250	11	0	-3	
1506	7.5300	12	0	-4	
1507	7.5350	12	0	-4	
1508	7.5400	12	0	-4	
1509	7.5450	12	0	-4	
1510	7.5500	12	0	-4	
1511	7.5550	12	0	-4	
1512	7.5600	12	0	-4	
1513	7.5650	12	0	-5	
1514	7.5700	12	0	-5	
1515	7.5750	12	0	-5	
1516	7.5800	13	0	-5	
1517	7.5850	13	0	-5	
1518	7.5900	13	0	-6	
1519	7.5950	13	0	-6	
1520	7.6000	13	0	-6	
1521	7.6050	14	0	-6	
1522	7.6100	14	0	-6	
1523	7.6150	14	1	-6	
1524	7.6200	14	1	-6	
1525	7.6250	14	1	-6	
1526	7.6300	14	1	-7	
1527	7.6350	14	1	-7	
1528	7.6400	14	1	-7	
1529	7.6450	14	1	-7	
1530	7.6500	14	1	-7	
1531	7.6550	14	1	-7	
1532	7.6600	14	1	-8	
1533	7.6650	15	2	-8	
1534	7.6700	15	2	-8	
1535	7.6750	15	2	-8	
1536	7.6800	15	2	-8	
1537	7.6850	15	2	-8	
1538	7.6900	15	2	-8	
1539	7.6950	15	2	-8	
1540	7.7000	15	2	-8	
1541	7.7050	15	2	-8	
1542	7.7100	16	2	-8	
1543	7.7150	16	2	-8	
1544	7.7200	16	2	-8	
1545	7.7250	16	2	-8	
1546	7.7300	16	2	-9	
1547	7.7350	16	2	-9	
1548	7.7400	16	2	-9	
1549	7.7450	16	2	-9	
1550	7.7500	16	2	-9	
1551	7.7550	16	2	-9	
1552	7.7600	16	2	-9	
1553	7.7650	16	3	-9	
1554	7.7700	16	3	-9	
1555	7.7750	16	3	-9	
1556	7.7800	16	3	-9	
1557	7.7850	16	3	-9	
1558	7.7900	16	3	-9	
1559	7.7950	16	3	-9	
1560	7.8000	16	3	-9	
1561	7.8050	16	3	-9	
1562	7.8100	16	3	-9	
1563	7.8150	16	3	-9	
1564	7.8200	16	3	-9	
1565	7.8250	15	3	-8	
1566	7.8300	15	3	-8	
1567	7.8350	15	3	-8	
1568	7.8400	15	3	-8	
1569	7.8450	15	3	-8	
1570	7.8500	15	3	-8	
1571	7.8550	15	3	-8	
1572	7.8600	15	3	-8	
1573	7.8650	15	3	-8	
1574	7.8700	14	3	-8	
1575	7.8750	14	3	-8	
1576	7.8800	14	3	-8	
1577	7.8850	14	3	-8	
1578	7.8900	14	3	-7	
1579	7.8950	14	3	-7	
1580	7.9000	14	3	-7	
1581	7.9050	14	3	-7	
1582	7.9100	14	3	-7	
1583	7.9150	14	3	-6	
1584	7.9200	14	3	-6	
1585	7.9250	14	3	-6	
1586	7.9300	13	3	-6	
1587	7.9350	13	3	-6	
1588	7.9400	13	3	-6	
1589	7.9450	13	3	-6	
1590	7.9500	13	3	-5	
1591	7.9550	12	3	-5	
1592	7.9600	12	2	-5	
1593	7.9650	12	2	-5	
1594	7.9700	12	2	-4	
1595	7.9750	12	2	-4	
1596	7.9800	12	2	-4	
1597	7.9850	12	2	-4	
1598	7.9900	12	2	-4	
1599	7.9950	12	2	-4	
1600	8.0000	11	2	-4	
1601	8.0050	11	2	-3	
1602	8.0100	11	2	-3	
1603	8.0150	11	2	-3	
1604	8.0200	11	2	-3	
1605	8.0250	10	2	-2	
1606	8.0300	10	2	-2	
1607	8.0350	10	2	-2	
1608	8.0400	10	2	-2	
1609	8.0450	10	2	-2	
1610	8.0500	10	2	-2	
1611	8.0550	10	2	-2	
1612	8.0600	10	1	-1	
1613	8.0650	10	1	-1	
1614	8.0700	10	1	-1	
1615	8.0750	9	1	-1	
1616	8.0800	9	1	-1	
1617	8.0850	9	1	0	
1618	8.0900	9	1	0	
1619	8.0950	9	1	0	
1620	8.1000	9	1	0	
1621	8.1050	8	1	0	
1622	8.1100	8	1	0	
1623	8.1150	8	0	0	
1624	8.1200	8	0	0	
1625	8.1250	8	0	1	
1626	8.1300	8	0	1	
1627	8.1350	8	0	1	
1628	8.1400	8	0	1	
1629	8.1450	8	0	1	
1630	8.1500	8	0	1	
1631	8.1550	8	0	1	
1632	8.1600	8	0	2	
1633	8.1650	8	0	2	
1634	8.1700	8	0	2	
1635	8.1750	7	0	2	
1636	8.1800	7	0	2	
1637	8.1850	7	0	2	
1638	8.1900	7	0	2	
1639	8.1950	7	0	2	
1640	8.2000	7	0	2	
1641	8.2050	7	0	2	
1642	8.2100	7	0	2	
1643	8.2150	7	0	2	
1644	8.2200	7	0	2	
1645	8.2250	7	0	2	
1646	8.2300	7	0	2	
1647	8.2350	7	0	2	
1648	8.2400	7	0	2	
1649	8.2450	7	-1	2	
1650	8.2500	7	-1	2	
1651	8.2550	7	-1	2	
1652	8.2600	7	-1	2	
1653	8.2650	7	-1	2	
1654	8.2700	7	-1	2	
1655	8.2750	7	-1	2	
1656	8.2800	7	-1	2	
1657	8.2850	7	-1	2	
1658	8.2900	7	-1	2	
1659	8.2950	7	-1	2	
1660	8.3000	8	-1	2	
1661	8.3050	8	-1	2	
1662	8.3100	8	-1	1	
1663	8.3150	8	-1	1	
1664	8.3200	8	-1	1	
1665	8.3250	8	-1	1	
1666	8.3300	8	-1	1	
1667	8.3350	8	-1	1	
1668	8.3400	8	-1	0	
1669	8.3450	8	0	0	
1670	8.3500	8	0	0	
1671	8.3550	8	0	0	
1672	8.3600	8	0	0	
1673	8.3650	8	0	0	
1674	8.3700	8	0	0	
1675	8.3750	8	0	0	
1676	8.3800	9	0	-1	
1677	8.3850	9	0	-1	
1678	8.3900	9	0	-1	
1679	8.3950	9	0	-1	
1680	8.4000	9	0	-1	
1681	8.4050	10	0	-2	
1682	8.4100	10	0	-2	
1683	8.4150	10	0	-2	
1684	8.4200	10	0	-2	
1685	8.4250	10	0	-2	
1686	8.4300	10	0	-2	
1687	8.4350	10	0	-3	
1688	8.4400	10	0	-3	
1689	8.4450	10	0	-3	
1690	8.4500	10	0	-3	
1691	8.4550	11	0	-3	
1692	8.4600	11	0	-4	
1693	8.4650	11	1	-4	
1694	8.4700	11	1	-4	
1695	8.4750	11	1	-4	
1696	8.4800	12	1	-4	
1697	8.4850	12	1	-4	
1698	8.4900	12	1	-5	
1699	8.4950	12	1	-5	
1700	8.5000	12	1	-5	
1701	8.5050	12	1	-5	
1702	8.5100	12	1	-5	
1703	8.5150	12	1	-6	
1704	8.5200	12	2	-6	
1705	8.5250	13	2	-6	
1706	8.5300	13	2	-6	
1707	8.5350	13	2	-6	
1708	8.5400	13	2	-6	
1709	8.5450	13	2	-6	
1710	8.5500	14	2	-7	
1711	8.5550	14	2	-7	
1712	8.5600	14	2	-7	
1713	8.5650	14	2	-7	
1714	8.5700	14	2	-7	
1715	8.5750	14	2	-7	
1716	8.5800	14	2	-8	
1717	8.5850	14	2	-8	
1718	8.5900	14	2	-8	
1719	8.5950	14	2	-8	
1720	8.6000	14	2	-8	
1721	8.6050	14	2	-8	
1722	8.6100	15	2	-8	
1723	8.6150	15	2	-8	
1724	8.6200	15	2	-8	
1725	8.6250	15	3	-8	
1726	8.6300	15	3	-8	
1727	8.6350	15	3	-9	
1728	8.6400	15	3	-9	
1729	8.6450	15	3	-9	
1730	8.6500	15	3	-9	
1731	8.6550	16	3	-9	
1732	8.6600	16	3	-9	
1733	8.6650	16	3	-9	
1734	8.6700	16	3	-9	
1735	8.6750	16	3	-9	
1736	8.6800	16	3	-9	
1737	8.6850	16	3	-9	
1738	8.6900	16	3	-9	
1739	8.6950	16	3	-9	
1740	8.7000	16	3	-9	
1741	8.7050	16	3	-9	
1742	8.7100	16	3	-9	
1743	8.7150	16	3	-9	
1744	8.7200	16	3	-9	
1745	8.7250	16	3	-9	
1746	8.7300	16	3	-9	
1747	8.7350	16	3	-9	
1748	8.7400	16	3	-9	
1749	8.7450	16	3	-9	
1750	8.7500	16	3	-8	
1751	8.7550	16	3	-8	
1752	8.7600	16	3	-8	
1753	8.7650	16	3	-8	
1754	8.7700	16	3	-8	
1755	8.7750	15	3	-8	
1756	8.7800	15	3	-8	
1757	8.7850	15	3	-8	
1758	8.7900	15	3	-8	
1759	8.7950	15	3	-8	
1760	8.8000	15	2	-8	
1761	8.8050	15	2	-8	
1762	8.8100	15	2	-7	
1763	8.8150	14	2	-7	
1764	8.8200	14	2	-7	
1765	8.8250	14	2	-7	
1766	8.8300	14	2	-7	
1767	8.8350	14	2	-6	
1768	8.8400	14	2	-6	
1769	8.8450	14	2	-6	
1770	8.8500	14	2	-6	
1771	8.8550	14	2	-6	
1772	8.8600	14	2	-6	
1773	8.8650	14	2	-6	
1774	8.8700	14	2	-6	
1775	8.8750	13	2	-5	
1776	8.8800	13	2	-5	
1777	8.8850	13	2	-5	
1778	8.8900	13	2	-5	
1779	8.8950	13	2	-5	
1780	8.9000	12	1	-4	
1781	8.9050	12	1	-4	
1782	8.9100	12	1	-4	
1783	8.9150	12	1	-4	
1784	8.9200	12	1	-4	
1785	8.9250	12	1	-4	
1786	8.9300	12	1	-3	
1787	8.9350	12	1	-3	
1788	8.9400	12	1	-3	
1789	8.9450	12	1	-3	
1790	8.9500	11	1	-3	
1791	8.9550	11	1	-2	
1792	8.9600	11	1	-2	
1793	8.9650	11	0	-2	
1794	8.9700	10	0	-2	
1795	8.9750	10	0	-2	
1796	8.9800	10	0	-2	
1797	8.9850	10	0	-2	
1798	8.9900	10	0	-1	
1799	8.9950	10	0	-1	
1800	9.0000	10	0	-1	
1801	9.0050	10	0	-1	
1802	9.0100	10	0	-1	
1803	9.0150	10	0	0	
1804	9.0200	9	0	0	
1805	9.0250	9	0	0	
1806	9.0300	9	0	0	
1807	9.0350	9	0	0	
1808	9.0400	9	0	0	
1809	9.0450	9	0	0	
1810	9.0500	8	0	0	
1811	9.0550	8	0	0	
1812	9.0600	8	0	1	
1813	9.0650	8	0	1	
1814	9.0700	8	0	1	
1815	9.0750	8	0	1	
1816	9.0800	8	0	1	
1817	9.0850	8	0	1	
1818	9.0900	8	0	1	
1819	9.0950	8	0	1	
1820	9.1000	8	-1	1	
1821	9.1050	8	-1	1	
1822	9.1100	8	-1	1	
1823	9.1150	8	-1	2	
1824	9.1200	8	-1	2	
1825	9.1250	7	-1	2	
1826	9.1300	7	-1	2	
1827	9.1350	7	-1	2	
1828	9.1400	7	-1	2	
1829	9.1450	7	-1	2	
1830	9.1500	7	-1	2	
1831	9.1550	7	-1	2	
1832	9.1600	7	-1	2	
1833	9.1650	7	-1	2	
1834	9.1700	7	-1	2	
1835	9.1750	7	-1	2	
1836	9.1800	7	-1	2	
1837	9.1850	7	-1	2	
1838	9.1900	7	-1	1	
1839	9.1950	7	-1	1	
1840	9.2000	7	-1	1	
1841	9.2050	7	0	1	
1842	9.2100	7	0	1	
1843	9.2150	7	0	1	
1844	9.2200	7	0	1	
1845	9.2250	7	0	1	
1846	9.2300	7	0	1	
1847	9.2350	7	0	1	
1848	9.2400	7	0	1	
1849	9.2450	7	0	0	
1850	9.2500	8	0	0	
1851	9.2550	8	0	0	
1852	9.2600	8	0	0	
1853	9.2650	8	0	0	
1854	9.2700	8	0	0	
1855	9.2750	8	0	0	
1856	9.2800	8	0	0	
1857	9.2850	8	0	0	
1858	9.2900	8	0	0	
1859	9.2950	8	0	-1	
1860	9.3000	8	0	-1	
1861	9.3050	8	0	-1	
1862	9.3100	8	0	-1	
1863	9.3150	8	0	-1	
1864	9.3200	8	0	-2	
1865	9.3250	9	0	-2	
1866	9.3300	9	1	-2	
1867	9.3350	9	1	-2	
1868	9.3400	9	1	-2	
1869	9.3450	9	1	-2	
1870	9.3500	10	1	-2	
1871	9.3550	10	1	-2	
1872	9.3600	10	1	-3	
1873	9.3650	10	1	-3	
1874	9.3700	10	1	-3	
1875	9.3750	10	1	-3	
1876	9.3800	10	1	-4	
1877	9.3850	10	1	-4	
1878	9.3900	10	1	-4	
1879	9.3950	10	1	-4	
1880	9.4000	11	1	-4	
1881	9.4050	11	2	-4	
1882	9.4100	11	2	-4	
1883	9.4150	11	2	-5	
1884	9.4200	11	2	-5	
1885	9.4250	12	2	-5	
1886	9.4300	12	2	-5	
1887	9.4350	12	2	-5	
1888	9.4400	12	2	-6	
1889	9.4450	12	2	-6	
1890	9.4500	12	2	-6	
1891	9.4550	12	2	-6	
1892	9.4600	12	2	-6	
1893	9.4650	12	2	-6	
1894	9.4700	13	2	-6	
1895	9.4750	13	2	-6	
1896	9.4800	13	2	-6	
1897	9.4850	13	2	-7	
1898	9.4900	13	2	-7	
1899	9.4950	14	2	-7	
1900	9.5000	14	2	-7	
1901	9.5050	14	2	-7	
1902	9.5100	14	2	-7	
1903	9.5150	14	2	-7	
1904	9.5200	14	2	-8	
1905	9.5250	14	2	-8	
1906	9.5300	14	2	-8	
1907	9.5350	14	2	-8	
1908	9.5400	14	2	-8	
1909	9.5450	14	3	-8	
1910	9.5500	14	3	-8	
1911	9.5550	15	3	-8	
1912	9.5600	15	3	-8	
1913	9.5650	15	3	-8	
1914	9.5700	15	3	-8	
1915	9.5750	15	3	-8	
1916	9.5800	15	3	-8	
1917	9.5850	15	3	-8	
1918	9.5900	15	3	-8	
1919	9.5950	15	3	-8	
1920	9.6000	16	3	-8	
1921	9.6050	16	3	-8	
1922	9.6100	16	3	-8	
1923	9.6150	16	3	-8	
1924	9.6200	16	3	-8	
1925	9.6250	16	3	-8	
1926	9.6300	16	3	-8	
1927	9.6350	16	2	-8	
1928	9.6400	16	2	-8	
1929	9.6450	16	2	-8	
1930	9.6500	16	2	-8	
1931	9.6550	16	2	-8	
1932	9.6600	16	2	-8	
1933	9.6650	16	2	-8	
1934	9.6700	16	2	-8	
1935	9.6750	16	2	-8	
1936	9.6800	16	2	-8	
1937	9.6850	16	2	-8	
1938	9.6900	16	2	-8	
1939	9.6950	16	2	-8	
1940	9.7000	16	2	-8	
1941	9.7050	16	2	-7	
1942	9.7100	16	2	-7	
1943	9.7150	16	2	-7	
1944	9.7200	15	2	-7	
1945	9.7250	15	2	-7	
1946	9.7300	15	2	-7	
1947	9.7350	15	2	-7	
1948	9.7400	15	2	-6	
1949	9.7450	15	2	-6	
1950	9.7500	15	2	-6	
1951	9.7550	15	2	-6	
1952	9.7600	14	2	-6	
1953	9.7650	14	2	-6	
1954	9.7700	14	2	-6	
1955	9.7750	14	2	-6	
1956	9.7800	14	2	-6	
1957	9.7850	14	2	-5	
1958	9.7900	14	2	-5	
1959	9.7950	14	1	-5	
1960	9.8000	14	1	-5	
1961	9.8050	14	1	-5	
1962	9.8100	14	1	-5	
1963	9.8150	14	1	-4	
1964	9.8200	13	1	-4	
1965	9.8250	13	1	-4	
1966	9.8300	13	1	-4	
1967	9.8350	13	1	-4	
1968	9.8400	13	1	-4	
1969	9.8450	12	1	-4	
1970	9.8500	12	1	-3	
1971	9.8550	12	1	-3	
1972	9.8600	12	1	-3	
1973	9.8650	12	1	-3	
1974	9.8700	12	1	-3	
1975	9.8750	12	1	-3	
1976	9.8800	12	1	-2	
1977	9.8850	12	0	-2	
1978	9.8900	12	0	-2	
1979	9.8950	11	0	-2	
1980	9.9000	11	0	-2	
1981	9.9050	11	0	-2	
1982	9.9100	11	0	-2	
1983	9.9150	10	0	-2	
1984	9.9200	10	0	-2	
1985	9.9250	10	0	-1	
1986	9.9300	10	0	-1	
1987	9.9350	10	0	-1	
1988	9.9400	10	0	-1	
1989	9.9450	10	0	-1	
1990	9.9500	10	0	-1	
1991	9.9550	10	0	0	
1992	9.9600	10	0	0	
1993	9.9650	9	0	0	
1994	9.9700	9	0	0	
1995	9.9750	9	0	0	
1996	9.9800	9	0	0	
1997	9.9850	9	0	0	
1998	9.9900	9	0	0	
1999	9.9950	8	0	0	
2000	10.0000	8	0	0	
2001	10.0050	8	0	0	
2002	10.0100	8	0	0	
2003	10.0150	8	0	0	
2004	10.0200	8	0	0	
2005	10.0250	8	0	0	
2006	10.0300	8	0	1	
2007	10.0350	8	0	1	
2008	10.0400	8	0	1	
2009	10.0450	8	0	1	
2010	10.0500	8	0	1	
2011	10.0550	8	0	1	
2012	10.0600	8	0	1	
2013	10.0650	8	0	1	
2014	10.0700	7	0	1	
2015	10.0750	7	0	1	
2016	10.0800	7	0	1	
2017	10.0850	7	0	1	
2018	10.0900	7	0	1	
2019	10.0950	7	0	1	
2020	10.1000	7	0	1	
2021	10.1050	7	0	1	
2022	10.1100	7	0	1	
2023	10.1150	7	0	1	
2024	10.1200	7	0	1	
2025	10.1250	7	0	0	
2026	10.1300	7	0	0	
2027	10.1350	7	0	0	
2028	10.1400	7	0	0	
2029	10.1450	7	0	0	
2030	10.1500	7	0	0	
2031	10.1550	7	0	0	
2032	10.1600	7	0	0	
2033	10.1650	7	0	0	
2034	10.1700	7	0	0	
2035	10.1750	7	0	0	
2036	10.1800	7	0	0	
2037	10.1850	7	0	0	
2038	10.1900	8	0	0	
2039	10.1950	8	0	0	
2040	10.2000	8	0	-1	
2041	10.2050	8	0	-1	
2042	10.2100	8	0	-1	
2043	10.2150	8	0	-1	
2044	10.2200	8	0	-1	
2045	10.2250	8	1	-1	
2046	10.2300	8	1	-1	
2047	10.2350	8	1	-2	
2048	10.2400	8	1	-2	
2049	10.2450	8	1	-2	
2050	10.2500	8	1	-2	
2051	10.2550	8	1	-2	
2052	10.2600	8	1	-2	
2053	10.2650	8	1	-2	
2054	10.2700	9	1	-2	
2055	10.2750	9	1	-2	
2056	10.2800	9	1	-2	
2057	10.2850	9	1	-3	
2058	10.2900	9	1	-3	
2059	10.2950	10	1	-3	
2060	10.3000	10	1	-3	
2061	10.3050	10	1	-3	
2062	10.3100	10	1	-3	
2063	10.3150	10	1	-4	
2064	10.3200	10	1	-4	
2065	10.3250	10	1	-4	
2066	10.3300	10	1	-4	
2067	10.3350	10	1	-4	
2068	10.3400	10	1	-4	
2069	10.3450	11	1	-4	
2070	10.3500	11	1	-4	
2071	10.3550	11	2	-5	
2072	10.3600	11	2	-5	
2073	10.3650	11	2	-5	
2074	10.3700	12	2	-5	
2075	10.3750	12	2	-5	
2076	10.3800	12	2	-5	
2077	10.3850	12	2	-5	
2078	10.3900	12	2	-6	
2079	10.3950	12	2	-6	
2080	10.4000	12	2	-6	
2081	10.4050	12	2	-6	
2082	10.4100	12	2	-6	
2083	10.4150	13	2	-6	
2084	10.4200	13	2	-6	
2085	10.4250	13	2	-6	
2086	10.4300	13	2	-6	
2087	10.4350	13	2	-6	
2088	10.4400	14	2	-6	
2089	10.4450	14	2	-7	
2090	10.4500	14	2	-7	
2091	10.4550	14	2	-7	
2092	10.4600	14	2	-7	
2093	10.4650	14	2	-7	
2094	10.4700	14	2	-7	
2095	10.4750	14	2	-7	
2096	10.4800	14	2	-7	
2097	10.4850	14	2	-7	
2098	10.4900	14	2	-7	
2099	10.4950	14	2	-7	
2100	10.5000	14	2	-7	
2101	10.5050	15	2	-7	
2102	10.5100	15	2	-7	
2103	10.5150	15	2	-8	
2104	10.5200	15	2	-8	
2105	10.5250	15	2	-8	
2106	10.5300	15	2	-8	
2107	10.5350	15	2	-8	
2108	10.5400	15	2	-8	
2109	10.5450	16	2	-8	
2110	10.5500	16	2	-8	
2111	10.5550	16	2	-8	
2112	10.5600	16	2	-8	
2113	10.5650	16	2	-8	
2114	10.5700	16	2	-8	
2115	10.5750	16	2	-8	
2116	10.5800	16	2	-8	
2117	10.5850	16	2	-7	
2118	10.5900	16	2	-7	
2119	10.5950	16	2	-7	
2120	10.6000	16	2	-7	
2121	10.6050	16	2	-7	
2122	10.6100	16	2	-7	
2123	10.6150	16	2	-7	
2124	10.6200	16	2	-7	
2125	10.6250	16	2	-7	
2126	10.6300	16	2	-7	
2127	10.6350	16	2	-7	
2128	10.6400	16	2	-7	
2129	10.6450	16	2	-7	
2130	10.6500	16	2	-7	
2131	10.6550	16	2	-6	
2132	10.6600	16	2	-6	
2133	10.6650	15	2	-6	
2134	10.6700	15	2	-6	
2135	10.6750	15	1	-6	
2136	10.6800	15	1	-6	
2137	10.6850	15	1	-6	
2138	10.6900	15	1	-6	
2139	10.6950	15	1	-6	
2140	10.7000	15	1	-6	
2141	10.7050	15	1	-6	
2142	10.7100	14	1	-6	
2143	10.7150	14	1	-6	
2144	10.7200	14	1	-5	
2145	10.7250	14	1	-5	
2146	10.7300	14	1	-5	
2147	10.7350	14	1	-5	
2148	10.7400	14	1	-5	
2149	10.7450	14	1	-5	
2150	10.7500	14	1	-5	
2151	10.7550	14	1	-4	
2152	10.7600	14	1	-4	
2153	10.7650	13	1	-4	
2154	10.7700	13	1	-4	
2155	10.7750	13	1	-4	
2156	10.7800	13	1	-4	
2157	10.7850	13	1	-4	
2158	10.7900	12	1	-4	
2159	10.7950	12	1	-4	
2160	10.8000	12	1	-3	
2161	10.8050	12	1	-3	
2162	10.8100	12	1	-3	
2163	10.8150	12	1	-3	
2164	10.8200	12	1	-3	
2165	10.8250	12	1	-3	
2166	10.8300	12	1	-2	
2167	10.8350	12	1	-2	
2168	10.8400	11	1	-2	
2169	10.8450	11	1	-2	
2170	10.8500	11	1	-2	
2171	10.8550	11	1	-2	
2172	10.8600	11	1	-2	
2173	10.8650	10	1	-2	
2174	10.8700	10	1	-2	
2175	10.8750	10	1	-2	
2176	10.8800	10	1	-2	
2177	10.8850	10	1	-2	
2178	10.8900	10	1	-1	
2179	10.8950	10	1	-1	
2180	10.9000	10	1	-1	
2181	10.9050	10	1	-1	
2182	10.9100	9	1	-1	
2183	10.9150	9	1	-1	
2184	10.9200	9	1	-1	
2185	10.9250	9	1	-1	
2186	10.9300	9	1	0	
2187	10.9350	9	1	0	
2188	10.9400	8	1	0	
2189	10.9450	8	1	0	
2190	10.9500	8	1	0	
2191	10.9550	8	1	0	
2192	10.9600	8	1	0	
2193	10.9650	8	1	0	
2194	10.9700	8	1	0	
2195	10.9750	8	1	0	
2196	10.9800	8	1	0	
2197	10.9850	8	1	0	
2198	10.9900	8	1	0	
2199	10.9950	8	1	0	
2200	11.0000	8	1	0	
2201	11.0050	8	1	0	
2202	11.0100	8	1	0	
2203	11.0150	7	1	0	
2204	11.0200	7	1	0	
2205	11.0250	7	1	0	
2206	11.0300	7	1	0	
2207	11.0350	7	1	0	
2208	11.0400	7	1	0	
2209	11.0450	7	1	0	
2210	11.0500	7	1	0	
2211	11.0550	7	1	0	
2212	11.0600	7	1	0	
2213	11.0650	7	1	0	
2214	11.0700	7	1	0	
2215	11.0750	7	1	0	
2216	11.0800	7	1	0	
2217	11.0850	7	1	0	
2218	11.0900	7	1	0	
2219	11.0950	7	1	0	
2220	11.1000	7	1	0	
2221	11.1050	7	1	0	
2222	11.1100	7	1	0	
2223	11.1150	7	1	0	
2224	11.1200	7	1	0	
2225	11.1250	7	1	0	
2226	11.1300	7	1	0	
2227	11.1350	8	1	0	
2228	11.1400	8	1	0	
2229	11.1450	8	1	-1	
2230	11.1500	8	1	-1	
2231	11.1550	8	1	-1	
2232	11.1600	8	1	-1	
2233	11.1650	8	1	-1	
2234	11.1700	8	1	-1	
2235	11.1750	8	1	-1	
2236	11.1800	8	1	-1	
2237	11.1850	8	1	-1	
2238	11.1900	8	1	-2	
2239	11.1950	8	1	-2	
2240	11.2000	8	1	-2	
2241	11.2050	8	1	-2	
2242	11.2100	9	1	-2	
2243	11.2150	9	1	-2	
2244	11.2200	9	1	-2	
2245	11.2250	9	1	-2	
2246	11.2300	9	1	-2	
2247	11.2350	9	1	-2	
2248	11.2400	10	1	-2	
2249	11.2450	10	1	-3	
2250	11.2500	10	1	-3	
2251	11.2550	10	1	-3	
2252	11.2600	10	1	-3	
2253	11.2650	10	1	-3	
2254	11.2700	10	1	-3	
2255	11.2750	10	1	-3	
2256	11.2800	10	1	-4	
2257	11.2850	10	1	-4	
2258	11.2900	11	1	-4	
2259	11.2950	11	1	-4	
2260	11.3000	11	1	-4	
2261	11.3050	11	1	-4	
2262	11.3100	11	1	-4	
2263	11.3150	12	1	-4	
2264	11.3200	12	1	-4	
2265	11.3250	12	1	-4	
2266	11.3300	12	1	-5	
2267	11.3350	12	1	-5	
2268	11.3400	12	1	-5	
2269	11.3450	12	1	-5	
2270	11.3500	12	1	-5	
2271	11.3550	12	1	-5	
2272	11.3600	13	1	-5	
2273	11.3650	13	1	-5	
2274	11.3700	13	1	-6	
2275	11.3750	13	1	-6	
2276	11.3800	13	1	-6	
2277	11.3850	14	1	-6	
2278	11.3900	14	1	-6	
2279	11.3950	14	1	-6	
2280	11.4000	14	1	-6	
2281	11.4050	14	1	-6	
2282	11.4100	14	1	-6	
2283	11.4150	14	1	-6	
2284	11.4200	14	1	-6	
2285	11.4250	14	1	-6	
2286	11.4300	14	1	-6	
2287	11.4350	14	1	-6	
2288	11.4400	14	1	-7	
2289	11.4450	15	1	-7	
2290	11.4500	15	1	-7	
2291	11.4550	15	1	-7	
2292	11.4600	15	1	-7	
2293	11.4650	15	1	-7	
2294	11.4700	15	1	-7	
2295	11.4750	15	1	-7	
2296	11.4800	15	1	-7	
2297	11.4850	15	1	-7	
2298	11.4900	16	1	-7	
2299	11.4950	16	1	-7	
2300	11.5000	16	1	-7	
2301	11.5050	16	1	-7	
2302	11.5100	16	1	-7	
2303	11.5150	16	1	-7	
2304	11.5200	16	1	-7	
2305	11.5250	16	1	-7	
2306	11.5300	16	1	-7	
2307	11.5350	16	1	-7	
2308	11.5400	16	1	-7	
2309	11.5450	16	1	-7	
2310	11.5500	16	1	-7	
2311	11.5550	16	1	-7	
2312	11.5600	16	1	-7	
2313	11.5650	16	1	-7	
2314	11.5700	16	1	-7	
2315	11.5750	16	1	-7	
2316	11.5800	16	1	-7	
2317	11.5850	16	1	-7	
2318	11.5900	16	1	-7	
2319	11.5950	16	1	-7	
2320	11.6000	16	1	-7	
2321	11.6050	16	1	-7	
2322	11.6100	15	1	-7	
2323	11.6150	15	1	-7	
2324	11.6200	15	1	-7	
2325	11.6250	15	1	-6	
2326	11.6300	15	1	-6	
2327	11.6350	15	1	-6	
2328	11.6400	15	1	-6	
2329	11.6450	15	1	-6	
2330	11.6500	15	1	-6	
2331	11.6550	14	1	-6	
2332	11.6600	14	2	-6	
2333	11.6650	14	2	-6	
2334	11.6700	14	2	-6	
2335	11.6750	14	2	-6	
2336	11.6800	14	2	-6	
2337	11.6850	14	2	-6	
2338	11.6900	14	2	-6	
2339	11.6950	14	2	-6	
2340	11.7000	14	2	-5	
2341	11.7050	14	2	-5	
2342	11.7100	14	2	-5	
2343	11.7150	13	2	-5	
2344	11.7200	13	2	-5	
2345	11.7250	13	2	-5	
2346	11.7300	13	2	-5	
2347	11.7350	12	2	-4	
2348	11.7400	12	2	-4	
2349	11.7450	12	2	-4	
2350	11.7500	12	2	-4	
2351	11.7550	12	2	-4	
2352	11.7600	12	2	-4	
2353	11.7650	12	2	-4	
2354	11.7700	12	2	-4	
2355	11.7750	12	2	-4	
2356	11.7800	12	2	-4	
2357	11.7850	11	2	-3	
2358	11.7900	11	2	-3	
2359	11.7950	11	2	-3	
2360	11.8000	11	2	-3	
2361	11.8050	11	2	-3	
2362	11.8100	10	2	-3	
2363	11.8150	10	2	-3	
2364	11.8200	10	2	-2	
2365	11.8250	10	2	-2	
2366	11.8300	10	2	-2	
2367	11.8350	10	1	-2	
2368	11.8400	10	1	-2	
2369	11.8450	10	1	-2	
2370	11.8500	10	1	-2	
2371	11.8550	9	1	-2	
2372	11.8600	9	1	-2	
2373	11.8650	9	1	-2	
2374	11.8700	9	1	-2	
2375	11.8750	9	1	-1	
2376	11.8800	9	1	-1	
2377	11.8850	8	1	-1	
2378	11.8900	8	1	-1	
2379	11.8950	8	1	-1	
2380	11.9000	8	1	-1	
2381	11.9050	8	1	-1	
2382	11.9100	8	1	-1	
2383	11.9150	8	1	-1	
2384	11.9200	8	1	0	
2385	11.9250	8	1	0	
2386	11.9300	8	1	0	
2387	11.9350	8	1	0	
2388	11.9400	8	1	0	
2389	11.9450	8	1	0	
2390	11.9500	8	1	0	
2391	11.9550	8	1	0	
2392	11.9600	7	1	0	
2393	11.9650	7	1	0	
2394	11.9700	7	1	0	
2395	11.9750	7	1	0	
2396	11.9800	7	1	0	
2397	11.9850	7	1	0	
2398	11.9900	7	1	0	
2399	11.9950	7	1	0	
2400	12.0000	7	1	0	
2401	12.0050	7	1	0	
2402	12.0100	7	1	0	
2403	12.0150	7	1	0	
2404	12.0200	7	1	0	
2405	12.0250	7	1	0	
2406	12.0300	7	0	0	
2407	12.0350	7	0	0	
2408	12.0400	7	0	0	
2409	12.0450	7	0	0	
2410	12.0500	7	0	0	
2411	12.0550	7	0	0	
2412	12.0600	7	0	0	
2413	12.0650	7	0	0	
2414	12.0700	7	0	0	
2415	12.0750	7	0	0	
2416	12.0800	7	0	0	
2417	12.0850	8	0	0	
2418	12.0900	8	0	0	
2419	12.0950	8	0	0	
2420	12.1000	8	0	0	
2421	12.1050	8	0	0	
2422	12.1100	8	0	0	
2423	12.1150	8	0	0	
2424	12.1200	8	0	0	
2425	12.1250	8	0	0	
2426	12.1300	8	0	-1	
2427	12.1350	8	0	-1	
2428	12.1400	8	0	-1	
2429	12.1450	8	0	-1	
2430	12.1500	8	0	-1	
2431	12.1550	8	0	-1	
2432	12.1600	9	0	-1	
2433	12.1650	9	0	-1	
2434	12.1700	9	0	-2	
2435	12.1750	9	0	-2	
2436	12.1800	9	0	-2	
2437	12.1850	10	0	-2	
2438	12.1900	10	0	-2	
2439	12.1950	10	0	-2	
2440	12.2000	10	0	-2	
2441	12.2050	10	0	-2	
2442	12.2100	10	0	-2	
2443	12.2150	10	0	-2	
2444	12.2200	10	0	-2	
2445	12.2250	10	0	-3	
2446	12.2300	10	0	-3	
2447	12.2350	11	0	-3	
2448	12.2400	11	0	-3	
2449	12.2450	11	0	-3	
2450	12.2500	11	0	-3	
2451	12.2550	11	0	-3	
2452	12.2600	12	0	-4	
2453	12.2650	12	0	-4	
2454	12.2700	12	0	-4	
2455	12.2750	12	0	-4	
2456	12.2800	12	0	-4	
2457	12.2850	12	0	-4	
2458	12.2900	12	0	-4	
2459	12.2950	12	0	-4	
2460	12.3000	12	0	-4	
2461	12.3050	13	0	-5	
2462	12.3100	13	1	-5	
2463	12.3150	13	1	-5	
2464	12.3200	13	1	-5	
2465	12.3250	13	1	-5	
2466	12.3300	14	1	-5	
2467	12.3350	14	1	-5	
2468	12.3400	14	1	-6	
2469	12.3450	14	1	-6	
2470	12.3500	14	1	-6	
2471	12.3550	14	1	-6	
2472	12.3600	14	1	-6	
2473	12.3650	14	1	-6	
2474	12.3700	14	1	-6	
2475	12.3750	14	1	-6	
2476	12.3800	14	1	-6	
2477	12.3850	14	1	-6	
2478	12.3900	14	1	-6	
2479	12.3950	15	1	-6	
2480	12.4000	15	1	-7	
2481	12.4050	15	1	-7	
2482	12.4100	15	1	-7	
2483	12.4150	15	1	-7	
2484	12.4200	15	1	-7	
2485	12.4250	15	1	-7	
2486	12.4300	15	2	-7	
2487	12.4350	16	2	-7	
2488	12.4400	16	2	-7	
2489	12.4450	16	2	-7	
2490	12.4500	16	2	-7	
2491	12.4550	16	2	-7	
2492	12.4600	16	2	-7	
2493	12.4650	16	2	-7	
2494	12.4700	16	2	-7	
2495	12.4750	16	2	-7	
2496	12.4800	16	2	-7	
2497	12.4850	16	2	-8	
2498	12.4900	16	2	-8	
2499	12.4950	16	2	-8	
2500	12.5000	16	2	-8	
2501	12.5050	16	2	-8	
2502	12.5100	16	2	-8	
2503	12.5150	16	2	-8	
2504	12.5200	16	2	-8	
2505	12.5250	16	2	-7	
2506	12.5300	16	2	-7	
2507	12.5350	16	2	-7	
2508	12.5400	16	2	-7	
2509	12.5450	16	2	-7	
2510	12.5500	16	2	-7	
2511	12.5550	15	2	-7	
2512	12.5600	15	2	-7	
2513	12.5650	15	2	-7	
2514	12.5700	15	2	-7	
2515	12.5750	15	2	-7	
2516	12.5800	15	2	-7	
2517	12.5850	15	2	-7	
2518	12.5900	15	2	-7	
2519	12.5950	15	2	-7	
2520	12.6000	14	2	-6	
2521	12.6050	14	2	-6	
2522	12.6100	14	2	-6	
2523	12.6150	14	2	-6	
2524	12.6200	14	2	-6	
2525	12.6250	14	2	-6	
2526	12.6300	14	2	-6	
2527	12.6350	14	2	-6	
2528	12.6400	14	2	-6	
2529	12.6450	14	2	-6	
2530	12.6500	14	2	-6	
2531	12.6550	13	2	-6	
2532	12.6600	13	2	-5	
2533	12.6650	13	2	-5	
2534	12.6700	13	2	-5	
2535	12.6750	13	2	-5	
2536	12.6800	12	2	-5	
2537	12.6850	12	2	-5	
2538	12.6900	12	2	-4	
2539	12.6950	12	2	-4	
2540	12.7000	12	2	-4	
2541	12.7050	12	2	-4	
2542	12.7100	12	2	-4	
2543	12.7150	12	2	-4	
2544	12.7200	12	2	-4	
2545	12.7250	12	2	-4	
2546	12.7300	11	2	-4	
2547	12.7350	11	2	-3	
2548	12.7400	11	2	-3	
2549	12.7450	11	2	-3	
2550	12.7500	11	2	-3	
2551	12.7550	10	2	-3	
2552	12.7600	10	2	-3	
2553	12.7650	10	2	-2	
2554	12.7700	10	2	-2	
2555	12.7750	10	2	-2	
2556	12.7800	10	2	-2	
2557	12.7850	10	2	-2	
2558	12.7900	10	2	-2	
2559	12.7950	10	2	-2	
2560	12.8000	9	2	-2	
2561	12.8050	9	2	-2	
2562	12.8100	9	1	-1	
2563	12.8150	9	1	-1	
2564	12.8200	9	1	-1	
2565	12.8250	9	1	-1	
2566	12.8300	8	1	-1	
2567	12.8350	8	1	-1	
2568	12.8400	8	1	0	
2569	12.8450	8	1	0	
2570	12.8500	8	1	0	
2571	12.8550	8	1	0	
2572	12.8600	8	1	0	
2573	12.8650	8	1	0	
2574	12.8700	8	1	0	
2575	12.8750	8	1	0	
2576	12.8800	8	1	0	
2577	12.8850	8	1	0	
2578	12.8900	8	1	0	
2579	12.8950	8	1	0	
2580	12.9000	8	0	0	
2581	12.9050	7	0	0	
2582	12.9100	7	0	0	
2583	12.9150	7	0	1	
2584	12.9200	7	0	1	
2585	12.9250	7	0	1	
2586	12.9300	7	0	1	
2587	12.9350	7	0	1	
2588	12.9400	7	0	1	
2589	12.9450	7	0	1	
2590	12.9500	7	0	1	
2591	12.9550	7	0	1	
2592	12.9600	7	0	1	
2593	12.9650	7	0	1	
2594	12.9700	7	0	1	
2595	12.9750	7	0	1	
2596	12.9800	7	0	1	
2597	12.9850	7	0	1	
2598	12.9900	7	0	1	
2599	12.9950	7	0	1	
2600	13.0000	7	0	1	
2601	13.0050	7	0	1	
2602	13.0100	7	0	1	
2603	13.0150	7	0	1	
2604	13.0200	7	0	1	
2605	13.0250	8	0	1	
2606	13.0300	8	0	0	
2607	13.0350	8	0	0	
2608	13.0400	8	0	0	
2609	13.0450	8	0	0	
2610	13.0500	8	0	0	
2611	13.0550	8	0	0	
2612	13.0600	8	0	0	
2613	13.0650	8	0	0	
2614	13.0700	8	0	0	
2615	13.0750	8	0	0	
2616	13.0800	8	0	0	
2617	13.0850	8	0	0	
2618	13.0900	8	0	0	
2619	13.0950	8	0	0	
2620	13.1000	8	0	-1	
2621	13.1050	9	0	-1	
2622	13.1100	9	0	-1	
2623	13.1150	9	0	-1	
2624	13.1200	9	0	-1	
2625	13.1250	9	0	-1	
2626	13.1300	10	0	-2	
2627	13.1350	10	0	-2	
2628	13.1400	10	0	-2	
2629	13.1450	10	0	-2	
2630	13.1500	10	0	-2	
2631	13.1550	10	0	-2	
2632	13.1600	10	0	-2	
2633	13.1650	10	0	-2	
2634	13.1700	10	0	-2	
2635	13.1750	10	0	-3	
2636	13.1800	11	0	-3	
2637	13.1850	11	0	-3	
2638	13.1900	11	0	-3	
2639	13.1950	11	0	-3	
2640	13.2000	11	0	-4	
2641	13.2050	12	0	-4	
2642	13.2100	12	0	-4	
2643	13.2150	12	0	-4	
2644	13.2200	12	0	-4	
2645	13.2250	12	0	-4	
2646	13.2300	12	0	-4	
2647	13.2350	12	0	-4	
2648	13.2400	12	1	-5	
2649	13.2450	12	1	-5	
2650	13.2500	13	1	-5	
2651	13.2550	13	1	-5	
2652	13.2600	13	1	-5	
2653	13.2650	13	1	-6	
2654	13.2700	13	1	-6	
2655	13.2750	14	1	-6	
2656	13.2800	14	1	-6	
2657	13.2850	14	1	-6	
2658	13.2900	14	1	-6	
2659	13.2950	14	1	-6	
2660	13.3000	14	1	-6	
2661	13.3050	14	1	-6	
2662	13.3100	14	1	-6	
2663	13.3150	14	1	-7	
2664	13.3200	14	1	-7	
2665	13.3250	14	2	-7	
2666	13.3300	14	2	-7	
2667	13.3350	15	2	-7	
2668	13.3400	15	2	-7	
2669	13.3450	15	2	-7	
2670	13.3500	15	2	-7	
2671	13.3550	15	2	-8	
2672	13.3600	15	2	-8	
2673	13.3650	15	2	-8	
2674	13.3700	15	2	-8	
2675	13.3750	15	2	-8	
2676	13.3800	16	2	-8	
2677	13.3850	16	2	-8	
2678	13.3900	16	2	-8	
2679	13.3950	16	2	-8	
2680	13.4000	16	2	-8	
2681	13.4050	16	2	-8	
2682	13.4100	16	2	-8	
2683	13.4150	16	2	-8	
2684	13.4200	16	2	-8	
2685	13.4250	16	2	-8	
2686	13.4300	16	2	-8	
2687	13.4350	16	2	-8	
2688	13.4400	16	2	-8	
2689	13.4450	16	2	-8	
2690	13.4500	16	2	-8	
2691	13.4550	16	2	-8	
2692	13.4600	16	2	-8	
2693	13.4650	16	2	-8	
2694	13.4700	16	2	-8	
2695	13.4750	16	2	-8	
2696	13.4800	16	2	-8	
2697	13.4850	16	2	-8	
2698	13.4900	16	2	-8	
2699	13.4950	16	2	-8	
2700	13.5000	15	2	-8	
2701	13.5050	15	2	-8	
2702	13.5100	15	2	-8	
2703	13.5150	15	2	-8	
2704	13.5200	15	2	-8	
2705	13.5250	15	2	-7	
2706	13.5300	15	2	-7	
2707	13.5350	15	2	-7	
2708	13.5400	14	2	-7	
2709	13.5450	14	2	-7	
2710	13.5500	14	2	-7	
2711	13.5550	14	2	-7	
2712	13.5600	14	2	-7	
2713	13.5650	14	2	-6	
2714	13.5700	14	2	-6	
2715	13.5750	14	2	-6	
2716	13.5800	14	2	-6	
2717	13.5850	14	2	-6	
2718	13.5900	14	2	-6	
2719	13.5950	14	2	-6	
2720	13.6000	13	2	-6	
2721	13.6050	13	2	-6	
2722	13.6100	13	2	-5	
2723	13.6150	13	2	-5	
2724	13.6200	13	2	-5	
2725	13.6250	12	2	-5	
2726	13.6300	12	2	-5	
2727	13.6350	12	2	-4	
2728	13.6400	12	2	-4	
2729	13.6450	12	2	-4	
2730	13.6500	12	2	-4	
2731	13.6550	12	2	-4	
2732	13.6600	12	2	-4	
2733	13.6650	12	2	-4	
2734	13.6700	12	2	-4	
2735	13.6750	11	2	-3	
2736	13.6800	11	2	-3	
2737	13.6850	11	2	-3	
2738	13.6900	11	2	-3	
2739	13.6950	10	2	-3	
2740	13.7000	10	2	-2	
2741	13.7050	10	1	-2	
2742	13.7100	10	1	-2	
2743	13.7150	10	1	-2	
2744	13.7200	10	1	-2	
2745	13.7250	10	1	-2	
2746	13.7300	10	1	-2	
2747	13.7350	10	1	-2	
2748	13.7400	10	1	-1	
2749	13.7450	9	1	-1	
2750	13.7500	9	1	-1	
2751	13.7550	9	1	-1	
2752	13.7600	9	1	-1	
2753	13.7650	9	1	0	
2754	13.7700	9	1	0	
2755	13.7750	8	1	0	
2756	13.7800	8	1	0	
2757	13.7850	8	0	0	
2758	13.7900	8	0	0	
2759	13.7950	8	0	0	
2760	13.8000	8	0	0	
2761	13.8050	8	0	0	
2762	13.8100	8	0	0	
2763	13.8150	8	0	0	
2764	13.8200	8	0	1	
2765	13.8250	8	0	1	
2766	13.8300	8	0	1	
2767	13.8350	8	0	1	
2768	13.8400	8	0	1	
2769	13.8450	8	0	1	
2770	13.8500	7	0	1	
2771	13.8550	7	0	1	
2772	13.8600	7	0	1	
2773	13.8650	7	0	1	
2774	13.8700	7	0	1	
2775	13.8750	7	0	1	
2776	13.8800	7	0	1	
2777	13.8850	7	0	1	
2778	13.8900	7	0	1	
2779	13.8950	7	0	1	
2780	13.9000	7	0	1	
2781	13.9050	7	0	1	
2782	13.9100	7	0	1	
2783	13.9150	7	0	1	
2784	13.9200	7	0	1	
2785	13.9250	7	0	1	
2786	13.9300	7	0	1	
2787	13.9350	7	0	1	
2788	13.9400	7	0	1	
2789	13.9450	7	0	1	
2790	13.9500	7	0	1	
2791	13.9550	7	0	1	
2792	13.9600	7	0	1	
2793	13.9650	7	0	1	
2794	13.9700	8	0	1	
2795	13.9750	8	0	1	
2796	13.9800	8	0	1	
2797	13.9850	8	0	0	
2798	13.9900	8	0	0	
2799	13.9950	8	0	0	
2800	14.0000	8	0	0	
2801	14.0050	8	0	0	
2802	14.0100	8	0	0	
2803	14.0150	8	0	0	
2804	14.0200	8	0	0	
2805	14.0250	8	0	0	
2806	14.0300	8	0	0	
2807	14.0350	8	0	0	
2808	14.0400	8	0	-1	
2809	14.0450	8	0	-1	
2810	14.0500	9	0	-1	
2811	14.0550	9	0	-1	
2812	14.0600	9	0	-1	
2813	14.0650	9	0	-1	
2814	14.0700	9	0	-2	
2815	14.0750	10	0	-2	
2816	14.0800	10	0	-2	
2817	14.0850	10	0	-2	
2818	14.0900	10	0	-2	
2819	14.0950	10	0	-2	
2820	14.1000	10	0	-2	
2821	14.1050	10	0	-2	
2822	14.1100	10	0	-3	
2823	14.1150	10	0	-3	
2824	14.1200	10	0	-3	
2825	14.1250	11	0	-3	
2826	14.1300	11	0	-3	
2827	14.1350	11	1	-4	
2828	14.1400	11	1	-4	
2829	14.1450	11	1	-4	
2830	14.1500	12	1	-4	
2831	14.1550	12	1	-4	
2832	14.1600	12	1	-4	
2833	14.1650	12	1	-4	
2834	14.1700	12	1	-5	
2835	14.1750	12	1	-5	
2836	14.1800	12	1	-5	
2837	14.1850	12	1	-5	
2838	14.1900	12	1	-5	
2839	14.1950	13	1	-6	
2840	14.2000	13	1	-6	
2841	14.2050	13	1	-6	
2842	14.2100	13	1	-6	
2843	14.2150	13	2	-6	
2844	14.2200	14	2	-6	
2845	14.2250	14	2	-6	
2846	14.2300	14	2	-6	
2847	14.2350	14	2	-7	
2848	14.2400	14	2	-7	
2849	14.2450	14	2	-7	
2850	14.2500	14	2	-7	
2851	14.2550	14	2	-7	
2852	14.2600	14	2	-7	
2853	14.2650	14	2	-7	
2854	14.2700	14	2	-8	
2855	14.2750	14	2	-8	
2856	14.2800	15	2	-8	
2857	14.2850	15	2	-8	
2858	14.2900	15	2	-8	
2859	14.2950	15	2	-8	
2860	14.3000	15	2	-8	
2861	14.3050	15	2	-8	
2862	14.3100	15	2	-8	
2863	14.3150	15	2	-8	
2864	14.3200	15	2	-8	
2865	14.3250	16	2	-8	
2866	14.3300	16	2	-8	
2867	14.3350	16	2	-8	
2868	14.3400	16	2	-8	
2869	14.3450	16	2	-8	
2870	14.3500	16	2	-8	
2871	14.3550	16	2	-8	
2872	14.3600	16	2	-8	
2873	14.3650	16	2	-8	
2874	14.3700	16	2	-8	
2875	14.3750	16	2	-8	
2876	14.3800	16	2	-8	
2877	14.3850	16	2	-8	
2878	14.3900	16	2	-8	
2879	14.3950	16	2	-8	
2880	14.4000	16	2	-8	
2881	14.4050	16	2	-8	
2882	14.4100	16	2	-8	
2883	14.4150	16	2	-8	
2884	14.4200	16	2	-8	
2885	14.4250	16	2	-8	
2886	14.4300	16	2	-8	
2887	14.4350	16	2	-8	
2888	14.4400	15	2	-8	
2889	14.4450	15	2	-8	
2890	14.4500	15	2	-8	
2891	14.4550	15	2	-8	
2892	14.4600	15	2	-8	
2893	14.4650	15	2	-7	
2894	14.4700	15	2	-7	
2895	14.4750	15	2	-7	
2896	14.4800	15	2	-7	
2897	14.4850	14	2	-7	
2898	14.4900	14	2	-7	
2899	14.4950	14	2	-7	
2900	14.5000	14	2	-6	
2901	14.5050	14	2	-6	
2902	14.5100	14	2	-6	
2903	14.5150	14	2	-6	
2904	14.5200	14	2	-6	
2905	14.5250	14	2	-6	
2906	14.5300	14	2	-6	
2907	14.5350	14	2	-6	
2908	14.5400	14	2	-5	
2909	14.5450	13	2	-5	
2910	14.5500	13	2	-5	
2911	14.5550	13	2	-5	
2912	14.5600	13	2	-5	
2913	14.5650	13	2	-4	
2914	14.5700	12	2	-4	
2915	14.5750	12	2	-4	
2916	14.5800	12	2	-4	
2917	14.5850	12	2	-4	
2918	14.5900	12	1	-4	
2919	14.5950	12	1	-4	
2920	14.6000	12	1	-4	
2921	14.6050	12	1	-3	
2922	14.6100	12	1	-3	
2923	14.6150	12	1	-3	
2924	14.6200	11	1	-3	
2925	14.6250	11	1	-3	
2926	14.6300	11	1	-2	
2927	14.6350	11	1	-2	
2928	14.6400	10	1	-2	
2929	14.6450	10	1	-2	
2930	14.6500	10	1	-2	
2931	14.6550	10	1	-2	
2932	14.6600	10	1	-2	
2933	14.6650	10	1	-2	
2934	14.6700	10	1	-1	
2935	14.6750	10	0	-1	
2936	14.6800	10	0	-1	
2937	14.6850	10	0	-1	
2938	14.6900	9	0	-1	
2939	14.6950	9	0	-1	
2940	14.7000	9	0	0	
2941	14.7050	9	0	0	
2942	14.7100	9	0	0	
2943	14.7150	8	0	0	
2944	14.7200	8	0	0	
2945	14.7250	8	0	0	
2946	14.7300	8	0	0	
2947	14.7350	8	0	0	
2948	14.7400	8	0	0	
2949	14.7450	8	0	0	
2950	14.7500	8	0	0	
2951	14.7550	8	0	1	
2952	14.7600	8	0	1	
2953	14.7650	8	0	1	
2954	14.7700	8	0	1	
2955	14.7750	8	0	1	
2956	14.7800	8	0	1	
2957	14.7850	8	0	1	
2958	14.7900	8	0	1	
2959	14.7950	7	0	1	
2960	14.8000	7	0	1	
2961	14.8050	7	0	1	
2962	14.8100	7	0	1	
2963	14.8150	7	0	1	
2964	14.8200	7	0	1	
2965	14.8250	7	0	1	
2966	14.8300	7	0	1	
2967	14.8350	7	0	1	
2968	14.8400	7	0	1	
2969	14.8450	7	0	1	
2970	14.8500	7	0	1	
2971	14.8550	7	0	1	
2972	14.8600	7	0	1	
2973	14.8650	7	0	1	
2974	14.8700	7	0	1	
2975	14.8750	7	0	1	
2976	14.8800	7	0	1	
2977	14.8850	7	0	1	
2978	14.8900	7	0	1	
2979	14.8950	7	0	1	
2980	14.9000	7	0	1	
2981	14.9050	7	0	0	
2982	14.9100	7	0	0	
2983	14.9150	8	0	0	
2984	14.9200	8	0	0	
2985	14.9250	8	0	0	
2986	14.9300	8	0	0	
2987	14.9350	8	0	0	
2988	14.9400	8	0	0	
2989	14.9450	8	0	0	
2990	14.9500	8	0	0	
2991	14.9550	8	0	0	
2992	14.9600	8	0	0	
2993	14.9650	8	0	-1	
2994	14.9700	8	0	-1	
2995	14.9750	8	0	-1	
2996	14.9800	8	0	-1	
2997	14.9850	8	0	-1	
2998	14.9900	8	0	-1	
2999	14.9950	9	0	-2	
3000	15.0000	9	0	-2	
3001	15.0050	9	0	-2	
3002	15.0100	9	0	-2	
3003	15.0150	9	0	-2	
3004	15.0200	10	0	-2	
3005	15.0250	10	0	-2	
3006	15.0300	10	0	-2	
3007	15.0350	10	1	-3	
3008	15.0400	10	1	-3	
3009	15.0450	10	1	-3	
3010	15.0500	10	1	-3	
3011	15.0550	10	1	-3	
3012	15.0600	10	1	-4	
3013	15.0650	10	1	-4	
3014	15.0700	11	1	-4	
3015	15.0750	11	1	-4	
3016	15.0800	11	1	-4	
3017	15.0850	11	1	-4	
3018	15.0900	11	1	-4	
3019	15.0950	12	1	-4	
3020	15.1000	12	1	-5	
3021	15.1050	12	1	-5	
3022	15.1100	12	1	-5	
3023	15.1150	12	1	-5	
3024	15.1200	12	1	-5	
3025	15.1250	12	2	-6	
3026	15.1300	12	2	-6	
3027	15.1350	12	2	-6	
3028	15.1400	13	2	-6	
3029	15.1450	13	2	-6	
3030	15.1500	13	2	-6	
3031	15.1550	13	2	-6	
3032	15.1600	13	2	-6	
3033	15.1650	14	2	-6	
3034	15.1700	14	2	-6	
3035	15.1750	14	2	-7	
3036	15.1800	14	2	-7	
3037	15.1850	14	2	-7	
3038	15.1900	14	2	-7	
3039	15.1950	14	2	-7	
3040	15.2000	14	2	-7	
3041	15.2050	14	2	-7	
3042	15.2100	14	2	-7	
3043	15.2150	14	2	-8	
3044	15.2200	14	2	-8	
3045	15.2250	15	2	-8	
3046	15.2300	15	2	-8	
3047	15.2350	15	2	-8	
3048	15.2400	15	2	-8	
3049	15.2450	15	2	-8	
3050	15.2500	15	2	-8	
3051	15.2550	15	2	-8	
3052	15.2600	15	2	-8	
3053	15.2650	15	2	-8	
3054	15.2700	16	2	-8	
3055	15.2750	16	2	-8	
3056	15.2800	16	2	-8	
3057	15.2850	16	2	-8	
3058	15.2900	16	2	-8	
3059	15.2950	16	2	-8	
3060	15.3000	16	2	-8	
3061	15.3050	16	2	-8	
3062	15.3100	16	2	-8	
3063	15.3150	16	2	-8	
3064	15.3200	16	2	-8	
3065	15.3250	16	2	-8	
3066	15.3300	16	2	-8	
3067	15.3350	16	2	-8	
3068	15.3400	16	2	-8	
3069	15.3450	16	2	-8	
3070	15.3500	16	2	-8	
3071	15.3550	16	2	-8	
3072	15.3600	16	2	-8	
3073	15.3650	16	2	-8	
3074	15.3700	16	2	-8	
3075	15.3750	16	2	-8	
3076	15.3800	16	2	-8	
3077	15.3850	15	2	-7	
3078	15.3900	15	2	-7	
3079	15.3950	15	2	-7	
3080	15.4000	15	2	-7	
3081	15.4050	15	2	-7	
3082	15.4100	15	2	-7	
3083	15.4150	15	2	-7	
3084	15.4200	15	2	-7	
3085	15.4250	15	2	-6	
3086	15.4300	14	2	-6	
3087	15.4350	14	2	-6	
3088	15.4400	14	2	-6	
3089	15.4450	14	2	-6	
3090	15.4500	14	2	-6	
3091	15.4550	14	2	-6	
3092	15.4600	14	2	-6	
3093	15.4650	14	2	-6	
3094	15.4700	14	2	-5	
3095	15.4750	14	2	-5	
3096	15.4800	14	2	-5	
3097	15.4850	14	2	-5	
3098	15.4900	13	2	-5	
3099	15.4950	13	2	-5	
3100	15.5000	13	1	-4	
3101	15.5050	13	1	-4	
3102	15.5100	13	1	-4	
3103	15.5150	12	1	-4	
3104	15.5200	12	1	-4	
3105	15.5250	12	1	-4	
3106	15.5300	12	1	-4	
3107	15.5350	12	1	-4	
3108	15.5400	12	1	-3	
3109	15.5450	12	1	-3	
3110	15.5500	12	1	-3	
3111	15.5550	12	1	-3	
3112	15.5600	11	1	-3	
3113	15.5650	11	1	-2	
3114	15.5700	11	1	-2	
3115	15.5750	11	1	-2	
3116	15.5800	11	1	-2	
3117	15.5850	10	1	-2	
3118	15.5900	10	1	-2	
3119	15.5950	10	1	-2	
3120	15.6000	10	1	-2	
3121	15.6050	10	1	-2	
3122	15.6100	10	0	-1	
3123	15.6150	10	0	-1	
3124	15.6200	10	0	-1	
3125	15.6250	10	0	-1	
3126	15.6300	9	0	-1	
3127	15.6350	9	0	-1	
3128	15.6400	9	0	0	
3129	15.6450	9	0	0	
3130	15.6500	9	0	0	
3131	15.6550	9	0	0	
3132	15.6600	8	0	0	
3133	15.6650	8	0	0	
3134	15.6700	8	0	0	
3135	15.6750	8	0	0	
3136	15.6800	8	0	0	
3137	15.6850	8	0	0	
3138	15.6900	8	0	0	
3139	15.6950	8	0	0	
3140	15.7000	8	0	0	
3141	15.7050	8	0	0	
3142	15.7100	8	0	0	
3143	15.7150	8	0	1	
3144	15.7200	8	0	1	
3145	15.7250	8	0	1	
3146	15.7300	8	0	1	
3147	15.7350	7	0	1	
3148	15.7400	7	0	1	
3149	15.7450	7	0	1	
3150	15.7500	7	0	1	
3151	15.7550	7	0	1	
3152	15.7600	7	0	1	
3153	15.7650	7	0	1	
3154	15.7700	7	0	1	
3155	15.7750	7	0	1	
3156	15.7800	7	0	1	
3157	15.7850	7	0	1	
3158	15.7900	7	0	1	
3159	15.7950	7	0	1	
3160	15.8000	7	0	1	
3161	15.8050	7	0	1	
3162	15.8100	7	0	1	
3163	15.8150	7	0	0	
3164	15.8200	7	0	0	
3165	15.8250	7	0	0	
3166	15.8300	7	0	0	
3167	15.8350	7	0	0	
3168	15.8400	7	0	0	
3169	15.8450	7	0	0	
3170	15.8500	7	0	0	
3171	15.8550	7	0	0	
3172	15.8600	8	0	0	
3173	15.8650	8	0	0	
3174	15.8700	8	0	0	
3175	15.8750	8	0	0	
3176	15.8800	8	0	0	
3177	15.8850	8	0	0	
3178	15.8900	8	0	-1	
3179	15.8950	8	0	-1	
3180	15.9000	8	0	-1	
3181	15.9050	8	0	-1	
3182	15.9100	8	0	-1	
3183	15.9150	8	0	-1	
3184	15.9200	8	0	-1	
3185	15.9250	8	0	-2	
3186	15.9300	8	0	-2	
3187	15.9350	9	0	-2	
3188	15.9400	9	0	-2	
3189	15.9450	9	0	-2	
3190	15.9500	9	1	-2	
3191	15.9550	9	1	-2	
3192	15.9600	9	1	-2	
3193	15.9650	10	1	-2	
3194	15.9700	10	1	-3	
3195	15.9750	10	1	-3	
3196	15.9800	10	1	-3	
3197	15.9850	10	1	-3	
3198	15.9900	10	1	-3	
3199	15.9950	10	1	-3	
3200	16.0000	10	1	-4	
3201	16.0050	10	1	-4	
3202	16.0100	10	1	-4	
3203	16.0150	11	1	-4	
3204	16.0200	11	1	-4	
3205	16.0250	11	1	-4	
3206	16.0300	11	1	-4	
3207	16.0350	12	1	-4	
3208	16.0400	12	1	-5	
3209	16.0450	12	1	-5	
3210	16.0500	12	1	-5	
3211	16.0550	12	1	-5	
3212	16.0600	12	1	-5	
3213	16.0650	12	1	-5	
3214	16.0700	12	1	-6	
3215	16.0750	12	1	-6	
3216	16.0800	12	1	-6	
3217	16.0850	13	1	-6	
3218	16.0900	13	1	-6	
3219	16.0950	13	2	-6	
3220	16.1000	13	2	-6	
3221	16.1050	13	2	-6	
3222	16.1100	14	2	-6	
3223	16.1150	14	2	-6	
3224	16.1200	14	2	-6	
3225	16.1250	14	2	-7	
3226	16.1300	14	2	-7	
3227	16.1350	14	2	-7	
3228	16.1400	14	2	-7	
3229	16.1450	14	2	-7	
3230	16.1500	14	2	-7	
3231	16.1550	14	2	-7	
3232	16.1600	14	2	-7	
3233	16.1650	14	2	-7	
3234	16.1700	15	2	-7	
3235	16.1750	15	2	-7	
3236	16.1800	15	2	-8	
3237	16.1850	15	2	-8	
3238	16.1900	15	2	-8	
3239	16.1950	15	2	-8	
3240	16.2000	15	2	-8	
3241	16.2050	15	2	-8	
3242	16.2100	15	2	-8	
3243	16.2150	16	2	-8	
3244	16.2200	16	2	-8	
3245	16.2250	16	2	-8	
3246	16.2300	16	2	-8	
3247	16.2350	16	2	-8	
3248	16.2400	16	2	-8	
3249	16.2450	16	2	-8	
3250	16.2500	16	2	-8	
3251	16.2550	16	2	-8	
3252	16.2600	16	2	-8	
3253	16.2650	16	2	-8	
3254	16.2700	16	2	-8	
3255	16.2750	16	2	-8	
3256	16.2800	16	2	-8	
3257	16.2850	16	2	-8	
3258	16.2900	16	2	-8	
3259	16.2950	16	2	-7	
3260	16.3000	16	2	-7	
3261	16.3050	16	2	-7	
3262	16.3100	16	2	-7	
3263	16.3150	16	2	-7	
3264	16.3200	16	2	-7	
3265	16.3250	16	2	-7	
3266	16.3300	15	2	-7	
3267	16.3350	15	2	-7	
3268	16.3400	15	2	-7	
3269	16.3450	15	2	-7	
3270	16.3500	15	2	-6	
3271	16.3550	15	2	-6	
3272	16.3600	15	2	-6	
3273	16.3650	15	2	-6	
3274	16.3700	15	2	-6	
3275	16.3750	14	2	-6	
3276	16.3800	14	2	-6	
3277	16.3850	14	2	-6	
3278	16.3900	14	2	-6	
3279	16.3950	14	2	-6	
3280	16.4000	14	2	-6	
3281	16.4050	14	2	-5	
3282	16.4100	14	2	-5	
3283	16.4150	14	2	-5	
3284	16.4200	14	2	-5	
3285	16.4250	14	2	-5	
3286	16.4300	14	2	-5	
3287	16.4350	13	2	-4	
3288	16.4400	13	2	-4	
3289	16.4450	13	2	-4	
3290	16.4500	13	2	-4	
3291	16.4550	13	2	-4	
3292	16.4600	12	2	-4	
3293	16.4650	12	1	-4	
3294	16.4700	12	1	-4	
3295	16.4750	12	1	-4	
3296	16.4800	12	1	-3	
3297	16.4850	12	1	-3	
3298	16.4900	12	1	-3	
3299	16.4950	12	1	-3	
3300	16.5000	12	1	-3	
3301	16.5050	11	1	-2	
3302	16.5100	11	1	-2	
3303	16.5150	11	1	-2	
3304	16.5200	11	1	-2	
3305	16.5250	11	1	-2	
3306	16.5300	10	1	-2	
3307	16.5350	10	1	-2	
3308	16.5400	10	1	-2	
3309	16.5450	10	1	-2	
3310	16.5500	10	1	-2	
3311	16.5550	10	1	-1	
3312	16.5600	10	1	-1	
3313	16.5650	10	1	-1	
3314	16.5700	10	1	-1	
3315	16.5750	10	1	-1	
3316	16.5800	9	1	-1	
3317	16.5850	9	1	-1	
3318	16.5900	9	1	0	
3319	16.5950	9	1	0	
3320	16.6000	9	1	0	
3321	16.6050	8	1	0	
3322	16.6100	8	1	0	
3323	16.6150	8	1	0	
3324	16.6200	8	1	0	
3325	16.6250	8	1	0	
3326	16.6300	8	1	0	
3327	16.6350	8	1	0	
3328	16.6400	8	1	0	
3329	16.6450	8	1	0	
3330	16.6500	8	1	0	
3331	16.6550	8	1	0	
3332	16.6600	8	1	0	
3333	16.6650	8	1	0	
3334	16.6700	8	1	0	
3335	16.6750	8	1	1	
3336	16.6800	7	1	1	
3337	16.6850	7	1	1	
3338	16.6900	7	1	1	
3339	16.6950	7	1	1	
3340	16.7000	7	1	1	
3341	16.7050	7	1	1	
3342	16.7100	7	1	1	
3343	16.7150	7	0	1	
3344	16.7200	7	0	1	
3345	16.7250	7	0	1	
3346	16.7300	7	0	1	
3347	16.7350	7	0	1	
3348	16.7400	7	0	1	
3349	16.7450	7	0	1	
3350	16.7500	7	0	1	
3351	16.7550	7	0	1	
3352	16.7600	7	0	1	
3353	16.7650	7	0	0	
3354	16.7700	7	0	0	
3355	16.7750	7	0	0	
3356	16.7800	7	0	0	
3357	16.7850	7	0	0	
3358	16.7900	7	0	0	
3359	16.7950	7	0	0	
3360	16.8000	7	0	0	
3361	16.8050	8	0	0	
3362	16.8100	8	0	0	
3363	16.8150	8	0	0	
3364	16.8200	8	0	0	
3365	16.8250	8	0	0	
3366	16.8300	8	0	0	
3367	16.8350	8	1	0	
3368	16.8400	8	1	0	
3369	16.8450	8	1	-1	
3370	16.8500	8	1	-1	
3371	16.8550	8	1	-1	
3372	16.8600	8	1	-1	
3373	16.8650	8	1	-1	
3374	16.8700	8	1	-1	
3375	16.8750	8	1	-1	
3376	16.8800	9	1	-2	
3377	16.8850	9	1	-2	
3378	16.8900	9	1	-2	
3379	16.8950	9	1	-2	
3380	16.9000	9	1	-2	
3381	16.9050	9	1	-2	
3382	16.9100	10	1	-2	
3383	16.9150	10	1	-2	
3384	16.9200	10	1	-2	
3385	16.9250	10	1	-2	
3386	16.9300	10	1	-3	
3387	16.9350	10	1	-3	
3388	16.9400	10	1	-3	
3389	16.9450	10	1	-3	
3390	16.9500	10	1	-3	
3391	16.9550	11	1	-3	
3392	16.9600	11	1	-4	
3393	16.9650	11	1	-4	
3394	16.9700	11	1	-4	
3395	16.9750	11	1	-4	
3396	16.9800	12	1	-4	
3397	16.9850	12	1	-4	
3398	16.9900	12	1	-4	
3399	16.9950	12	1	-4	
3400	17.0000	12	1	-4	
3401	17.0050	12	1	-5	
3402	17.0100	12	1	-5	
3403	17.0150	12	1	-5	
3404	17.0200	12	1	-5	
3405	17.0250	13	1	-5	
3406	17.0300	13	1	-5	
3407	17.0350	13	1	-6	
3408	17.0400	13	1	-6	
3409	17.0450	13	1	-6	
3410	17.0500	14	1	-6	
3411	17.0550	14	1	-6	
3412	17.0600	14	1	-6	
3413	17.0650	14	1	-6	
3414	17.0700	14	1	-6	
3415	17.0750	14	1	-6	
3416	17.0800	14	1	-6	
3417	17.0850	14	1	-6	
3418	17.0900	14	1	-6	
3419	17.0950	14	1	-7	
3420	17.1000	14	1	-7	
3421	17.1050	14	2	-7	
3422	17.1100	14	2	-7	
3423	17.1150	15	2	-7	
3424	17.1200	15	2	-7	
3425	17.1250	15	2	-7	
3426	17.1300	15	2	-7	
3427	17.1350	15	2	-7	
3428	17.1400	15	2	-7	
3429	17.1450	15	2	-7	
3430	17.1500	15	2	-7	
3431	17.1550	15	2	-7	
3432	17.1600	16	2	-7	
3433	17.1650	16	2	-8	
3434	17.1700	16	2	-8	
3435	17.1750	16	2	-8	
3436	17.1800	16	2	-8	
3437	17.1850	16	2	-8	
3438	17.1900	16	2	-8	
3439	17.1950	16	2	-8	
3440	17.2000	16	2	-8	
3441	17.2050	16	2	-8	
3442	17.2100	16	2	-8	
3443	17.2150	16	2	-8	
3444	17.2200	16	2	-8	
3445	17.2250	16	2	-8	
3446	17.2300	16	2	-8	
3447	17.2350	16	2	-8	
3448	17.2400	16	2	-7	
3449	17.2450	16	2	-7	
3450	17.2500	16	2	-7	
3451	17.2550	16	2	-7	
3452	17.2600	16	2	-7	
3453	17.2650	16	2	-7	
3454	17.2700	16	2	-7	
3455	17.2750	15	2	-7	
3456	17.2800	15	2	-7	
3457	17.2850	15	2	-7	
3458	17.2900	15	2	-7	
3459	17.2950	15	2	-7	
3460	17.3000	15	2	-7	
3461	17.3050	15	2	-6	
3462	17.3100	15	2	-6	
3463	17.3150	15	2	-6	
3464	17.3200	14	2	-6	
3465	17.3250	14	2	-6	
3466	17.3300	14	2	-6	
3467	17.3350	14	2	-6	
3468	17.3400	14	2	-6	
3469	17.3450	14	2	-6	
3470	17.3500	14	2	-6	
3471	17.3550	14	2	-6	
3472	17.3600	14	2	-6	
3473	17.3650	14	2	-5	
3474	17.3700	14	2	-5	
3475	17.3750	14	2	-5	
3476	17.3800	13	2	-5	
3477	17.3850	13	2	-5	
3478	17.3900	13	2	-5	
3479	17.3950	13	2	-4	
3480	17.4000	13	2	-4	
3481	17.4050	12	2	-4	
3482	17.4100	12	2	-4	
3483	17.4150	12	2	-4	
3484	17.4200	12	1	-4	
3485	17.4250	12	1	-4	
3486	17.4300	12	1	-4	
3487	17.4350	12	1	-4	
3488	17.4400	12	1	-3	
3489	17.4450	12	1	-3	
3490	17.4500	11	1	-3	
3491	17.4550	11	1	-3	
3492	17.4600	11	1	-3	
3493	17.4650	11	1	-3	
3494	17.4700	11	1	-2	
3495	17.4750	10	1	-2	
3496	17.4800	10	1	-2	
3497	17.4850	10	1	-2	
3498	17.4900	10	1	-2	
3499	17.4950	10	1	-2	
3500	17.5000	10	1	-2	
3501	17.5050	10	1	-2	
3502	17.5100	10	1	-2	
3503	17.5150	10	1	-2	
3504	17.5200	9	1	-1	
3505	17.5250	9	1	-1	
3506	17.5300	9	1	-1	
3507	17.5350	9	1	-1	
3508	17.5400	9	1	-1	
3509	17.5450	9	1	-1	
3510	17.5500	8	1	-1	
3511	17.5550	8	1	-1	
3512	17.5600	8	1	0	
3513	17.5650	8	1	0	
3514	17.5700	8	1	0	
3515	17.5750	8	1	0	
3516	17.5800	8	1	0	
3517	17.5850	8	1	0	
3518	17.5900	8	1	0	
3519	17.5950	8	1	0	
3520	17.6000	8	1	0	
3521	17.6050	8	0	0	
3522	17.6100	8	0	0	
3523	17.6150	8	0	0	
3524	17.6200	8	0	0	
3525	17.6250	7	0	0	
3526	17.6300	7	0	0	
3527	17.6350	7	0	0	
3528	17.6400	7	0	0	
3529	17.6450	7	0	0	
3530	17.6500	7	0	0	
3531	17.6550	7	0	0	
3532	17.6600	7	0	0	
3533	17.6650	7	0	0	
3534	17.6700	7	0	0	
3535	17.6750	7	0	0	
3536	17.6800	7	0	0	
3537	17.6850	7	0	0	
3538	17.6900	7	0	0	
3539	17.6950	7	0	0	
3540	17.7000	7	0	0	
3541	17.7050	7	0	0	
3542	17.7100	7	0	0	
3543	17.7150	7	0	0	
3544	17.7200	7	0	0	
3545	17.7250	7	0	0	
3546	17.7300	7	0	0	
3547	17.7350	7	0	0	
3548	17.7400	7	0	0	
3549	17.7450	7	0	0	
3550	17.7500	8	0	0	
3551	17.7550	8	0	0	
3552	17.7600	8	0	0	
3553	17.7650	8	0	0	
3554	17.7700	8	0	0	
3555	17.7750	8	0	0	
3556	17.7800	8	0	0	
3557	17.7850	8	0	0	
3558	17.7900	8	0	0	
3559	17.7950	8	0	-1	
3560	17.8000	8	0	-1	
3561	17.8050	8	0	-1	
3562	17.8100	8	0	-1	
3563	17.8150	8	0	-1	
3564	17.8200	8	0	-1	
3565	17.8250	9	0	-1	
3566	17.8300	9	0	-2	
3567	17.8350	9	0	-2	
3568	17.8400	9	0	-2	
3569	17.8450	9	0	-2	
3570	17.8500	10	0	-2	
3571	17.8550	10	0	-2	
3572	17.8600	10	0	-2	
3573	17.8650	10	0	-2	
3574	17.8700	10	0	-2	
3575	17.8750	10	0	-2	
3576	17.8800	10	0	-3	
3577	17.8850	10	0	-3	
3578	17.8900	10	1	-3	
3579	17.8950	10	1	-3	
3580	17.9000	11	1	-3	
3581	17.9050	11	1	-3	
3582	17.9100	11	1	-4	
3583	17.9150	11	1	-4	
3584	17.9200	11	1	-4	
3585	17.9250	12	1	-4	
3586	17.9300	12	1	-4	
3587	17.9350	12	1	-4	
3588	17.9400	12	1	-4	
3589	17.9450	12	1	-4	
3590	17.9500	12	1	-4	
3591	17.9550	12	1	-4	
3592	17.9600	12	1	-5	
3593	17.9650	12	1	-5	
3594	17.9700	13	1	-5	
3595	17.9750	13	1	-5	
3596	17.9800	13	1	-5	
3597	17.9850	13	1	-5	
3598	17.9900	13	1	-6	
3599	17.9950	14	1	-6	
3600	18.0000	14	1	-6	
3601	18.0050	14	1	-6	
3602	18.0100	14	1	-6	
3603	18.0150	14	1	-6	
3604	18.0200	14	1	-6	
3605	18.0250	14	1	-6	
3606	18.0300	14	2	-6	
3607	18.0350	14	2	-6	
3608	18.0400	14	2	-6	
3609	18.0450	14	2	-6	
3610	18.0500	14	2	-7	
3611	18.0550	14	2	-7	
3612	18.0600	15	2	-7	
3613	18.0650	15	2	-7	
3614	18.0700	15	2	-7	
3615	18.0750	15	2	-7	
3616	18.0800	15	2	-7	
3617	18.0850	15	2	-7	
3618	18.0900	15	2	-7	
3619	18.0950	15	2	-7	
3620	18.1000	16	2	-7	
3621	18.1050	16	2	-7	
3622	18.1100	16	2	-7	
3623	18.1150	16	2	-7	
3624	18.1200	16	2	-7	
3625	18.1250	16	2	-7	
3626	18.1300	16	2	-8	
3627	18.1350	16	2	-8	
3628	18.1400	16	2	-8	
3629	18.1450	16	2	-8	
3630	18.1500	16	2	-8	
3631	18.1550	16	2	-8	
3632	18.1600	16	2	-8	
3633	18.1650	16	2	-8	
3634	18.1700	16	2	-8	
3635	18.1750	16	2	-7	
3636	18.1800	16	2	-7	
3637	18.1850	16	2	-7	
3638	18.1900	16	2	-7	
3639	18.1950	16	2	-7	
3640	18.2000	16	2	-7	
3641	18.2050	16	2	-7	
3642	18.2100	16	2	-7	
3643	18.2150	15	2	-7	
3644	18.2200	15	2	-7	
3645	18.2250	15	2	-7	
3646	18.2300	15	2	-7	
3647	18.2350	15	2	-7	
3648	18.2400	15	2	-7	
3649	18.2450	15	2	-7	
3650	18.2500	15	2	-6	
3651	18.2550	15	2	-6	
3652	18.2600	15	2	-6	
3653	18.2650	14	2	-6	
3654	18.2700	14	2	-6	
3655	18.2750	14	2	-6	
3656	18.2800	14	2	-6	
3657	18.2850	14	2	-6	
3658	18.2900	14	2	-6	
3659	18.2950	14	2	-6	
3660	18.3000	14	2	-6	
3661	18.3050	14	2	-6	
3662	18.3100	14	2	-5	
3663	18.3150	14	2	-5	
3664	18.3200	13	2	-5	
3665	18.3250	13	2	-5	
3666	18.3300	13	2	-5	
3667	18.3350	13	2	-5	
3668	18.3400	13	2	-4	
3669	18.3450	12	2	-4	
3670	18.3500	12	2	-4	
3671	18.3550	12	2	-4	
3672	18.3600	12	2	-4	
3673	18.3650	12	2	-4	
3674	18.3700	12	2	-4	
3675	18.3750	12	2	-4	
3676	18.3800	12	2	-4	
3677	18.3850	12	2	-3	
3678	18.3900	12	2	-3	
3679	18.3950	11	2	-3	
3680	18.4000	11	2	-3	
3681	18.4050	11	2	-3	
3682	18.4100	11	2	-3	
3683	18.4150	10	2	-2	
3684	18.4200	10	2	-2	
3685	18.4250	10	2	-2	
3686	18.4300	10	2	-2	
3687	18.4350	10	2	-2	
3688	18.4400	10	1	-2	
3689	18.4450	10	1	-2	
3690	18.4500	10	1	-2	
3691	18.4550	10	1	-2	
3692	18.4600	10	1	-2	
3693	18.4650	9	1	-1	
3694	18.4700	9	1	-1	
3695	18.4750	9	1	-1	
3696	18.4800	9	1	-1	
3697	18.4850	9	1	-1	
3698	18.4900	9	1	-1	
3699	18.4950	8	1	-1	
3700	18.5000	8	1	0	
3701	18.5050	8	1	0	
3702	18.5100	8	1	0	
3703	18.5150	8	1	0	
3704	18.5200	8	1	0	
3705	18.5250	8	1	0	
3706	18.5300	8	1	0	
3707	18.5350	8	1	0	
3708	18.5400	8	1	0	
3709	18.5450	8	0	0	
3710	18.5500	8	0	0	
3711	18.5550	8	0	0	
3712	18.5600	8	0	0	
3713	18.5650	8	0	0	
3714	18.5700	7	0	0	
3715	18.5750	7	0	0	
3716	18.5800	7	0	0	
3717	18.5850	7	0	1	
3718	18.5900	7	0	1	
3719	18.5950	7	0	1	
3720	18.6000	7	0	1	
3721	18.6050	7	0	1	
3722	18.6100	7	0	1	
3723	18.6150	7	0	1	
3724	18.6200	7	0	1	
3725	18.6250	7	0	1	
3726	18.6300	7	0	1	
3727	18.6350	7	0	1	
3728	18.6400	7	0	1	
3729	18.6450	7	0	1	
3730	18.6500	7	0	1	
3731	18.6550	7	0	1	
3732	18.6600	7	0	0	
3733	18.6650	7	0	0	
3734	18.6700	7	0	0	
3735	18.6750	7	0	0	
3736	18.6800	7	0	0	
3737	18.6850	7	0	0	
3738	18.6900	8	0	0	
3739	18.6950	8	0	0	
3740	18.7000	8	0	0	
3741	18.7050	8	0	0	
3742	18.7100	8	0	0	
3743	18.7150	8	0	0	
3744	18.7200	8	0	0	
3745	18.7250	8	0	0	
3746	18.7300	8	0	0	
3747	18.7350	8	0	0	
3748	18.7400	8	0	-1	
3749	18.7450	8	0	-1	
3750	18.7500	8	0	-1	
3751	18.7550	8	0	-1	
3752	18.7600	8	0	-1	
3753	18.7650	8	0	-1	
3754	18.7700	9	0	-1	
3755	18.7750	9	0	-2	
3756	18.7800	9	0	-2	
3757	18.7850	9	0	-2	
3758	18.7900	9	0	-2	
3759	18.7950	10	0	-2	
3760	18.8000	10	0	-2	
3761	18.8050	10	0	-2	
3762	18.8100	10	0	-2	
3763	18.8150	10	0	-2	
3764	18.8200	10	0	-3	
3765	18.8250	10	0	-3	
3766	18.8300	10	0	-3	
3767	18.8350	10	0	-3	
3768	18.8400	10	0	-3	
3769	18.8450	11	0	-3	
3770	18.8500	11	0	-4	
3771	18.8550	11	0	-4	
3772	18.8600	11	0	-4	
3773	18.8650	11	0	-4	
3774	18.8700	12	0	-4	
3775	18.8750	12	0	-4	
3776	18.8800	12	0	-4	
3777	18.8850	12	0	-4	
3778	18.8900	12	0	-5	
3779	18.8950	12	0	-5	
3780	18.9000	12	1	-5	
3781	18.9050	12	1	-5	
3782	18.9100	12	1	-5	
3783	18.9150	13	1	-6	
3784	18.9200	13	1	-6	
3785	18.9250	13	1	-6	
3786	18.9300	13	1	-6	
3787	18.9350	13	1	-6	
3788	18.9400	14	1	-6	
3789	18.9450	14	1	-6	
3790	18.9500	14	1	-6	
3791	18.9550	14	1	-6	
3792	18.9600	14	1	-6	
3793	18.9650	14	1	-7	
3794	18.9700	14	1	-7	
3795	18.9750	14	1	-7	
3796	18.9800	14	1	-7	
3797	18.9850	14	1	-7	
3798	18.9900	14	1	-7	
3799	18.9950	14	1	-7	
3800	19.0000	15	1	-7	
3801	19.0050	15	1	-7	
3802	19.0100	15	2	-8	
3803	19.0150	15	2	-8	
3804	19.0200	15	2	-8	
3805	19.0250	15	2	-8	
3806	19.0300	15	2	-8	
3807	19.0350	15	2	-8	
3808	19.0400	15	2	-8	
3809	19.0450	16	2	-8	
3810	19.0500	16	2	-8	
3811	19.0550	16	2	-8	
3812	19.0600	16	2	-8	
3813	19.0650	16	2	-8	
3814	19.0700	16	2	-8	
3815	19.0750	16	2	-8	
3816	19.0800	16	2	-8	
3817	19.0850	16	2	-8	
3818	19.0900	16	2	-8	
3819	19.0950	16	2	-8	
3820	19.1000	16	2	-8	
3821	19.1050	16	2	-8	
3822	19.1100	16	2	-8	
3823	19.1150	16	2	-8	
3824	19.1200	16	2	-8	
3825	19.1250	16	2	-8	
3826	19.1300	16	2	-8	
3827	19.1350	16	2	-8	
3828	19.1400	16	2	-8	
3829	19.1450	16	2	-8	
3830	19.1500	16	2	-8	
3831	19.1550	16	2	-8	
3832	19.1600	15	2	-8	
3833	19.1650	15	2	-8	
3834	19.1700	15	2	-8	
3835	19.1750	15	2	-7	
3836	19.1800	15	2	-7	
3837	19.1850	15	2	-7	
3838	19.1900	15	2	-7	
3839	19.1950	15	2	-7	
3840	19.2000	15	2	-7	
3841	19.2050	14	2	-7	
3842	19.2100	14	2	-7	
3843	19.2150	14	2	-7	
3844	19.2200	14	2	-6	
3845	19.2250	14	2	-6	
3846	19.2300	14	2	-6	
3847	19.2350	14	2	-6	
3848	19.2400	14	2	-6	
3849	19.2450	14	2	-6	
3850	19.2500	14	2	-6	
3851	19.2550	14	2	-6	
3852	19.2600	14	2	-6	
3853	19.2650	13	2	-5	
3854	19.2700	13	2	-5	
3855	19.2750	13	2	-5	
3856	19.2800	13	2	-5	
3857	19.2850	13	2	-5	
3858	19.2900	12	2	-5	
3859	19.2950	12	2	-4	
3860	19.3000	12	2	-4	
3861	19.3050	12	2	-4	
3862	19.3100	12	2	-4	
3863	19.3150	12	2	-4	
3864	19.3200	12	2	-4	
3865	19.3250	12	2	-4	
3866	19.3300	12	2	-4	
3867	19.3350	11	2	-3	
3868	19.3400	11	2	-3	
3869	19.3450	11	2	-3	
3870	19.3500	11	2	-3	
3871	19.3550	11	1	-3	
3872	19.3600	10	1	-2	
3873	19.3650	10	1	-2	
3874	19.3700	10	1	-2	
3875	19.3750	10	1	-2	
3876	19.3800	10	1	-2	
3877	19.3850	10	1	-2	
3878	19.3900	10	1	-2	
3879	19.3950	10	1	-2	
3880	19.4000	10	1	-2	
3881	19.4050	10	1	-1	
3882	19.4100	9	1	-1	
3883	19.4150	9	1	-1	
3884	19.4200	9	1	-1	
3885	19.4250	9	1	-1	
3886	19.4300	9	1	-1	
3887	19.4350	8	1	0	
3888	19.4400	8	1	0	
3889	19.4450	8	1	0	
3890	19.4500	8	1	0	
3891	19.4550	8	1	0	
3892	19.4600	8	1	0	
3893	19.4650	8	0	0	
3894	19.4700	8	0	0	
3895	19.4750	8	0	0	
3896	19.4800	8	0	0	
3897	19.4850	8	0	0	
3898	19.4900	8	0	0	
3899	19.4950	8	0	0	
3900	19.5000	8	0	1	
3901	19.5050	8	0	1	
3902	19.5100	7	0	1	
3903	19.5150	7	0	1	
3904	19.5200	7	0	1	
3905	19.5250	7	0	1	
3906	19.5300	7	0	1	
3907	19.5350	7	0	1	
3908	19.5400	7	0	1	
3909	19.5450	7	0	1	
3910	19.5500	7	0	1	
3911	19.5550	7	0	1	
3912	19.5600	7	0	1	
3913	19.5650	7	0	1	
3914	19.5700	7	0	1	
3915	19.5750	7	0	1	
3916	19.5800	7	0	1	
3917	19.5850	7	0	1	
3918	19.5900	7	0	1	
3919	19.5950	7	0	1	
3920	19.6000	7	0	1	
3921	19.6050	7	0	1	
3922	19.6100	7	0	1	
3923	19.6150	7	0	1	
3924	19.6200	7	0	1	
3925	19.6250	7	0	1	
3926	19.6300	7	0	1	
3927	19.6350	8	0	0	
3928	19.6400	8	0	0	
3929	19.6450	8	0	0	
3930	19.6500	8	0	0	
3931	19.6550	8	0	0	
3932	19.6600	8	0	0	
3933	19.6650	8	0	0	
3934	19.6700	8	0	0	
3935	19.6750	8	0	0	
3936	19.6800	8	0	0	
3937	19.6850	8	0	0	
3938	19.6900	8	0	0	
3939	19.6950	8	0	-1	
3940	19.7000	8	0	-1	
3941	19.7050	8	0	-1	
3942	19.7100	9	0	-1	
3943	19.7150	9	0	-1	
3944	19.7200	9	0	-1	
3945	19.7250	9	0	-2	
3946	19.7300	9	0	-2	
3947	19.7350	9	0	-2	
3948	19.7400	10	0	-2	
3949	19.7450	10	0	-2	
3950	19.7500	10	0	-2	
3951	19.7550	10	0	-2	
3952	19.7600	10	0	-2	
3953	19.7650	10	0	-2	
3954	19.7700	10	0	-3	
3955	19.7750	10	0	-3	
3956	19.7800	10	0	-3	
3957	19.7850	10	1	-3	
3958	19.7900	11	1	-3	
3959	19.7950	11	1	-4	
3960	19.8000	11	1	-4	
3961	19.8050	11	1	-4	
3962	19.8100	12	1	-4	
3963	19.8150	12	1	-4	
3964	19.8200	12	1	-4	
3965	19.8250	12	1	-4	
3966	19.8300	12	1	-4	
3967	19.8350	12	1	-5	
3968	19.8400	12	1	-5	
3969	19.8450	12	1	-5	
3970	19.8500	12	1	-5	
3971	19.8550	12	1	-5	
3972	19.8600	13	1	-5	
3973	19.8650	13	1	-6	
3974	19.8700	13	1	-6	
3975	19.8750	13	1	-6	
3976	19.8800	13	1	-6	
3977	19.8850	14	1	-6	
3978	19.8900	14	2	-6	
3979	19.8950	14	2	-6	
3980	19.9000	14	2	-6	
3981	19.9050	14	2	-6	
3982	19.9100	14	2	-7	
3983	19.9150	14	2	-7	
3984	19.9200	14	2	-7	
3985	19.9250	14	2	-7	
3986	19.9300	14	2	-7	
3987	19.9350	14	2	-7	
3988	19.9400	14	2	-7	
3989	19.9450	15	2	-7	
3990	19.9500	15	2	-8	
3991	19.9550	15	2	-8	
3992	19.9600	15	2	-8	
3993	19.9650	15	2	-8	
3994	19.9700	15	2	-8	
3995	19.9750	15	2	-8	
3996	19.9800	15	2	-8	
3997	19.9850	15	2	-8	
3998	19.9900	16	2	-8	
3999	19.9950	16	2	-8	
4000	20.0000	16	2	-8	
4001	20.0050	16	2	-8	
4002	20.0100	16	2	-8	
4003	20.0150	16	2	-8	
4004	20.0200	16	2	-8	
4005	20.0250	16	2	-8	
4006	20.0300	16	2	-8	
4007	20.0350	16	2	-8	
4008	20.0400	16	2	-8	
4009	20.0450	16	2	-8	
4010	20.0500	16	2	-8	
4011	20.0550	16	2	-8	
4012	20.0600	16	2	-8	
4013	20.0650	16	2	-8	
4014	20.0700	16	2	-8	
4015	20.0750	16	2	-8	
4016	20.0800	16	2	-8	
4017	20.0850	16	2	-8	
4018	20.0900	16	2	-8	
4019	20.0950	16	2	-8	
4020	20.1000	16	2	-8	
4021	20.1050	15	2	-8	
4022	20.1100	15	2	-8	
4023	20.1150	15	2	-8	
4024	20.1200	15	2	-7	
4025	20.1250	15	2	-7	
4026	20.1300	15	2	-7	
4027	20.1350	15	2	-7	
4028	20.1400	15	2	-7	
4029	20.1450	15	2	-7	
4030	20.1500	14	2	-7	
4031	20.1550	14	2	-7	
4032	20.1600	14	2	-6	
4033	20.1650	14	2	-6	
4034	20.1700	14	2	-6	
4035	20.1750	14	2	-6	
4036	20.1800	14	2	-6	
4037	20.1850	14	2	-6	
4038	20.1900	14	2	-6	
4039	20.1950	14	2	-6	
4040	20.2000	14	2	-6	
4041	20.2050	14	2	-5	
4042	20.2100	13	2	-5	
4043	20.2150	13	2	-5	
4044	20.2200	13	2	-5	
4045	20.2250	13	2	-5	
4046	20.2300	13	2	-5	
4047	20.2350	12	2	-4	
4048	20.2400	12	2	-4	
4049	20.2450	12	2	-4	
4050	20.2500	12	2	-4	
4051	20.2550	12	2	-4	
4052	20.2600	12	1	-4	
4053	20.2650	12	1	-4	
4054	20.2700	12	1	-4	
4055	20.2750	12	1	-3	
4056	20.2800	11	1	-3	
4057	20.2850	11	1	-3	
4058	20.2900	11	1	-3	
4059	20.2950	11	1	-3	
4060	20.3000	11	1	-2	
4061	20.3050	10	1	-2	
4062	20.3100	10	1	-2	
4063	20.3150	10	1	-2	
4064	20.3200	10	1	-2	
4065	20.3250	10	1	-2	
4066	20.3300	10	1	-2	
4067	20.3350	10	1	-2	
4068	20.3400	10	1	-2	
4069	20.3450	10	1	-1	
4070	20.3500	9	1	-1	
4071	20.3550	9	1	-1	
4072	20.3600	9	0	-1	
4073	20.3650	9	0	-1	
4074	20.3700	9	0	-1	
4075	20.3750	9	0	0	
4076	20.3800	8	0	0	
4077	20.3850	8	0	0	
4078	20.3900	8	0	0	
4079	20.3950	8	0	0	
4080	20.4000	8	0	0	
4081	20.4050	8	0	0	
4082	20.4100	8	0	0	
4083	20.4150	8	0	0	
4084	20.4200	8	0	0	
4085	20.4250	8	0	0	
4086	20.4300	8	0	0	
4087	20.4350	8	0	0	
4088	20.4400	8	0	0	
4089	20.4450	8	0	1	
4090	20.4500	8	0	1	
4091	20.4550	7	0	1	
4092	20.4600	7	0	1	
4093	20.4650	7	0	1	
4094	20.4700	7	0	1	
4095	20.4750	7	0	1	
4096	20.4800	7	0	1	
4097	20.4850	7	0	1	
4098	20.4900	7	0	1	
4099	20.4950	7	0	1	
4100	20.5000	7	0	1	
4101	20.5050	7	0	1	
4102	20.5100	7	0	1	
4103	20.5150	7	0	1	
4104	20.5200	7	0	1	
4105	20.5250	7	0	1	
4106	20.5300	7	0	1	
4107	20.5350	7	0	1	
4108	20.5400	7	0	1	
4109	20.5450	7	0	1	
4110	20.5500	7	0	1	
4111	20.5550	7	0	0	
4112	20.5600	7	0	0	
4113	20.5650	7	0	0	
4114	20.5700	7	0	0	
4115	20.5750	7	0	0	
4116	20.5800	8	0	0	
4117	20.5850	8	0	0	
4118	20.5900	8	0	0	
4119	20.5950	8	0	0	
4120	20.6000	8	0	0	
4121	20.6050	8	0	0	
4122	20.6100	8	0	0	
4123	20.6150	8	0	0	
4124	20.6200	8	0	0	
4125	20.6250	8	0	-1	
4126	20.6300	8	0	-1	
4127	20.6350	8	0	-1	
4128	20.6400	8	0	-1	
4129	20.6450	8	0	-1	
4130	20.6500	8	0	-1	
4131	20.6550	9	0	-2	
4132	20.6600	9	0	-2	
4133	20.6650	9	0	-2	
4134	20.6700	9	0	-2	
4135	20.6750	9	0	-2	
4136	20.6800	9	0	-2	
4137	20.6850	10	0	-2	
4138	20.6900	10	0	-2	
4139	20.6950	10	0	-2	
4140	20.7000	10	0	-3	
4141	20.7050	10	0	-3	
4142	20.7100	10	0	-3	
4143	20.7150	10	0	-3	
4144	20.7200	10	0	-3	
4145	20.7250	10	1	-4	
4146	20.7300	11	1	-4	
4147	20.7350	11	1	-4	
4148	20.7400	11	1	-4	
4149	20.7450	11	1	-4	
4150	20.7500	11	1	-4	
4151	20.7550	12	1	-4	
4152	20.7600	12	1	-4	
4153	20.7650	12	1	-5	
4154	20.7700	12	1	-5	
4155	20.7750	12	1	-5	
4156	20.7800	12	1	-5	
4157	20.7850	12	1	-5	
4158	20.7900	12	1	-5	
4159	20.7950	12	1	-6	
4160	20.8000	13	1	-6	
4161	20.8050	13	1	-6	
4162	20.8100	13	1	-6	
4163	20.8150	13	1	-6	
4164	20.8200	13	1	-6	
4165	20.8250	14	2	-6	
4166	20.8300	14	2	-6	
4167	20.8350	14	2	-6	
4168	20.8400	14	2	-7	
4169	20.8450	14	2	-7	
4170	20.8500	14	2	-7	
4171	20.8550	14	2	-7	
4172	20.8600	14	2	-7	
4173	20.8650	14	2	-7	
4174	20.8700	14	2	-7	
4175	20.8750	14	2	-7	
4176	20.8800	14	2	-7	
4177	20.8850	14	2	-8	
4178	20.8900	15	2	-8	
4179	20.8950	15	2	-8	
4180	20.9000	15	2	-8	
4181	20.9050	15	2	-8	
4182	20.9100	15	2	-8	
4183	20.9150	15	2	-8	
4184	20.9200	15	2	-8	
4185	20.9250	15	2	-8	
4186	20.9300	16	2	-8	
4187	20.9350	16	2	-8	
4188	20.9400	16	2	-8	
4189	20.9450	16	2	-8	
4190	20.9500	16	2	-8	
4191	20.9550	16	2	-8	
4192	20.9600	16	2	-8	
4193	20.9650	16	2	-8	
4194	20.9700	16	2	-8	
4195	20.9750	16	2	-8	
4196	20.9800	16	2	-8	
4197	20.9850	16	2	-8	
4198	20.9900	16	2	-8	
4199	20.9950	16	2	-8	
4200	21.0000	16	2	-8	
4201	21.0050	16	2	-8	
4202	21.0100	16	2	-8	
4203	21.0150	16	2	-8	
4204	21.0200	16	2	-8	
4205	21.0250	16	2	-8	
4206	21.0300	16	2	-8	
4207	21.0350	16	2	-8	
4208	21.0400	16	2	-8	
4209	21.0450	16	2	-8	
4210	21.0500	15	2	-7	
4211	21.0550	15	2	-7	
4212	21.0600	15	2	-7	
4213	21.0650	15	2	-7	
4214	21.0700	15	2	-7	
4215	21.0750	15	2	-7	
4216	21.0800	15	2	-7	
4217	21.0850	15	2	-7	
4218	21.0900	14	2	-7	
4219	21.0950	14	2	-6	
4220	21.1000	14	2	-6	
4221	21.1050	14	2	-6	
4222	21.1100	14	2	-6	
4223	21.1150	14	2	-6	
4224	21.1200	14	2	-6	
4225	21.1250	14	2	-6	
4226	21.1300	14	2	-6	
4227	21.1350	14	2	-6	
4228	21.1400	14	2	-5	
4229	21.1450	14	2	-5	
4230	21.1500	13	2	-5	
4231	21.1550	13	2	-5	
4232	21.1600	13	2	-5	
4233	21.1650	13	2	-5	
4234	21.1700	13	2	-4	
4235	21.1750	12	2	-4	
4236	21.1800	12	2	-4	
4237	21.1850	12	2	-4	
4238	21.1900	12	2	-4	
4239	21.1950	12	1	-4	
4240	21.2000	12	1	-4	
4241	21.2050	12	1	-4	
4242	21.2100	12	1	-3	
4243	21.2150	12	1	-3	
4244	21.2200	12	1	-3	
4245	21.2250	11	1	-3	
4246	21.2300	11	1	-3	
4247	21.2350	11	1	-2	
4248	21.2400	11	1	-2	
4249	21.2450	10	1	-2	
4250	21.2500	10	1	-2	
4251	21.2550	10	1	-2	
4252	21.2600	10	1	-2	
4253	21.2650	10	1	-2	
4254	21.2700	10	1	-2	
4255	21.2750	10	1	-2	
4256	21.2800	10	1	-1	
4257	21.2850	10	1	-1	
4258	21.2900	10	1	-1	
4259	21.2950	9	1	-1	
4260	21.3000	9	1	-1	
4261	21.3050	9	0	-1	
4262	21.3100	9	0	0	
4263	21.3150	9	0	0	
4264	21.3200	9	0	0	
4265	21.3250	8	0	0	
4266	21.3300	8	0	0	
4267	21.3350	8	0	0	
4268	21.3400	8	0	0	
4269	21.3450	8	0	0	
4270	21.3500	8	0	0	
4271	21.3550	8	0	0	
4272	21.3600	8	0	0	
4273	21.3650	8	0	0	
4274	21.3700	8	0	0	
4275	21.3750	8	0	0	
4276	21.3800	8	0	0	
4277	21.3850	8	0	1	
4278	21.3900	8	0	1	
4279	21.3950	8	0	1	
4280	21.4000	7	0	1	
4281	21.4050	7	0	1	
4282	21.4100	7	0	1	
4283	21.4150	7	0	1	
4284	21.4200	7	0	1	
4285	21.4250	7	0	1	
4286	21.4300	7	0	1	
4287	21.4350	7	0	1	
4288	21.4400	7	0	1	
4289	21.4450	7	0	1	
4290	21.4500	7	0	1	
4291	21.4550	7	0	1	
4292	21.4600	7	0	1	
4293	21.4650	7	0	1	
4294	21.4700	7	0	1	
4295	21.4750	7	0	1	
4296	21.4800	7	0	1	
4297	21.4850	7	0	1	
4298	21.4900	7	0	0	
4299	21.4950	7	0	0	
4300	21.5000	7	0	0	
4301	21.5050	7	0	0	
4302	21.5100	7	0	0	
4303	21.5150	7	0	0	
4304	21.5200	8	0	0	
4305	21.5250	8	0	0	
4306	21.5300	8	0	0	
4307	21.5350	8	0	0	
4308	21.5400	8	0	0	
4309	21.5450	8	0	0	
4310	21.5500	8	0	0	
4311	21.5550	8	0	0	
4312	21.5600	8	0	-1	
4313	21.5650	8	0	-1	
4314	21.5700	8	0	-1	
4315	21.5750	8	0	-1	
4316	21.5800	8	0	-1	
4317	21.5850	8	0	-1	
4318	21.5900	8	0	-1	
4319	21.5950	8	0	-2	
4320	21.6000	9	0	-2	
4321	21.6050	9	0	-2	
4322	21.6100	9	0	-2	
4323	21.6150	9	0	-2	
4324	21.6200	9	0	-2	
4325	21.6250	10	0	-2	
4326	21.6300	10	0	-2	
4327	21.6350	10	0	-2	
4328	21.6400	10	0	-3	
4329	21.6450	10	0	-3	
4330	21.6500	10	1	-3	
4331	21.6550	10	1	-3	
4332	21.6600	10	1	-3	
4333	21.6650	10	1	-4	
4334	21.6700	10	1	-4	
4335	21.6750	11	1	-4	
4336	21.6800	11	1	-4	
4337	21.6850	11	1	-4	
4338	21.6900	11	1	-4	
4339	21.6950	11	1	-4	
4340	21.7000	12	1	-4	
4341	21.7050	12	1	-5	
4342	21.7100	12	1	-5	
4343	21.7150	12	1	-5	
4344	21.7200	12	1	-5	
4345	21.7250	12	1	-5	
4346	21.7300	12	1	-5	
4347	21.7350	12	1	-6	
4348	21.7400	12	1	-6	
4349	21.7450	13	1	-6	
4350	21.7500	13	1	-6	
4351	21.7550	13	1	-6	
4352	21.7600	13	1	-6	
4353	21.7650	13	1	-6	
4354	21.7700	14	1	-6	
4355	21.7750	14	1	-6	
4356	21.7800	14	2	-6	
4357	21.7850	14	2	-7	
4358	21.7900	14	2	-7	
4359	21.7950	14	2	-7	
4360	21.8000	14	2	-7	
