#	time(s)	count A	count B	count C	count D
1	0.0050	16	8	-12	
2	0.0100	16	8	-11	
3	0.0150	16	8	-11	
4	0.0200	16	8	-11	
5	0.0250	16	8	-10	
6	0.0300	16	8	-10	
7	0.0350	16	7	-10	
8	0.0400	16	7	-9	
9	0.0450	16	7	-9	
10	0.0500	15	7	-8	
11	0.0550	15	7	-8	
12	0.0600	15	6	-8	
13	0.0650	15	6	-8	
14	0.0700	15	6	-7	
15	0.0750	15	6	-7	
16	0.0800	15	6	-6	
17	0.0850	15	6	-6	
18	0.0900	15	5	-6	
19	0.0950	14	5	-5	
20	0.1000	14	5	-5	
21	0.1050	14	5	-4	
22	0.1100	14	4	-4	
23	0.1150	14	4	-3	
24	0.1200	14	4	-3	
25	0.1250	14	4	-2	
26	0.1300	14	4	-2	
27	0.1350	14	3	-2	
28	0.1400	14	3	-1	
29	0.1450	14	3	-1	
30	0.1500	13	2	0	
31	0.1550	13	2	0	
32	0.1600	13	2	0	
33	0.1650	13	2	1	
34	0.1700	13	1	1	
35	0.1750	12	1	2	
36	0.1800	12	1	2	
37	0.1850	12	0	2	
38	0.1900	12	0	2	
39	0.1950	12	0	3	
40	0.2000	12	0	3	
41	0.2050	12	0	4	
42	0.2100	12	-1	4	
43	0.2150	12	-1	4	
44	0.2200	11	-1	4	
45	0.2250	11	-2	5	
46	0.2300	11	-2	5	
47	0.2350	11	-2	5	
48	0.2400	10	-2	6	
49	0.2450	10	-2	6	
50	0.2500	10	-2	6	
51	0.2550	10	-3	6	
52	0.2600	10	-3	6	
53	0.2650	10	-3	6	
54	0.2700	10	-3	7	
55	0.2750	10	-4	7	
56	0.2800	10	-4	7	
57	0.2850	9	-4	7	
58	0.2900	9	-4	7	
59	0.2950	9	-4	8	
60	0.3000	9	-4	8	
61	0.3050	9	-5	8	
62	0.3100	8	-5	8	
63	0.3150	8	-5	8	
64	0.3200	8	-5	8	
65	0.3250	8	-5	8	
66	0.3300	8	-5	8	
67	0.3350	8	-5	8	
68	0.3400	8	-6	8	
69	0.3450	8	-6	8	
70	0.3500	8	-6	8	
71	0.3550	8	-6	8	
72	0.3600	8	-6	7	
73	0.3650	8	-6	7	
74	0.3700	8	-6	7	
75	0.3750	8	-6	7	
76	0.3800	7	-6	7	
77	0.3850	7	-6	7	
78	0.3900	7	-6	6	
79	0.3950	7	-6	6	
80	0.4000	7	-6	6	
81	0.4050	7	-6	6	
82	0.4100	7	-6	6	
83	0.4150	7	-6	5	
84	0.4200	7	-6	5	
85	0.4250	7	-6	5	
86	0.4300	7	-6	4	
87	0.4350	7	-6	4	
88	0.4400	7	-5	4	
89	0.4450	7	-5	4	
90	0.4500	7	-5	3	
91	0.4550	7	-5	3	
92	0.4600	7	-5	2	
93	0.4650	7	-5	2	
94	0.4700	7	-5	2	
95	0.4750	7	-4	2	
96	0.4800	7	-4	1	
97	0.4850	7	-4	1	
98	0.4900	7	-4	0	
99	0.4950	7	-4	0	
100	0.5000	7	-4	0	
101	0.5050	8	-4	-1	
102	0.5100	8	-3	-1	
103	0.5150	8	-3	-2	
104	0.5200	8	-3	-2	
105	0.5250	8	-3	-2	
106	0.5300	8	-2	-3	
107	0.5350	8	-2	-3	
108	0.5400	8	-2	-4	
109	0.5450	8	-2	-4	
110	0.5500	8	-2	-4	
111	0.5550	8	-2	-5	
112	0.5600	8	-1	-5	
113	0.5650	8	-1	-6	
114	0.5700	9	-1	-6	
115	0.5750	9	0	-6	
116	0.5800	9	0	-7	
117	0.5850	9	0	-7	
118	0.5900	9	0	-8	
119	0.5950	9	0	-8	
120	0.6000	10	1	-8	
121	0.6050	10	1	-9	
122	0.6100	10	1	-9	
123	0.6150	10	1	-10	
124	0.6200	10	2	-10	
125	0.6250	10	2	-10	
126	0.6300	10	2	-10	
127	0.6350	10	2	-11	
128	0.6400	11	2	-11	
129	0.6450	11	3	-11	
130	0.6500	11	3	-12	
131	0.6550	11	3	-12	
132	0.6600	11	3	-12	
133	0.6650	12	4	-12	
134	0.6700	12	4	-13	
135	0.6750	12	4	-13	
136	0.6800	12	4	-13	
137	0.6850	12	4	-13	
138	0.6900	12	4	-14	
139	0.6950	12	5	-14	
140	0.7000	12	5	-14	
141	0.7050	12	5	-14	
142	0.7100	13	5	-14	
143	0.7150	13	5	-14	
144	0.7200	13	6	-14	
145	0.7250	13	6	-14	
146	0.7300	14	6	-14	
147	0.7350	14	6	-14	
148	0.7400	14	6	-14	
149	0.7450	14	6	-14	
150	0.7500	14	6	-14	
151	0.7550	14	6	-14	
152	0.7600	14	6	-14	
153	0.7650	14	6	-14	
154	0.7700	14	6	-14	
155	0.7750	14	6	-14	
156	0.7800	14	7	-14	
157	0.7850	14	7	-14	
158	0.7900	15	7	-14	
159	0.7950	15	7	-14	
160	0.8000	15	7	-14	
161	0.8050	15	7	-13	
162	0.8100	15	7	-13	
163	0.8150	15	7	-13	
164	0.8200	15	7	-13	
165	0.8250	15	7	-12	
166	0.8300	16	7	-12	
167	0.8350	16	7	-12	
168	0.8400	16	7	-12	
169	0.8450	16	7	-12	
170	0.8500	16	7	-11	
171	0.8550	16	6	-11	
172	0.8600	16	6	-11	
173	0.8650	16	6	-10	
174	0.8700	16	6	-10	
175	0.8750	16	6	-10	
176	0.8800	16	6	-9	
177	0.8850	16	6	-9	
178	0.8900	16	6	-9	
179	0.8950	16	6	-8	
180	0.9000	16	6	-8	
181	0.9050	16	6	-8	
182	0.9100	16	5	-7	
183	0.9150	16	5	-7	
184	0.9200	16	5	-6	
185	0.9250	16	5	-6	
186	0.9300	15	5	-6	
187	0.9350	15	5	-5	
188	0.9400	15	4	-5	
189	0.9450	15	4	-4	
190	0.9500	15	4	-4	
191	0.9550	15	4	-4	
192	0.9600	15	4	-3	
193	0.9650	15	4	-3	
194	0.9700	15	3	-2	
195	0.9750	14	3	-2	
196	0.9800	14	3	-2	
197	0.9850	14	3	-1	
198	0.9900	14	3	-1	
199	0.9950	14	2	0	
200	1.0000	14	2	0	
201	1.0050	14	2	0	
202	1.0100	14	2	1	
203	1.0150	14	2	1	
204	1.0200	14	1	2	
205	1.0250	14	1	2	
206	1.0300	13	1	2	
207	1.0350	13	1	2	
208	1.0400	13	1	3	
209	1.0450	13	0	3	
210	1.0500	13	0	4	
211	1.0550	12	0	4	
212	1.0600	12	0	4	
213	1.0650	12	0	4	
214	1.0700	12	0	5	
215	1.0750	12	-1	5	
216	1.0800	12	-1	5	
217	1.0850	12	-1	6	
218	1.0900	12	-1	6	
219	1.0950	11	-1	6	
220	1.1000	11	-2	6	
221	1.1050	11	-2	6	
222	1.1100	11	-2	6	
223	1.1150	11	-2	6	
224	1.1200	10	-2	7	
225	1.1250	10	-2	7	
226	1.1300	10	-2	7	
227	1.1350	10	-3	7	
228	1.1400	10	-3	7	
229	1.1450	10	-3	7	
230	1.1500	10	-3	7	
231	1.1550	10	-3	7	
232	1.1600	10	-3	7	
233	1.1650	9	-3	8	
234	1.1700	9	-3	8	
235	1.1750	9	-4	8	
236	1.1800	9	-4	7	
237	1.1850	9	-4	7	
238	1.1900	8	-4	7	
239	1.1950	8	-4	7	
240	1.2000	8	-4	7	
241	1.2050	8	-4	7	
242	1.2100	8	-4	7	
243	1.2150	8	-4	7	
244	1.2200	8	-4	6	
245	1.2250	8	-4	6	
246	1.2300	8	-4	6	
247	1.2350	8	-4	6	
248	1.2400	8	-4	6	
249	1.2450	8	-4	6	
250	1.2500	8	-4	5	
251	1.2550	7	-4	5	
252	1.2600	7	-4	5	
253	1.2650	7	-4	4	
254	1.2700	7	-4	4	
255	1.2750	7	-4	4	
256	1.2800	7	-4	4	
257	1.2850	7	-4	3	
258	1.2900	7	-4	3	
259	1.2950	7	-3	3	
260	1.3000	7	-3	2	
261	1.3050	7	-3	2	
262	1.3100	7	-3	2	
263	1.3150	7	-3	1	
264	1.3200	7	-3	1	
265	1.3250	7	-3	0	
266	1.3300	7	-3	0	
267	1.3350	7	-2	0	
268	1.3400	7	-2	-1	
269	1.3450	7	-2	-1	
270	1.3500	7	-2	-2	
271	1.3550	7	-2	-2	
272	1.3600	7	-2	-2	
273	1.3650	7	-2	-3	
274	1.3700	7	-2	-3	
275	1.3750	7	-1	-4	
276	1.3800	7	-1	-4	
277	1.3850	8	-1	-4	
278	1.3900	8	-1	-5	
279	1.3950	8	-1	-5	
280	1.4000	8	0	-6	
281	1.4050	8	0	-6	
282	1.4100	8	0	-6	
283	1.4150	8	0	-7	
284	1.4200	8	0	-7	
285	1.4250	8	0	-8	
286	1.4300	8	0	-8	
287	1.4350	8	1	-8	
288	1.4400	8	1	-8	
289	1.4450	8	1	-9	
290	1.4500	9	1	-9	
291	1.4550	9	1	-10	
292	1.4600	9	2	-10	
293	1.4650	9	2	-10	
294	1.4700	9	2	-10	
295	1.4750	9	2	-11	
296	1.4800	10	2	-11	
297	1.4850	10	2	-12	
298	1.4900	10	2	-12	
299	1.4950	10	3	-12	
300	1.5000	10	3	-12	
301	1.5050	10	3	-12	
302	1.5100	10	3	-13	
303	1.5150	10	3	-13	
304	1.5200	11	4	-13	
305	1.5250	11	4	-13	
306	1.5300	11	4	-14	
307	1.5350	11	4	-14	
308	1.5400	11	4	-14	
309	1.5450	12	4	-14	
310	1.5500	12	4	-14	
311	1.5550	12	4	-14	
312	1.5600	12	4	-14	
313	1.5650	12	5	-14	
314	1.5700	12	5	-14	
315	1.5750	12	5	-14	
316	1.5800	12	5	-14	
317	1.5850	12	5	-14	
318	1.5900	13	5	-14	
319	1.5950	13	5	-14	
320	1.6000	13	5	-14	
321	1.6050	13	5	-14	
322	1.6100	14	5	-14	
323	1.6150	14	6	-14	
324	1.6200	14	6	-14	
325	1.6250	14	6	-14	
326	1.6300	14	6	-14	
327	1.6350	14	6	-14	
328	1.6400	14	6	-14	
329	1.6450	14	6	-14	
330	1.6500	14	6	-13	
331	1.6550	14	6	-13	
332	1.6600	14	6	-13	
333	1.6650	14	6	-13	
334	1.6700	15	6	-12	
335	1.6750	15	6	-12	
336	1.6800	15	6	-12	
337	1.6850	15	6	-12	
338	1.6900	15	6	-11	
339	1.6950	15	6	-11	
340	1.7000	15	5	-11	
341	1.7050	15	5	-10	
342	1.7100	15	5	-10	
343	1.7150	16	5	-10	
344	1.7200	16	5	-9	
345	1.7250	16	5	-9	
346	1.7300	16	5	-9	
347	1.7350	16	5	-8	
348	1.7400	16	5	-8	
349	1.7450	16	5	-8	
350	1.7500	16	5	-7	
351	1.7550	16	4	-7	
352	1.7600	16	4	-6	
353	1.7650	16	4	-6	
354	1.7700	16	4	-6	
355	1.7750	16	4	-5	
356	1.7800	16	4	-5	
357	1.7850	16	4	-4	
358	1.7900	16	4	-4	
359	1.7950	16	4	-4	
360	1.8000	16	3	-3	
361	1.8050	15	3	-3	
362	1.8100	15	3	-2	
363	1.8150	15	3	-2	
364	1.8200	15	3	-2	
365	1.8250	15	3	-1	
366	1.8300	15	2	-1	
367	1.8350	15	2	0	
368	1.8400	15	2	0	
369	1.8450	15	2	0	
370	1.8500	14	2	1	
371	1.8550	14	2	1	
372	1.8600	14	2	2	
373	1.8650	14	1	2	
374	1.8700	14	1	2	
375	1.8750	14	1	3	
376	1.8800	14	1	3	
377	1.8850	14	1	3	
378	1.8900	14	1	4	
379	1.8950	14	0	4	
380	1.9000	14	0	4	
381	1.9050	13	0	4	
382	1.9100	13	0	5	
383	1.9150	13	0	5	
384	1.9200	13	0	6	
385	1.9250	13	0	6	
386	1.9300	12	0	6	
387	1.9350	12	-1	6	
388	1.9400	12	-1	6	
389	1.9450	12	-1	6	
390	1.9500	12	-1	7	
391	1.9550	12	-1	7	
392	1.9600	12	-1	7	
393	1.9650	12	-2	7	
394	1.9700	12	-2	7	
395	1.9750	11	-2	7	
396	1.9800	11	-2	8	
397	1.9850	11	-2	8	
398	1.9900	11	-2	8	
399	1.9950	10	-2	8	
400	2.0000	10	-2	8	
401	2.0050	10	-2	8	
402	2.0100	10	-2	8	
403	2.0150	10	-2	8	
404	2.0200	10	-2	8	
405	2.0250	10	-2	8	
406	2.0300	10	-2	8	
407	2.0350	10	-3	8	
408	2.0400	9	-3	7	
409	2.0450	9	-3	7	
410	2.0500	9	-3	7	
411	2.0550	9	-3	7	
412	2.0600	9	-3	7	
413	2.0650	8	-3	7	
414	2.0700	8	-3	6	
415	2.0750	8	-3	6	
416	2.0800	8	-3	6	
417	2.0850	8	-3	6	
418	2.0900	8	-3	6	
419	2.0950	8	-3	5	
420	2.1000	8	-3	5	
421	2.1050	8	-3	5	
422	2.1100	8	-3	4	
423	2.1150	8	-3	4	
424	2.1200	8	-3	4	
425	2.1250	8	-3	4	
426	2.1300	7	-3	3	
427	2.1350	7	-3	3	
428	2.1400	7	-3	3	
429	2.1450	7	-2	2	
430	2.1500	7	-2	2	
431	2.1550	7	-2	2	
432	2.1600	7	-2	1	
433	2.1650	7	-2	1	
434	2.1700	7	-2	0	
435	2.1750	7	-2	0	
436	2.1800	7	-2	0	
437	2.1850	7	-2	-1	
438	2.1900	7	-2	-1	
439	2.1950	7	-2	-2	
440	2.2000	7	-2	-2	
441	2.2050	7	-2	-2	
442	2.2100	7	-2	-3	
443	2.2150	7	-1	-3	
444	2.2200	7	-1	-4	
445	2.2250	7	-1	-4	
446	2.2300	7	-1	-4	
447	2.2350	7	-1	-5	
448	2.2400	7	-1	-5	
449	2.2450	7	-1	-6	
450	2.2500	7	0	-6	
451	2.2550	7	0	-6	
452	2.2600	7	0	-7	
453	2.2650	8	0	-7	
454	2.2700	8	0	-8	
455	2.2750	8	0	-8	
456	2.2800	8	0	-8	
457	2.2850	8	0	-9	
458	2.2900	8	0	-9	
459	2.2950	8	1	-9	
460	2.3000	8	1	-10	
461	2.3050	8	1	-10	
462	2.3100	8	1	-10	
463	2.3150	8	1	-11	
464	2.3200	8	1	-11	
465	2.3250	8	2	-11	
466	2.3300	9	2	-12	
467	2.3350	9	2	-12	
468	2.3400	9	2	-12	
469	2.3450	9	2	-12	
470	2.3500	9	2	-12	
471	2.3550	10	2	-13	
472	2.3600	10	2	-13	
473	2.3650	10	2	-13	
474	2.3700	10	2	-13	
475	2.3750	10	3	-14	
476	2.3800	10	3	-14	
477	2.3850	10	3	-14	
478	2.3900	10	3	-14	
479	2.3950	10	3	-14	
480	2.4000	11	3	-14	
481	2.4050	11	3	-14	
482	2.4100	11	3	-14	
483	2.4150	11	4	-14	
484	2.4200	12	4	-14	
485	2.4250	12	4	-14	
486	2.4300	12	4	-14	
487	2.4350	12	4	-14	
488	2.4400	12	4	-14	
489	2.4450	12	4	-14	
490	2.4500	12	4	-14	
491	2.4550	12	4	-14	
492	2.4600	12	4	-14	
493	2.4650	13	4	-14	
494	2.4700	13	4	-14	
495	2.4750	13	4	-14	
496	2.4800	13	4	-14	
497	2.4850	13	4	-14	
498	2.4900	14	4	-13	
499	2.4950	14	4	-13	
500	2.5000	14	4	-13	
501	2.5050	14	4	-13	
502	2.5100	14	4	-12	
503	2.5150	14	4	-12	
504	2.5200	14	4	-12	
505	2.5250	14	4	-12	
506	2.5300	14	4	-12	
507	2.5350	14	4	-11	
508	2.5400	14	4	-11	
509	2.5450	15	4	-10	
510	2.5500	15	4	-10	
511	2.5550	15	4	-10	
512	2.5600	15	4	-10	
513	2.5650	15	4	-9	
514	2.5700	15	4	-9	
515	2.5750	15	4	-8	
516	2.5800	15	4	-8	
517	2.5850	15	4	-8	
518	2.5900	16	4	-8	
519	2.5950	16	4	-7	
520	2.6000	16	4	-7	
521	2.6050	16	4	-6	
522	2.6100	16	4	-6	
523	2.6150	16	4	-6	
524	2.6200	16	4	-5	
525	2.6250	16	4	-5	
526	2.6300	16	4	-4	
527	2.6350	16	4	-4	
528	2.6400	16	4	-4	
529	2.6450	16	4	-3	
530	2.6500	16	4	-3	
531	2.6550	16	3	-2	
532	2.6600	16	3	-2	
533	2.6650	16	3	-2	
534	2.6700	16	3	-1	
535	2.6750	16	3	-1	
536	2.6800	16	3	0	
537	2.6850	15	3	0	
538	2.6900	15	3	0	
539	2.6950	15	3	1	
540	2.7000	15	2	1	
541	2.7050	15	2	2	
542	2.7100	15	2	2	
543	2.7150	15	2	2	
544	2.7200	15	2	3	
545	2.7250	15	2	3	
546	2.7300	14	2	3	
547	2.7350	14	2	4	
548	2.7400	14	2	4	
549	2.7450	14	2	4	
550	2.7500	14	2	4	
551	2.7550	14	2	5	
552	2.7600	14	1	5	
553	2.7650	14	1	5	
554	2.7700	14	1	6	
555	2.7750	14	1	6	
556	2.7800	14	1	6	
557	2.7850	13	1	6	
558	2.7900	13	1	6	
559	2.7950	13	1	6	
560	2.8000	13	1	6	
561	2.8050	13	0	7	
562	2.8100	12	0	7	
563	2.8150	12	0	7	
564	2.8200	12	0	7	
565	2.8250	12	0	7	
566	2.8300	12	0	7	
567	2.8350	12	0	7	
568	2.8400	12	0	7	
569	2.8450	12	0	7	
570	2.8500	11	0	7	
571	2.8550	11	0	7	
572	2.8600	11	0	7	
573	2.8650	11	0	7	
574	2.8700	11	0	7	
575	2.8750	10	0	7	
576	2.8800	10	0	7	
577	2.8850	10	0	7	
578	2.8900	10	-1	7	
579	2.8950	10	-1	7	
580	2.9000	10	-1	6	
581	2.9050	10	-1	6	
582	2.9100	10	-1	6	
583	2.9150	10	-1	6	
584	2.9200	9	-1	6	
585	2.9250	9	-1	6	
586	2.9300	9	-1	6	
587	2.9350	9	-1	5	
588	2.9400	9	-1	5	
589	2.9450	8	-1	5	
590	2.9500	8	-1	4	
591	2.9550	8	-1	4	
592	2.9600	8	-1	4	
593	2.9650	8	-1	4	
594	2.9700	8	-1	3	
595	2.9750	8	-1	3	
596	2.9800	8	-1	2	
597	2.9850	8	-1	2	
598	2.9900	8	-1	2	
599	2.9950	8	-1	2	
600	3.0000	8	-1	1	
601	3.0050	8	-1	1	
602	3.0100	7	-1	0	
603	3.0150	7	-1	0	
604	3.0200	7	-1	0	
605	3.0250	7	-1	-1	
606	3.0300	7	-1	-1	
607	3.0350	7	-1	-2	
608	3.0400	7	-1	-2	
609	3.0450	7	-1	-2	
610	3.0500	7	-1	-3	
611	3.0550	7	-1	-3	
612	3.0600	7	-1	-4	
613	3.0650	7	0	-4	
614	3.0700	7	0	-4	
615	3.0750	7	0	-5	
616	3.0800	7	0	-5	
617	3.0850	7	0	-6	
618	3.0900	7	0	-6	
619	3.0950	7	0	-6	
620	3.1000	7	0	-7	
621	3.1050	7	0	-7	
622	3.1100	7	0	-8	
623	3.1150	7	0	-8	
624	3.1200	7	0	-8	
625	3.1250	7	0	-9	
626	3.1300	7	0	-9	
627	3.1350	7	0	-9	
628	3.1400	8	0	-10	
629	3.1450	8	0	-10	
630	3.1500	8	0	-10	
631	3.1550	8	0	-11	
632	3.1600	8	0	-11	
633	3.1650	8	0	-11	
634	3.1700	8	1	-12	
635	3.1750	8	1	-12	
636	3.1800	8	1	-12	
637	3.1850	8	1	-12	
638	3.1900	8	1	-12	
639	3.1950	8	1	-13	
640	3.2000	8	1	-13	
641	3.2050	9	1	-13	
642	3.2100	9	1	-13	
643	3.2150	9	1	-14	
644	3.2200	9	1	-14	
645	3.2250	9	1	-14	
646	3.2300	10	1	-14	
647	3.2350	10	2	-14	
648	3.2400	10	2	-14	
649	3.2450	10	2	-14	
650	3.2500	10	2	-14	
651	3.2550	10	2	-14	
652	3.2600	10	2	-14	
653	3.2650	10	2	-14	
654	3.2700	10	2	-14	
655	3.2750	11	2	-14	
656	3.2800	11	2	-14	
657	3.2850	11	2	-14	
658	3.2900	11	2	-14	
659	3.2950	11	2	-14	
660	3.3000	12	2	-14	
661	3.3050	12	2	-14	
662	3.3100	12	2	-14	
663	3.3150	12	2	-14	
664	3.3200	12	2	-14	
665	3.3250	12	2	-13	
666	3.3300	12	2	-13	
667	3.3350	12	2	-13	
668	3.3400	12	2	-13	
669	3.3450	13	2	-12	
670	3.3500	13	2	-12	
671	3.3550	13	2	-12	
672	3.3600	13	2	-12	
673	3.3650	14	2	-12	
674	3.3700	14	2	-11	
675	3.3750	14	2	-11	
676	3.3800	14	2	-11	
677	3.3850	14	2	-10	
678	3.3900	14	2	-10	
679	3.3950	14	2	-10	
680	3.4000	14	2	-10	
681	3.4050	14	2	-9	
682	3.4100	14	2	-9	
683	3.4150	14	2	-8	
684	3.4200	14	2	-8	
685	3.4250	15	2	-8	
686	3.4300	15	2	-7	
687	3.4350	15	2	-7	
688	3.4400	15	2	-6	
689	3.4450	15	2	-6	
690	3.4500	15	2	-6	
691	3.4550	15	2	-5	
692	3.4600	15	2	-5	
693	3.4650	16	2	-4	
694	3.4700	16	2	-4	
695	3.4750	16	2	-4	
696	3.4800	16	2	-3	
697	3.4850	16	2	-3	
698	3.4900	16	2	-2	
699	3.4950	16	2	-2	
700	3.5000	16	2	-2	
701	3.5050	16	2	-1	
702	3.5100	16	2	-1	
703	3.5150	16	2	0	
704	3.5200	16	2	0	
705	3.5250	16	2	0	
706	3.5300	16	2	1	
707	3.5350	16	2	1	
708	3.5400	16	2	2	
709	3.5450	16	2	2	
710	3.5500	16	2	2	
711	3.5550	16	2	2	
712	3.5600	15	2	3	
713	3.5650	15	2	3	
714	3.5700	15	2	4	
715	3.5750	15	2	4	
716	3.5800	15	2	4	
717	3.5850	15	2	4	
718	3.5900	15	2	5	
719	3.5950	15	2	5	
720	3.6000	15	2	5	
721	3.6050	14	1	6	
722	3.6100	14	1	6	
723	3.6150	14	1	6	
724	3.6200	14	1	6	
725	3.6250	14	1	6	
726	3.6300	14	1	6	
727	3.6350	14	1	7	
728	3.6400	14	1	7	
729	3.6450	14	1	7	
730	3.6500	14	1	7	
731	3.6550	14	1	7	
732	3.6600	14	1	7	
733	3.6650	13	1	8	
734	3.6700	13	1	8	
735	3.6750	13	1	8	
736	3.6800	13	1	8	
737	3.6850	12	1	8	
738	3.6900	12	1	8	
739	3.6950	12	1	8	
740	3.7000	12	1	8	
741	3.7050	12	1	8	
742	3.7100	12	0	8	
743	3.7150	12	0	7	
744	3.7200	12	0	7	
745	3.7250	12	0	7	
746	3.7300	11	0	7	
747	3.7350	11	0	7	
748	3.7400	11	0	7	
749	3.7450	11	0	6	
750	3.7500	10	0	6	
751	3.7550	10	0	6	
752	3.7600	10	0	6	
753	3.7650	10	0	6	
754	3.7700	10	0	6	
755	3.7750	10	0	5	
756	3.7800	10	0	5	
757	3.7850	10	0	5	
758	3.7900	10	0	4	
759	3.7950	10	0	4	
760	3.8000	9	0	4	
761	3.8050	9	0	4	
762	3.8100	9	0	3	
763	3.8150	9	0	3	
764	3.8200	9	0	3	
765	3.8250	8	0	2	
766	3.8300	8	0	2	
767	3.8350	8	0	2	
768	3.8400	8	0	1	
769	3.8450	8	0	1	
770	3.8500	8	0	0	
771	3.8550	8	0	0	
772	3.8600	8	0	0	
773	3.8650	8	0	-1	
774	3.8700	8	0	-1	
775	3.8750	8	0	-2	
776	3.8800	8	0	-2	
777	3.8850	8	0	-2	
778	3.8900	8	0	-3	
779	3.8950	7	0	-3	
780	3.9000	7	0	-4	
781	3.9050	7	0	-4	
782	3.9100	7	0	-4	
783	3.9150	7	0	-5	
784	3.9200	7	0	-5	
785	3.9250	7	0	-6	
786	3.9300	7	0	-6	
787	3.9350	7	0	-6	
788	3.9400	7	0	-7	
789	3.9450	7	0	-7	
790	3.9500	7	0	-8	
791	3.9550	7	0	-8	
792	3.9600	7	0	-8	
793	3.9650	7	0	-9	
794	3.9700	7	0	-9	
795	3.9750	7	0	-10	
796	3.9800	7	0	-10	
797	3.9850	7	0	-10	
798	3.9900	7	0	-10	
799	3.9950	7	0	-11	
800	4.0000	7	0	-11	
801	4.0050	7	0	-11	
802	4.0100	7	0	-12	
803	4.0150	8	0	-12	
804	4.0200	8	0	-12	
805	4.0250	8	0	-12	
806	4.0300	8	0	-13	
807	4.0350	8	0	-13	
808	4.0400	8	0	-13	
809	4.0450	8	0	-13	
810	4.0500	8	0	-14	
811	4.0550	8	1	-14	
812	4.0600	8	1	-14	
813	4.0650	8	1	-14	
814	4.0700	8	1	-14	
815	4.0750	8	1	-14	
816	4.0800	8	1	-14	
817	4.0850	9	1	-14	
818	4.0900	9	1	-14	
819	4.0950	9	1	-14	
820	4.1000	9	1	-14	
821	4.1050	9	1	-14	
822	4.1100	10	1	-14	
823	4.1150	10	1	-14	
824	4.1200	10	1	-14	
825	4.1250	10	1	-14	
826	4.1300	10	1	-14	
827	4.1350	10	1	-14	
828	4.1400	10	1	-14	
829	4.1450	10	1	-14	
830	4.1500	10	1	-14	
831	4.1550	11	1	-14	
832	4.1600	11	1	-14	
833	4.1650	11	1	-14	
834	4.1700	11	1	-14	
835	4.1750	12	2	-13	
836	4.1800	12	2	-13	
837	4.1850	12	2	-13	
838	4.1900	12	2	-12	
839	4.1950	12	2	-12	
840	4.2000	12	2	-12	
841	4.2050	12	2	-12	
842	4.2100	12	2	-12	
843	4.2150	12	2	-11	
844	4.2200	13	2	-11	
845	4.2250	13	2	-11	
846	4.2300	13	2	-10	
847	4.2350	13	2	-10	
848	4.2400	14	2	-10	
849	4.2450	14	2	-9	
850	4.2500	14	2	-9	
851	4.2550	14	2	-9	
852	4.2600	14	2	-8	
853	4.2650	14	2	-8	
854	4.2700	14	2	-8	
855	4.2750	14	2	-7	
856	4.2800	14	2	-7	
857	4.2850	14	2	-6	
858	4.2900	14	2	-6	
859	4.2950	14	2	-6	
860	4.3000	15	2	-5	
861	4.3050	15	2	-5	
862	4.3100	15	2	-4	
863	4.3150	15	2	-4	
864	4.3200	15	2	-4	
865	4.3250	15	2	-3	
866	4.3300	15	2	-3	
867	4.3350	15	2	-2	
868	4.3400	16	2	-2	
869	4.3450	16	2	-2	
870	4.3500	16	2	-1	
871	4.3550	16	2	-1	
872	4.3600	16	2	0	
873	4.3650	16	2	0	
874	4.3700	16	2	0	
875	4.3750	16	2	1	
876	4.3800	16	2	1	
877	4.3850	16	2	2	
878	4.3900	16	2	2	
879	4.3950	16	2	2	
880	4.4000	16	2	3	
881	4.4050	16	2	3	
882	4.4100	16	2	3	
883	4.4150	16	2	4	
884	4.4200	16	2	4	
885	4.4250	16	2	4	
886	4.4300	16	2	4	
887	4.4350	16	2	5	
888	4.4400	15	2	5	
889	4.4450	15	2	5	
890	4.4500	15	2	6	
891	4.4550	15	2	6	
892	4.4600	15	2	6	
893	4.4650	15	2	6	
894	4.4700	15	2	6	
895	4.4750	15	2	7	
896	4.4800	15	2	7	
897	4.4850	14	2	7	
898	4.4900	14	2	7	
899	4.4950	14	2	7	
900	4.5000	14	2	7	
901	4.5050	14	2	7	
902	4.5100	14	2	8	
903	4.5150	14	2	8	
904	4.5200	14	2	8	
905	4.5250	14	2	8	
906	4.5300	14	2	8	
907	4.5350	14	2	8	
908	4.5400	13	2	8	
909	4.5450	13	2	8	
910	4.5500	13	2	8	
911	4.5550	13	2	8	
912	4.5600	13	2	7	
913	4.5650	12	2	7	
914	4.5700	12	2	7	
915	4.5750	12	2	7	
916	4.5800	12	2	7	
917	4.5850	12	2	7	
918	4.5900	12	2	6	
919	4.5950	12	2	6	
920	4.6000	12	2	6	
921	4.6050	12	2	6	
922	4.6100	11	2	6	
923	4.6150	11	2	6	
924	4.6200	11	2	5	
925	4.6250	11	2	5	
926	4.6300	10	1	5	
927	4.6350	10	1	4	
928	4.6400	10	1	4	
929	4.6450	10	1	4	
930	4.6500	10	1	4	
931	4.6550	10	1	3	
932	4.6600	10	1	3	
933	4.6650	10	1	2	
934	4.6700	10	1	2	
935	4.6750	9	1	2	
936	4.6800	9	1	2	
937	4.6850	9	1	1	
938	4.6900	9	1	1	
939	4.6950	9	1	0	
940	4.7000	8	1	0	
941	4.7050	8	1	0	
942	4.7100	8	0	-1	
943	4.7150	8	0	-1	
944	4.7200	8	0	-2	
945	4.7250	8	0	-2	
946	4.7300	8	0	-2	
947	4.7350	8	0	-3	
948	4.7400	8	0	-3	
949	4.7450	8	0	-4	
950	4.7500	8	0	-4	
951	4.7550	8	0	-4	
952	4.7600	8	0	-5	
953	4.7650	8	0	-5	
954	4.7700	7	0	-6	
955	4.7750	7	0	-6	
956	4.7800	7	0	-6	
957	4.7850	7	0	-7	
958	4.7900	7	0	-7	
959	4.7950	7	0	-8	
960	4.8000	7	0	-8	
961	4.8050	7	0	-8	
962	4.8100	7	0	-9	
963	4.8150	7	0	-9	
964	4.8200	7	0	-10	
965	4.8250	7	0	-10	
966	4.8300	7	0	-10	
967	4.8350	7	-1	-10	
968	4.8400	7	-1	-11	
969	4.8450	7	-1	-11	
970	4.8500	7	-1	-11	
971	4.8550	7	-1	-12	
972	4.8600	7	-1	-12	
973	4.8650	7	-1	-12	
974	4.8700	7	-1	-12	
975	4.8750	7	-1	-12	
976	4.8800	7	-1	-13	
977	4.8850	7	-1	-13	
978	4.8900	7	-1	-13	
979	4.8950	8	-1	-13	
980	4.9000	8	-1	-14	
981	4.9050	8	-1	-14	
982	4.9100	8	-1	-14	
983	4.9150	8	-1	-14	
984	4.9200	8	-1	-14	
985	4.9250	8	-1	-14	
986	4.9300	8	-1	-14	
987	4.9350	8	-1	-14	
988	4.9400	8	-1	-14	
989	4.9450	8	-1	-14	
990	4.9500	8	-1	-14	
991	4.9550	8	-1	-14	
992	4.9600	8	-1	-14	
993	4.9650	9	-1	-14	
994	4.9700	9	-1	-14	
995	4.9750	9	-1	-14	
996	4.9800	9	-1	-14	
997	4.9850	9	-1	-14	
998	4.9900	10	-1	-14	
999	4.9950	10	-1	-14	
1000	5.0000	10	-1	-14	
1001	5.0050	10	-1	-14	
1002	5.0100	10	-1	-13	
1003	5.0150	10	-1	-13	
1004	5.0200	10	0	-13	
1005	5.0250	10	0	-13	
1006	5.0300	10	0	-12	
1007	5.0350	11	0	-12	
1008	5.0400	11	0	-12	
1009	5.0450	11	0	-12	
1010	5.0500	11	0	-12	
1011	5.0550	12	0	-11	
1012	5.0600	12	0	-11	
1013	5.0650	12	0	-11	
1014	5.0700	12	0	-10	
1015	5.0750	12	0	-10	
1016	5.0800	12	0	-10	
1017	5.0850	12	0	-9	
1018	5.0900	12	0	-9	
1019	5.0950	12	0	-9	
1020	5.1000	13	0	-8	
1021	5.1050	13	0	-8	
1022	5.1100	13	0	-8	
1023	5.1150	13	0	-7	
1024	5.1200	14	0	-7	
1025	5.1250	14	1	-6	
1026	5.1300	14	1	-6	
1027	5.1350	14	1	-6	
1028	5.1400	14	1	-5	
1029	5.1450	14	1	-5	
1030	5.1500	14	1	-4	
1031	5.1550	14	1	-4	
1032	5.1600	14	1	-4	
1033	5.1650	14	1	-3	
1034	5.1700	14	1	-3	
1035	5.1750	14	1	-2	
1036	5.1800	15	1	-2	
1037	5.1850	15	2	-2	
1038	5.1900	15	2	-1	
1039	5.1950	15	2	-1	
1040	5.2000	15	2	0	
1041	5.2050	15	2	0	
1042	5.2100	15	2	0	
1043	5.2150	15	2	1	
1044	5.2200	15	2	1	
1045	5.2250	16	2	2	
1046	5.2300	16	2	2	
1047	5.2350	16	2	2	
1048	5.2400	16	2	2	
1049	5.2450	16	2	3	
1050	5.2500	16	2	3	
1051	5.2550	16	2	4	
1052	5.2600	16	2	4	
1053	5.2650	16	2	4	
1054	5.2700	16	3	4	
1055	5.2750	16	3	5	
1056	5.2800	16	3	5	
1057	5.2850	16	3	5	
1058	5.2900	16	3	5	
1059	5.2950	16	3	6	
1060	5.3000	16	3	6	
1061	5.3050	16	3	6	
1062	5.3100	16	3	6	
1063	5.3150	15	3	6	
1064	5.3200	15	3	6	
1065	5.3250	15	3	7	
1066	5.3300	15	3	7	
1067	5.3350	15	3	7	
1068	5.3400	15	3	7	
1069	5.3450	15	3	7	
1070	5.3500	15	3	7	
1071	5.3550	15	3	7	
1072	5.3600	14	3	7	
1073	5.3650	14	3	7	
1074	5.3700	14	3	7	
1075	5.3750	14	3	7	
1076	5.3800	14	3	7	
1077	5.3850	14	3	7	
1078	5.3900	14	3	7	
1079	5.3950	14	3	7	
1080	5.4000	14	3	7	
1081	5.4050	14	3	7	
1082	5.4100	14	3	7	
1083	5.4150	14	3	7	
1084	5.4200	13	3	6	
1085	5.4250	13	3	6	
1086	5.4300	13	3	6	
1087	5.4350	13	3	6	
1088	5.4400	12	3	6	
1089	5.4450	12	3	6	
1090	5.4500	12	3	6	
1091	5.4550	12	3	5	
1092	5.4600	12	3	5	
1093	5.4650	12	3	5	
1094	5.4700	12	3	4	
1095	5.4750	12	3	4	
1096	5.4800	12	3	4	
1097	5.4850	11	3	4	
1098	5.4900	11	3	3	
1099	5.4950	11	3	3	
1100	5.5000	11	3	3	
1101	5.5050	10	2	2	
1102	5.5100	10	2	2	
1103	5.5150	10	2	2	
1104	5.5200	10	2	1	
1105	5.5250	10	2	1	
1106	5.5300	10	2	0	
1107	5.5350	10	2	0	
1108	5.5400	10	2	0	
1109	5.5450	10	2	-1	
1110	5.5500	9	2	-1	
1111	5.5550	9	2	-2	
1112	5.5600	9	2	-2	
1113	5.5650	9	2	-2	
1114	5.5700	9	2	-3	
1115	5.5750	9	2	-3	
1116	5.5800	8	2	-4	
1117	5.5850	8	1	-4	
1118	5.5900	8	1	-4	
1119	5.5950	8	1	-5	
1120	5.6000	8	1	-5	
1121	5.6050	8	1	-6	
1122	5.6100	8	1	-6	
1123	5.6150	8	1	-6	
1124	5.6200	8	1	-7	
1125	5.6250	8	1	-7	
1126	5.6300	8	0	-8	
1127	5.6350	8	0	-8	
1128	5.6400	8	0	-8	
1129	5.6450	7	0	-8	
1130	5.6500	7	0	-9	
1131	5.6550	7	0	-9	
1132	5.6600	7	0	-10	
1133	5.6650	7	0	-10	
1134	5.6700	7	0	-10	
1135	5.6750	7	0	-10	
1136	5.6800	7	0	-11	
1137	5.6850	7	0	-11	
1138	5.6900	7	0	-11	
1139	5.6950	7	0	-12	
1140	5.7000	7	0	-12	
1141	5.7050	7	-1	-12	
1142	5.7100	7	-1	-12	
1143	5.7150	7	-1	-13	
1144	5.7200	7	-1	-13	
1145	5.7250	7	-1	-13	
1146	5.7300	7	-1	-13	
1147	5.7350	7	-1	-14	
1148	5.7400	7	-1	-14	
1149	5.7450	7	-1	-14	
1150	5.7500	7	-1	-14	
1151	5.7550	7	-1	-14	
1152	5.7600	7	-1	-14	
1153	5.7650	7	-1	-14	
1154	5.7700	8	-1	-14	
1155	5.7750	8	-1	-14	
1156	5.7800	8	-1	-14	
1157	5.7850	8	-1	-14	
1158	5.7900	8	-1	-14	
1159	5.7950	8	-2	-14	
1160	5.8000	8	-2	-14	
1161	5.8050	8	-2	-14	
1162	5.8100	8	-2	-14	
1163	5.8150	8	-2	-14	
1164	5.8200	8	-2	-14	
1165	5.8250	8	-2	-14	
1166	5.8300	8	-2	-14	
1167	5.8350	8	-2	-14	
1168	5.8400	9	-2	-14	
1169	5.8450	9	-2	-14	
1170	5.8500	9	-2	-13	
1171	5.8550	9	-2	-13	
1172	5.8600	9	-1	-13	
1173	5.8650	10	-1	-13	
1174	5.8700	10	-1	-12	
1175	5.8750	10	-1	-12	
1176	5.8800	10	-1	-12	
1177	5.8850	10	-1	-12	
1178	5.8900	10	-1	-12	
1179	5.8950	10	-1	-11	
1180	5.9000	10	-1	-11	
1181	5.9050	10	-1	-10	
1182	5.9100	11	-1	-10	
1183	5.9150	11	-1	-10	
1184	5.9200	11	-1	-10	
1185	5.9250	11	-1	-9	
1186	5.9300	12	-1	-9	
1187	5.9350	12	-1	-9	
1188	5.9400	12	0	-8	
1189	5.9450	12	0	-8	
1190	5.9500	12	0	-8	
1191	5.9550	12	0	-7	
1192	5.9600	12	0	-7	
1193	5.9650	12	0	-6	
1194	5.9700	12	0	-6	
1195	5.9750	13	0	-6	
1196	5.9800	13	0	-5	
1197	5.9850	13	0	-5	
1198	5.9900	13	0	-4	
1199	5.9950	13	0	-4	
1200	6.0000	14	0	-4	
1201	6.0050	14	1	-3	
1202	6.0100	14	1	-3	
1203	6.0150	14	1	-2	
1204	6.0200	14	1	-2	
1205	6.0250	14	1	-2	
1206	6.0300	14	1	-1	
1207	6.0350	14	1	-1	
1208	6.0400	14	1	0	
1209	6.0450	14	2	0	
1210	6.0500	14	2	0	
1211	6.0550	15	2	1	
1212	6.0600	15	2	1	
1213	6.0650	15	2	2	
1214	6.0700	15	2	2	
1215	6.0750	15	2	2	
1216	6.0800	15	2	2	
1217	6.0850	15	2	3	
1218	6.0900	15	2	3	
1219	6.0950	15	2	4	
1220	6.1000	16	2	4	
1221	6.1050	16	3	4	
1222	6.1100	16	3	4	
1223	6.1150	16	3	5	
1224	6.1200	16	3	5	
1225	6.1250	16	3	5	
1226	6.1300	16	3	6	
1227	6.1350	16	3	6	
1228	6.1400	16	3	6	
1229	6.1450	16	3	6	
1230	6.1500	16	3	6	
1231	6.1550	16	4	6	
1232	6.1600	16	4	7	
1233	6.1650	16	4	7	
1234	6.1700	16	4	7	
1235	6.1750	16	4	7	
1236	6.1800	16	4	7	
1237	6.1850	16	4	7	
1238	6.1900	16	4	7	
1239	6.1950	15	4	7	
1240	6.2000	15	4	8	
1241	6.2050	15	4	8	
1242	6.2100	15	4	8	
1243	6.2150	15	4	8	
1244	6.2200	15	4	8	
1245	6.2250	15	4	8	
1246	6.2300	15	4	8	
1247	6.2350	15	4	7	
1248	6.2400	14	4	7	
1249	6.2450	14	4	7	
1250	6.2500	14	4	7	
1251	6.2550	14	4	7	
1252	6.2600	14	4	7	
1253	6.2650	14	4	7	
1254	6.2700	14	4	6	
1255	6.2750	14	4	6	
1256	6.2800	14	4	6	
1257	6.2850	14	4	6	
1258	6.2900	14	4	6	
1259	6.2950	13	4	6	
1260	6.3000	13	4	5	
1261	6.3050	13	4	5	
1262	6.3100	13	4	5	
1263	6.3150	13	4	4	
1264	6.3200	12	4	4	
1265	6.3250	12	4	4	
1266	6.3300	12	4	4	
1267	6.3350	12	3	3	
1268	6.3400	12	3	3	
1269	6.3450	12	3	3	
1270	6.3500	12	3	2	
1271	6.3550	12	3	2	
1272	6.3600	12	3	2	
1273	6.3650	11	3	1	
1274	6.3700	11	3	1	
1275	6.3750	11	3	0	
1276	6.3800	11	3	0	
1277	6.3850	10	2	0	
1278	6.3900	10	2	-1	
1279	6.3950	10	2	-1	
1280	6.4000	10	2	-2	
1281	6.4050	10	2	-2	
1282	6.4100	10	2	-2	
1283	6.4150	10	2	-3	
1284	6.4200	10	2	-3	
1285	6.4250	10	2	-4	
1286	6.4300	9	2	-4	
1287	6.4350	9	1	-4	
1288	6.4400	9	1	-5	
1289	6.4450	9	1	-5	
1290	6.4500	9	1	-6	
1291	6.4550	8	1	-6	
1292	6.4600	8	1	-6	
1293	6.4650	8	1	-7	
1294	6.4700	8	0	-7	
1295	6.4750	8	0	-8	
1296	6.4800	8	0	-8	
1297	6.4850	8	0	-8	
1298	6.4900	8	0	-8	
1299	6.4950	8	0	-9	
1300	6.5000	8	0	-9	
1301	6.5050	8	0	-10	
1302	6.5100	8	0	-10	
1303	6.5150	8	-1	-10	
1304	6.5200	7	-1	-11	
1305	6.5250	7	-1	-11	
1306	6.5300	7	-1	-11	
1307	6.5350	7	-1	-12	
1308	6.5400	7	-1	-12	
1309	6.5450	7	-1	-12	
1310	6.5500	7	-1	-12	
1311	6.5550	7	-2	-12	
1312	6.5600	7	-2	-13	
1313	6.5650	7	-2	-13	
1314	6.5700	7	-2	-13	
1315	6.5750	7	-2	-14	
1316	6.5800	7	-2	-14	
1317	6.5850	7	-2	-14	
1318	6.5900	7	-2	-14	
1319	6.5950	7	-2	-14	
1320	6.6000	7	-2	-14	
1321	6.6050	7	-2	-14	
1322	6.6100	7	-2	-14	
1323	6.6150	7	-2	-14	
1324	6.6200	7	-2	-14	
1325	6.6250	7	-2	-14	
1326	6.6300	7	-2	-14	
1327	6.6350	7	-2	-14	
1328	6.6400	7	-2	-14	
1329	6.6450	7	-2	-14	
1330	6.6500	8	-3	-14	
1331	6.6550	8	-3	-14	
1332	6.6600	8	-3	-14	
1333	6.6650	8	-3	-14	
1334	6.6700	8	-3	-14	
1335	6.6750	8	-3	-14	
1336	6.6800	8	-3	-14	
1337	6.6850	8	-3	-14	
1338	6.6900	8	-3	-14	
1339	6.6950	8	-3	-14	
1340	6.7000	8	-3	-14	
1341	6.7050	8	-2	-13	
1342	6.7100	8	-2	-13	
1343	6.7150	8	-2	-13	
1344	6.7200	9	-2	-13	
1345	6.7250	9	-2	-12	
1346	6.7300	9	-2	-12	
1347	6.7350	9	-2	-12	
1348	6.7400	10	-2	-12	
1349	6.7450	10	-2	-12	
1350	6.7500	10	-2	-11	
1351	6.7550	10	-2	-11	
1352	6.7600	10	-2	-11	
1353	6.7650	10	-2	-10	
1354	6.7700	10	-2	-10	
1355	6.7750	10	-2	-10	
1356	6.7800	10	-2	-9	
1357	6.7850	11	-2	-9	
1358	6.7900	11	-1	-9	
1359	6.7950	11	-1	-8	
1360	6.8000	11	-1	-8	
1361	6.8050	11	-1	-8	
1362	6.8100	12	-1	-7	
1363	6.8150	12	-1	-7	
1364	6.8200	12	-1	-6	
1365	6.8250	12	0	-6	
1366	6.8300	12	0	-6	
1367	6.8350	12	0	-5	
1368	6.8400	12	0	-5	
1369	6.8450	12	0	-4	
1370	6.8500	12	0	-4	
1371	6.8550	13	0	-4	
1372	6.8600	13	0	-3	
1373	6.8650	13	0	-3	
1374	6.8700	13	1	-2	
1375	6.8750	14	1	-2	
1376	6.8800	14	1	-2	
1377	6.8850	14	1	-1	
1378	6.8900	14	1	-1	
1379	6.8950	14	2	-1	
1380	6.9000	14	2	0	
1381	6.9050	14	2	0	
1382	6.9100	14	2	0	
1383	6.9150	14	2	1	
1384	6.9200	14	2	1	
1385	6.9250	14	2	2	
1386	6.9300	14	2	2	
1387	6.9350	15	3	2	
1388	6.9400	15	3	2	
1389	6.9450	15	3	3	
1390	6.9500	15	3	3	
1391	6.9550	15	3	4	
1392	6.9600	15	3	4	
1393	6.9650	15	4	4	
1394	6.9700	15	4	4	
1395	6.9750	15	4	4	
1396	6.9800	16	4	5	
1397	6.9850	16	4	5	
1398	6.9900	16	4	5	
1399	6.9950	16	4	6	
1400	7.0000	16	4	6	
1401	7.0050	16	4	6	
1402	7.0100	16	4	6	
1403	7.0150	16	4	6	
1404	7.0200	16	5	6	
1405	7.0250	16	5	6	
1406	7.0300	16	5	6	
1407	7.0350	16	5	7	
1408	7.0400	16	5	7	
1409	7.0450	16	5	7	
1410	7.0500	16	5	7	
1411	7.0550	16	5	7	
1412	7.0600	16	5	7	
1413	7.0650	16	5	7	
1414	7.0700	16	5	7	
1415	7.0750	15	5	7	
1416	7.0800	15	5	7	
1417	7.0850	15	5	7	
1418	7.0900	15	6	7	
1419	7.0950	15	6	7	
1420	7.1000	15	6	7	
1421	7.1050	15	6	6	
1422	7.1100	15	6	6	
1423	7.1150	14	6	6	
1424	7.1200	14	6	6	
1425	7.1250	14	6	6	
1426	7.1300	14	6	6	
1427	7.1350	14	5	6	
1428	7.1400	14	5	6	
1429	7.1450	14	5	5	
1430	7.1500	14	5	5	
1431	7.1550	14	5	5	
1432	7.1600	14	5	5	
1433	7.1650	14	5	4	
1434	7.1700	14	5	4	
1435	7.1750	13	5	4	
1436	7.1800	13	5	4	
1437	7.1850	13	5	3	
1438	7.1900	13	5	3	
1439	7.1950	13	5	3	
1440	7.2000	12	5	2	
1441	7.2050	12	4	2	
1442	7.2100	12	4	2	
1443	7.2150	12	4	2	
1444	7.2200	12	4	1	
1445	7.2250	12	4	1	
1446	7.2300	12	4	0	
1447	7.2350	12	4	0	
1448	7.2400	11	4	0	
1449	7.2450	11	4	0	
1450	7.2500	11	4	-1	
1451	7.2550	11	3	-1	
1452	7.2600	11	3	-2	
1453	7.2650	10	3	-2	
1454	7.2700	10	3	-2	
1455	7.2750	10	3	-3	
1456	7.2800	10	3	-3	
1457	7.2850	10	2	-4	
1458	7.2900	10	2	-4	
1459	7.2950	10	2	-4	
1460	7.3000	10	2	-4	
1461	7.3050	9	2	-5	
1462	7.3100	9	2	-5	
1463	7.3150	9	2	-6	
1464	7.3200	9	1	-6	
1465	7.3250	9	1	-6	
1466	7.3300	9	1	-7	
1467	7.3350	8	1	-7	
1468	7.3400	8	1	-7	
1469	7.3450	8	0	-8	
1470	7.3500	8	0	-8	
1471	7.3550	8	0	-8	
1472	7.3600	8	0	-9	
1473	7.3650	8	0	-9	
1474	7.3700	8	0	-9	
1475	7.3750	8	0	-10	
1476	7.3800	8	0	-10	
1477	7.3850	8	-1	-10	
1478	7.3900	8	-1	-10	
1479	7.3950	8	-1	-10	
1480	7.4000	7	-1	-11	
1481	7.4050	7	-1	-11	
1482	7.4100	7	-1	-11	
1483	7.4150	7	-2	-11	
1484	7.4200	7	-2	-12	
1485	7.4250	7	-2	-12	
1486	7.4300	7	-2	-12	
1487	7.4350	7	-2	-12	
1488	7.4400	7	-2	-12	
1489	7.4450	7	-2	-12	
1490	7.4500	7	-2	-12	
1491	7.4550	7	-2	-12	
1492	7.4600	7	-2	-13	
1493	7.4650	7	-2	-13	
1494	7.4700	7	-2	-13	
1495	7.4750	7	-3	-13	
1496	7.4800	7	-3	-13	
1497	7.4850	7	-3	-13	
1498	7.4900	7	-3	-13	
1499	7.4950	7	-3	-13	
1500	7.5000	7	-3	-13	
1501	7.5050	7	-3	-13	
1502	7.5100	7	-3	-13	
1503	7.5150	7	-3	-13	
1504	7.5200	7	-3	-13	
1505	7.5250	8	-3	-13	
1506	7.5300	8	-3	-12	
1507	7.5350	8	-3	-12	
1508	7.5400	8	-3	-12	
1509	7.5450	8	-3	-12	
1510	7.5500	8	-3	-12	
1511	7.5550	8	-3	-12	
1512	7.5600	8	-3	-12	
1513	7.5650	8	-3	-12	
1514	7.5700	8	-3	-12	
1515	7.5750	8	-3	-11	
1516	7.5800	8	-3	-11	
1517	7.5850	8	-3	-11	
1518	7.5900	8	-3	-10	
1519	7.5950	9	-3	-10	
1520	7.6000	9	-3	-10	
1521	7.6050	9	-3	-10	
1522	7.6100	9	-3	-10	
1523	7.6150	9	-2	-9	
1524	7.6200	10	-2	-9	
1525	7.6250	10	-2	-9	
1526	7.6300	10	-2	-8	
1527	7.6350	10	-2	-8	
1528	7.6400	10	-2	-8	
1529	7.6450	10	-2	-8	
1530	7.6500	10	-2	-7	
1531	7.6550	10	-2	-7	
1532	7.6600	10	-2	-7	
1533	7.6650	11	-2	-6	
1534	7.6700	11	-1	-6	
1535	7.6750	11	-1	-6	
1536	7.6800	11	-1	-5	
1537	7.6850	12	-1	-5	
1538	7.6900	12	-1	-5	
1539	7.6950	12	-1	-4	
1540	7.7000	12	0	-4	
1541	7.7050	12	0	-4	
1542	7.7100	12	0	-3	
1543	7.7150	12	0	-3	
1544	7.7200	12	0	-2	
1545	7.7250	12	0	-2	
1546	7.7300	13	0	-2	
1547	7.7350	13	0	-2	
1548	7.7400	13	1	-1	
1549	7.7450	13	1	-1	
1550	7.7500	13	1	-1	
1551	7.7550	14	1	0	
1552	7.7600	14	1	0	
1553	7.7650	14	2	0	
1554	7.7700	14	2	1	
1555	7.7750	14	2	1	
1556	7.7800	14	2	1	
1557	7.7850	14	2	2	
1558	7.7900	14	2	2	
1559	7.7950	14	2	2	
1560	7.8000	14	2	2	
1561	7.8050	14	3	2	
1562	7.8100	14	3	3	
1563	7.8150	15	3	3	
1564	7.8200	15	3	3	
1565	7.8250	15	3	4	
1566	7.8300	15	4	4	
1567	7.8350	15	4	4	
1568	7.8400	15	4	4	
1569	7.8450	15	4	4	
1570	7.8500	15	4	4	
1571	7.8550	16	4	4	
1572	7.8600	16	4	5	
1573	7.8650	16	4	5	
1574	7.8700	16	4	5	
1575	7.8750	16	4	5	
1576	7.8800	16	5	5	
1577	7.8850	16	5	5	
1578	7.8900	16	5	5	
1579	7.8950	16	5	5	
1580	7.9000	16	5	5	
1581	7.9050	16	5	5	
1582	7.9100	16	5	6	
1583	7.9150	16	5	6	
1584	7.9200	16	5	6	
1585	7.9250	16	5	6	
1586	7.9300	16	5	5	
1587	7.9350	16	5	5	
1588	7.9400	16	5	5	
1589	7.9450	16	5	5	
1590	7.9500	15	6	5	
1591	7.9550	15	6	5	
1592	7.9600	15	6	5	
1593	7.9650	15	6	5	
1594	7.9700	15	6	5	
1595	7.9750	15	6	4	
1596	7.9800	15	6	4	
1597	7.9850	15	6	4	
1598	7.9900	15	5	4	
1599	7.9950	14	5	4	
1600	8.0000	14	5	4	
1601	8.0050	14	5	4	
1602	8.0100	14	5	3	
1603	8.0150	14	5	3	
1604	8.0200	14	5	3	
1605	8.0250	14	5	3	
1606	8.0300	14	5	2	
1607	8.0350	14	5	2	
1608	8.0400	14	5	2	
1609	8.0450	14	5	2	
1610	8.0500	13	5	1	
1611	8.0550	13	4	1	
1612	8.0600	13	4	1	
1613	8.0650	13	4	0	
1614	8.0700	13	4	0	
1615	8.0750	12	4	0	
1616	8.0800	12	4	0	
1617	8.0850	12	4	-1	
1618	8.0900	12	4	-1	
1619	8.0950	12	4	-1	
1620	8.1000	12	4	-2	
1621	8.1050	12	3	-2	
1622	8.1100	12	3	-2	
1623	8.1150	12	3	-2	
1624	8.1200	11	3	-3	
1625	8.1250	11	3	-3	
1626	8.1300	11	2	-4	
1627	8.1350	11	2	-4	
1628	8.1400	10	2	-4	
1629	8.1450	10	2	-4	
1630	8.1500	10	2	-5	
1631	8.1550	10	2	-5	
1632	8.1600	10	2	-6	
1633	8.1650	10	2	-6	
1634	8.1700	10	1	-6	
1635	8.1750	10	1	-6	
1636	8.1800	10	1	-7	
1637	8.1850	9	1	-7	
1638	8.1900	9	1	-7	
1639	8.1950	9	0	-8	
1640	8.2000	9	0	-8	
1641	8.2050	9	0	-8	
1642	8.2100	8	0	-8	
1643	8.2150	8	0	-9	
1644	8.2200	8	0	-9	
1645	8.2250	8	0	-9	
1646	8.2300	8	-1	-10	
1647	8.2350	8	-1	-10	
1648	8.2400	8	-1	-10	
1649	8.2450	8	-1	-10	
1650	8.2500	8	-1	-10	
1651	8.2550	8	-1	-10	
1652	8.2600	8	-2	-11	
1653	8.2650	8	-2	-11	
1654	8.2700	8	-2	-11	
1655	8.2750	8	-2	-11	
1656	8.2800	7	-2	-11	
1657	8.2850	7	-2	-12	
1658	8.2900	7	-2	-12	
1659	8.2950	7	-2	-12	
1660	8.3000	7	-2	-12	
1661	8.3050	7	-3	-12	
1662	8.3100	7	-3	-12	
1663	8.3150	7	-3	-12	
1664	8.3200	7	-3	-12	
1665	8.3250	7	-3	-12	
1666	8.3300	7	-3	-12	
1667	8.3350	7	-3	-12	
1668	8.3400	7	-3	-12	
1669	8.3450	7	-3	-12	
1670	8.3500	7	-3	-12	
1671	8.3550	7	-3	-12	
1672	8.3600	7	-3	-12	
1673	8.3650	7	-3	-12	
1674	8.3700	7	-4	-12	
1675	8.3750	7	-4	-12	
1676	8.3800	7	-4	-12	
1677	8.3850	7	-4	-12	
1678	8.3900	7	-4	-12	
1679	8.3950	7	-4	-12	
1680	8.4000	7	-4	-12	
1681	8.4050	8	-4	-11	
1682	8.4100	8	-4	-11	
1683	8.4150	8	-3	-11	
1684	8.4200	8	-3	-11	
1685	8.4250	8	-3	-11	
1686	8.4300	8	-3	-10	
1687	8.4350	8	-3	-10	
1688	8.4400	8	-3	-10	
1689	8.4450	8	-3	-10	
1690	8.4500	8	-3	-10	
1691	8.4550	8	-3	-10	
1692	8.4600	8	-3	-9	
1693	8.4650	8	-3	-9	
1694	8.4700	8	-3	-9	
1695	8.4750	9	-2	-8	
1696	8.4800	9	-2	-8	
1697	8.4850	9	-2	-8	
1698	8.4900	9	-2	-8	
1699	8.4950	9	-2	-8	
1700	8.5000	10	-2	-7	
1701	8.5050	10	-2	-7	
1702	8.5100	10	-2	-7	
1703	8.5150	10	-2	-6	
1704	8.5200	10	-2	-6	
1705	8.5250	10	-1	-6	
1706	8.5300	10	-1	-6	
1707	8.5350	10	-1	-5	
1708	8.5400	11	-1	-5	
1709	8.5450	11	-1	-4	
1710	8.5500	11	0	-4	
1711	8.5550	11	0	-4	
1712	8.5600	11	0	-4	
1713	8.5650	12	0	-3	
1714	8.5700	12	0	-3	
1715	8.5750	12	0	-3	
1716	8.5800	12	0	-2	
1717	8.5850	12	1	-2	
1718	8.5900	12	1	-2	
1719	8.5950	12	1	-2	
1720	8.6000	12	1	-1	
1721	8.6050	12	1	-1	
1722	8.6100	13	2	-1	
1723	8.6150	13	2	0	
1724	8.6200	13	2	0	
1725	8.6250	13	2	0	
1726	8.6300	14	2	0	
1727	8.6350	14	2	1	
1728	8.6400	14	2	1	
1729	8.6450	14	3	1	
1730	8.6500	14	3	2	
1731	8.6550	14	3	2	
1732	8.6600	14	3	2	
1733	8.6650	14	3	2	
1734	8.6700	14	4	2	
1735	8.6750	14	4	2	
1736	8.6800	14	4	3	
1737	8.6850	14	4	3	
1738	8.6900	15	4	3	
1739	8.6950	15	4	3	
1740	8.7000	15	4	4	
1741	8.7050	15	5	4	
1742	8.7100	15	5	4	
1743	8.7150	15	5	4	
1744	8.7200	15	5	4	
1745	8.7250	15	5	4	
1746	8.7300	15	5	4	
1747	8.7350	16	5	4	
1748	8.7400	16	5	4	
1749	8.7450	16	6	4	
1750	8.7500	16	6	4	
1751	8.7550	16	6	5	
1752	8.7600	16	6	5	
1753	8.7650	16	6	5	
1754	8.7700	16	6	5	
1755	8.7750	16	6	5	
1756	8.7800	16	6	5	
1757	8.7850	16	6	5	
1758	8.7900	16	6	5	
1759	8.7950	16	6	5	
1760	8.8000	16	6	5	
1761	8.8050	16	6	4	
1762	8.8100	16	6	4	
1763	8.8150	16	6	4	
1764	8.8200	16	6	4	
1765	8.8250	16	6	4	
1766	8.8300	15	6	4	
1767	8.8350	15	6	4	
1768	8.8400	15	6	4	
1769	8.8450	15	6	4	
1770	8.8500	15	6	4	
1771	8.8550	15	6	4	
1772	8.8600	15	6	3	
1773	8.8650	15	6	3	
1774	8.8700	14	6	3	
1775	8.8750	14	6	3	
1776	8.8800	14	6	3	
1777	8.8850	14	6	2	
1778	8.8900	14	6	2	
1779	8.8950	14	6	2	
1780	8.9000	14	5	2	
1781	8.9050	14	5	2	
1782	8.9100	14	5	1	
1783	8.9150	14	5	1	
1784	8.9200	14	5	1	
1785	8.9250	14	5	1	
1786	8.9300	13	5	0	
1787	8.9350	13	4	0	
1788	8.9400	13	4	0	
1789	8.9450	13	4	0	
1790	8.9500	13	4	-1	
1791	8.9550	12	4	-1	
1792	8.9600	12	4	-1	
1793	8.9650	12	4	-2	
1794	8.9700	12	4	-2	
1795	8.9750	12	3	-2	
1796	8.9800	12	3	-2	
1797	8.9850	12	3	-2	
1798	8.9900	12	3	-3	
1799	8.9950	11	3	-3	
1800	9.0000	11	2	-3	
1801	9.0050	11	2	-4	
1802	9.0100	11	2	-4	
1803	9.0150	11	2	-4	
1804	9.0200	10	2	-4	
1805	9.0250	10	2	-5	
1806	9.0300	10	1	-5	
1807	9.0350	10	1	-5	
1808	9.0400	10	1	-6	
1809	9.0450	10	1	-6	
1810	9.0500	10	1	-6	
1811	9.0550	10	0	-6	
1812	9.0600	10	0	-6	
1813	9.0650	9	0	-7	
1814	9.0700	9	0	-7	
1815	9.0750	9	0	-7	
1816	9.0800	9	0	-8	
1817	9.0850	9	-1	-8	
1818	9.0900	8	-1	-8	
1819	9.0950	8	-1	-8	
1820	9.1000	8	-1	-8	
1821	9.1050	8	-1	-8	
1822	9.1100	8	-2	-9	
1823	9.1150	8	-2	-9	
1824	9.1200	8	-2	-9	
1825	9.1250	8	-2	-9	
1826	9.1300	8	-2	-9	
1827	9.1350	8	-2	-10	
1828	9.1400	8	-2	-10	
1829	9.1450	8	-2	-10	
1830	9.1500	8	-2	-10	
1831	9.1550	7	-3	-10	
1832	9.1600	7	-3	-10	
1833	9.1650	7	-3	-10	
1834	9.1700	7	-3	-10	
1835	9.1750	7	-3	-10	
1836	9.1800	7	-3	-10	
1837	9.1850	7	-3	-10	
1838	9.1900	7	-4	-10	
1839	9.1950	7	-4	-10	
1840	9.2000	7	-4	-10	
1841	9.2050	7	-4	-10	
1842	9.2100	7	-4	-10	
1843	9.2150	7	-4	-10	
1844	9.2200	7	-4	-10	
1845	9.2250	7	-4	-10	
1846	9.2300	7	-4	-10	
1847	9.2350	7	-4	-10	
1848	9.2400	7	-4	-10	
1849	9.2450	7	-4	-10	
1850	9.2500	7	-4	-10	
1851	9.2550	7	-4	-10	
1852	9.2600	7	-4	-10	
1853	9.2650	7	-4	-10	
1854	9.2700	7	-4	-10	
1855	9.2750	7	-4	-10	
1856	9.2800	7	-4	-10	
1857	9.2850	8	-4	-10	
1858	9.2900	8	-4	-10	
1859	9.2950	8	-4	-10	
1860	9.3000	8	-4	-9	
1861	9.3050	8	-4	-9	
1862	9.3100	8	-4	-9	
1863	9.3150	8	-4	-9	
1864	9.3200	8	-3	-9	
1865	9.3250	8	-3	-8	
1866	9.3300	8	-3	-8	
1867	9.3350	8	-3	-8	
1868	9.3400	8	-3	-8	
1869	9.3450	8	-3	-8	
1870	9.3500	9	-3	-8	
1871	9.3550	9	-3	-7	
1872	9.3600	9	-2	-7	
1873	9.3650	9	-2	-7	
1874	9.3700	9	-2	-7	
1875	9.3750	10	-2	-6	
1876	9.3800	10	-2	-6	
1877	9.3850	10	-2	-6	
1878	9.3900	10	-2	-6	
1879	9.3950	10	-2	-6	
1880	9.4000	10	-1	-5	
1881	9.4050	10	-1	-5	
1882	9.4100	10	-1	-5	
1883	9.4150	10	-1	-4	
1884	9.4200	11	-1	-4	
1885	9.4250	11	0	-4	
1886	9.4300	11	0	-4	
1887	9.4350	11	0	-4	
1888	9.4400	11	0	-3	
1889	9.4450	12	0	-3	
1890	9.4500	12	0	-3	
1891	9.4550	12	0	-3	
1892	9.4600	12	1	-2	
1893	9.4650	12	1	-2	
1894	9.4700	12	1	-2	
1895	9.4750	12	1	-2	
1896	9.4800	12	1	-2	
1897	9.4850	13	2	-1	
1898	9.4900	13	2	-1	
1899	9.4950	13	2	-1	
1900	9.5000	13	2	-1	
1901	9.5050	13	2	0	
1902	9.5100	14	2	0	
1903	9.5150	14	3	0	
1904	9.5200	14	3	0	
1905	9.5250	14	3	0	
1906	9.5300	14	3	0	
1907	9.5350	14	3	1	
1908	9.5400	14	4	1	
1909	9.5450	14	4	1	
1910	9.5500	14	4	1	
1911	9.5550	14	4	1	
1912	9.5600	14	4	2	
1913	9.5650	14	4	2	
1914	9.5700	15	4	2	
1915	9.5750	15	4	2	
1916	9.5800	15	5	2	
1917	9.5850	15	5	2	
1918	9.5900	15	5	2	
1919	9.5950	15	5	2	
1920	9.6000	15	5	2	
1921	9.6050	15	5	2	
1922	9.6100	16	5	2	
1923	9.6150	16	5	2	
1924	9.6200	16	6	2	
1925	9.6250	16	6	3	
1926	9.6300	16	6	3	
1927	9.6350	16	6	3	
1928	9.6400	16	6	3	
1929	9.6450	16	6	3	
1930	9.6500	16	6	3	
1931	9.6550	16	6	3	
1932	9.6600	16	6	3	
1933	9.6650	16	6	3	
1934	9.6700	16	6	3	
1935	9.6750	16	6	3	
1936	9.6800	16	6	2	
1937	9.6850	16	6	2	
1938	9.6900	16	6	2	
1939	9.6950	16	6	2	
1940	9.7000	16	6	2	
1941	9.7050	16	6	2	
1942	9.7100	15	6	2	
1943	9.7150	15	6	2	
1944	9.7200	15	6	2	
1945	9.7250	15	6	2	
1946	9.7300	15	6	2	
1947	9.7350	15	6	2	
1948	9.7400	15	6	2	
1949	9.7450	15	6	1	
1950	9.7500	14	6	1	
1951	9.7550	14	6	1	
1952	9.7600	14	5	1	
1953	9.7650	14	5	1	
1954	9.7700	14	5	0	
1955	9.7750	14	5	0	
1956	9.7800	14	5	0	
1957	9.7850	14	5	0	
1958	9.7900	14	5	0	
1959	9.7950	14	4	0	
1960	9.8000	14	4	0	
1961	9.8050	14	4	-1	
1962	9.8100	13	4	-1	
1963	9.8150	13	4	-1	
1964	9.8200	13	4	-1	
1965	9.8250	13	4	-2	
1966	9.8300	12	4	-2	
1967	9.8350	12	4	-2	
1968	9.8400	12	3	-2	
1969	9.8450	12	3	-2	
1970	9.8500	12	3	-2	
1971	9.8550	12	3	-3	
1972	9.8600	12	3	-3	
1973	9.8650	12	2	-3	
1974	9.8700	12	2	-3	
1975	9.8750	11	2	-4	
1976	9.8800	11	2	-4	
1977	9.8850	11	2	-4	
1978	9.8900	11	2	-4	
1979	9.8950	10	2	-4	
1980	9.9000	10	1	-4	
1981	9.9050	10	1	-5	
1982	9.9100	10	1	-5	
1983	9.9150	10	1	-5	
1984	9.9200	10	1	-5	
1985	9.9250	10	0	-6	
1986	9.9300	10	0	-6	
1987	9.9350	10	0	-6	
1988	9.9400	9	0	-6	
1989	9.9450	9	0	-6	
1990	9.9500	9	0	-6	
1991	9.9550	9	0	-6	
1992	9.9600	9	-1	-7	
1993	9.9650	8	-1	-7	
1994	9.9700	8	-1	-7	
1995	9.9750	8	-1	-7	
1996	9.9800	8	-1	-7	
1997	9.9850	8	-2	-7	
1998	9.9900	8	-2	-8	
1999	9.9950	8	-2	-8	
2000	10.0000	8	-2	-8	
2001	10.0050	8	-2	-8	
2002	10.0100	8	-2	-8	
2003	10.0150	8	-2	-8	
2004	10.0200	8	-2	-8	
2005	10.0250	8	-2	-8	
2006	10.0300	8	-2	-8	
2007	10.0350	7	-2	-8	
2008	10.0400	7	-3	-8	
2009	10.0450	7	-3	-8	
2010	10.0500	7	-3	-8	
2011	10.0550	7	-3	-8	
2012	10.0600	7	-3	-8	
2013	10.0650	7	-3	-9	
2014	10.0700	7	-3	-9	
2015	10.0750	7	-3	-9	
2016	10.0800	7	-3	-9	
2017	10.0850	7	-3	-9	
2018	10.0900	7	-3	-9	
2019	10.0950	7	-3	-9	
2020	10.1000	7	-3	-9	
2021	10.1050	7	-3	-9	
2022	10.1100	7	-3	-8	
2023	10.1150	7	-3	-8	
2024	10.1200	7	-3	-8	
2025	10.1250	7	-3	-8	
2026	10.1300	7	-3	-8	
2027	10.1350	7	-3	-8	
2028	10.1400	7	-3	-8	
2029	10.1450	7	-3	-8	
2030	10.1500	7	-3	-8	
2031	10.1550	7	-3	-8	
2032	10.1600	8	-3	-8	
2033	10.1650	8	-3	-8	
2034	10.1700	8	-3	-8	
2035	10.1750	8	-3	-8	
2036	10.1800	8	-3	-8	
2037	10.1850	8	-3	-7	
2038	10.1900	8	-2	-7	
2039	10.1950	8	-2	-7	
2040	10.2000	8	-2	-7	
2041	10.2050	8	-2	-7	
2042	10.2100	8	-2	-7	
2043	10.2150	8	-2	-6	
2044	10.2200	8	-2	-6	
2045	10.2250	8	-2	-6	
2046	10.2300	9	-2	-6	
2047	10.2350	9	-2	-6	
2048	10.2400	9	-2	-6	
2049	10.2450	9	-1	-6	
2050	10.2500	9	-1	-5	
2051	10.2550	10	-1	-5	
2052	10.2600	10	-1	-5	
2053	10.2650	10	-1	-5	
2054	10.2700	10	0	-5	
2055	10.2750	10	0	-4	
2056	10.2800	10	0	-4	
2057	10.2850	10	0	-4	
2058	10.2900	10	0	-4	
2059	10.2950	10	0	-4	
2060	10.3000	11	0	-4	
2061	10.3050	11	0	-3	
2062	10.3100	11	1	-3	
2063	10.3150	11	1	-3	
2064	10.3200	12	1	-3	
2065	10.3250	12	1	-3	
2066	10.3300	12	1	-2	
2067	10.3350	12	2	-2	
2068	10.3400	12	2	-2	
2069	10.3450	12	2	-2	
2070	10.3500	12	2	-2	
2071	10.3550	12	2	-2	
2072	10.3600	12	2	-2	
2073	10.3650	13	2	-1	
2074	10.3700	13	3	-1	
2075	10.3750	13	3	-1	
2076	10.3800	13	3	-1	
2077	10.3850	14	3	-1	
2078	10.3900	14	3	0	
2079	10.3950	14	4	0	
2080	10.4000	14	4	0	
2081	10.4050	14	4	0	
2082	10.4100	14	4	0	
2083	10.4150	14	4	0	
2084	10.4200	14	4	0	
2085	10.4250	14	4	0	
2086	10.4300	14	4	0	
2087	10.4350	14	4	1	
2088	10.4400	14	5	1	
2089	10.4450	15	5	1	
2090	10.4500	15	5	1	
2091	10.4550	15	5	1	
2092	10.4600	15	5	1	
2093	10.4650	15	5	1	
2094	10.4700	15	5	1	
2095	10.4750	15	5	1	
2096	10.4800	15	5	1	
2097	10.4850	15	5	2	
2098	10.4900	16	6	2	
2099	10.4950	16	6	2	
2100	10.5000	16	6	2	
2101	10.5050	16	6	2	
2102	10.5100	16	6	2	
2103	10.5150	16	6	2	
2104	10.5200	16	6	2	
2105	10.5250	16	6	2	
2106	10.5300	16	6	2	
2107	10.5350	16	6	2	
2108	10.5400	16	6	2	
2109	10.5450	16	6	2	
2110	10.5500	16	6	2	
2111	10.5550	16	6	2	
2112	10.5600	16	6	2	
2113	10.5650	16	6	2	
2114	10.5700	16	6	2	
2115	10.5750	16	6	1	
2116	10.5800	16	6	1	
2117	10.5850	15	6	1	
2118	10.5900	15	6	1	
2119	10.5950	15	5	1	
2120	10.6000	15	5	1	
2121	10.6050	15	5	1	
2122	10.6100	15	5	1	
2123	10.6150	15	5	1	
2124	10.6200	15	5	1	
2125	10.6250	15	5	0	
2126	10.6300	14	5	0	
2127	10.6350	14	5	0	
2128	10.6400	14	4	0	
2129	10.6450	14	4	0	
2130	10.6500	14	4	0	
2131	10.6550	14	4	0	
2132	10.6600	14	4	0	
2133	10.6650	14	4	0	
2134	10.6700	14	4	-1	
2135	10.6750	14	4	-1	
2136	10.6800	14	4	-1	
2137	10.6850	13	3	-1	
2138	10.6900	13	3	-1	
2139	10.6950	13	3	-1	
2140	10.7000	13	3	-2	
2141	10.7050	13	3	-2	
2142	10.7100	12	3	-2	
2143	10.7150	12	2	-2	
2144	10.7200	12	2	-2	
2145	10.7250	12	2	-2	
2146	10.7300	12	2	-2	
2147	10.7350	12	2	-3	
2148	10.7400	12	2	-3	
2149	10.7450	12	2	-3	
2150	10.7500	12	1	-3	
2151	10.7550	11	1	-3	
2152	10.7600	11	1	-4	
2153	10.7650	11	1	-4	
2154	10.7700	11	1	-4	
2155	10.7750	10	0	-4	
2156	10.7800	10	0	-4	
2157	10.7850	10	0	-4	
2158	10.7900	10	0	-4	
2159	10.7950	10	0	-5	
2160	10.8000	10	0	-5	
2161	10.8050	10	0	-5	
2162	10.8100	10	-1	-5	
2163	10.8150	10	-1	-5	
2164	10.8200	9	-1	-5	
2165	10.8250	9	-1	-6	
2166	10.8300	9	-1	-6	
2167	10.8350	9	-1	-6	
2168	10.8400	9	-2	-6	
2169	10.8450	8	-2	-6	
2170	10.8500	8	-2	-6	
2171	10.8550	8	-2	-6	
2172	10.8600	8	-2	-6	
2173	10.8650	8	-2	-6	
2174	10.8700	8	-2	-7	
2175	10.8750	8	-2	-7	
2176	10.8800	8	-2	-7	
2177	10.8850	8	-2	-7	
2178	10.8900	8	-3	-7	
2179	10.8950	8	-3	-7	
2180	10.9000	8	-3	-7	
2181	10.9050	8	-3	-7	
2182	10.9100	7	-3	-8	
2183	10.9150	7	-3	-8	
2184	10.9200	7	-3	-8	
2185	10.9250	7	-3	-8	
2186	10.9300	7	-3	-8	
2187	10.9350	7	-3	-8	
2188	10.9400	7	-3	-8	
2189	10.9450	7	-3	-8	
2190	10.9500	7	-3	-8	
2191	10.9550	7	-4	-8	
2192	10.9600	7	-4	-8	
2193	10.9650	7	-4	-8	
2194	10.9700	7	-4	-8	
2195	10.9750	7	-4	-8	
2196	10.9800	7	-4	-8	
2197	10.9850	7	-4	-8	
2198	10.9900	7	-4	-8	
2199	10.9950	7	-3	-8	
2200	11.0000	7	-3	-8	
2201	11.0050	7	-3	-8	
2202	11.0100	7	-3	-8	
2203	11.0150	7	-3	-8	
2204	11.0200	7	-3	-8	
2205	11.0250	7	-3	-8	
2206	11.0300	7	-3	-8	
2207	11.0350	7	-3	-8	
2208	11.0400	8	-3	-8	
2209	11.0450	8	-3	-8	
2210	11.0500	8	-3	-8	
2211	11.0550	8	-3	-8	
2212	11.0600	8	-2	-8	
2213	11.0650	8	-2	-8	
2214	11.0700	8	-2	-7	
2215	11.0750	8	-2	-7	
2216	11.0800	8	-2	-7	
2217	11.0850	8	-2	-7	
2218	11.0900	8	-2	-7	
2219	11.0950	8	-2	-7	
2220	11.1000	8	-2	-7	
2221	11.1050	9	-2	-7	
2222	11.1100	9	-1	-6	
2223	11.1150	9	-1	-6	
2224	11.1200	9	-1	-6	
2225	11.1250	9	-1	-6	
2226	11.1300	10	-1	-6	
2227	11.1350	10	-1	-6	
2228	11.1400	10	0	-6	
2229	11.1450	10	0	-6	
2230	11.1500	10	0	-6	
2231	11.1550	10	0	-6	
2232	11.1600	10	0	-5	
2233	11.1650	10	0	-5	
2234	11.1700	10	0	-5	
2235	11.1750	11	1	-5	
2236	11.1800	11	1	-5	
2237	11.1850	11	1	-4	
2238	11.1900	11	1	-4	
2239	11.1950	11	1	-4	
2240	11.2000	12	2	-4	
2241	11.2050	12	2	-4	
2242	11.2100	12	2	-4	
2243	11.2150	12	2	-4	
2244	11.2200	12	2	-4	
2245	11.2250	12	2	-3	
2246	11.2300	12	2	-3	
2247	11.2350	12	3	-3	
2248	11.2400	13	3	-3	
2249	11.2450	13	3	-3	
2250	11.2500	13	3	-3	
2251	11.2550	13	3	-2	
2252	11.2600	13	3	-2	
2253	11.2650	14	4	-2	
2254	11.2700	14	4	-2	
2255	11.2750	14	4	-2	
2256	11.2800	14	4	-2	
2257	11.2850	14	4	-2	
2258	11.2900	14	4	-2	
2259	11.2950	14	4	-2	
2260	11.3000	14	4	-1	
2261	11.3050	14	4	-1	
2262	11.3100	14	5	-1	
2263	11.3150	14	5	-1	
2264	11.3200	15	5	-1	
2265	11.3250	15	5	-1	
2266	11.3300	15	5	-1	
2267	11.3350	15	5	0	
2268	11.3400	15	5	0	
2269	11.3450	15	5	0	
2270	11.3500	15	5	0	
2271	11.3550	15	5	0	
2272	11.3600	15	6	0	
2273	11.3650	16	6	0	
2274	11.3700	16	6	0	
2275	11.3750	16	6	0	
2276	11.3800	16	6	0	
2277	11.3850	16	6	0	
2278	11.3900	16	6	0	
2279	11.3950	16	6	0	
2280	11.4000	16	6	0	
2281	11.4050	16	6	0	
2282	11.4100	16	6	0	
2283	11.4150	16	6	0	
2284	11.4200	16	6	0	
2285	11.4250	16	6	0	
2286	11.4300	16	6	1	
2287	11.4350	16	6	1	
2288	11.4400	16	6	1	
2289	11.4450	16	6	1	
2290	11.4500	16	6	1	
2291	11.4550	16	6	1	
2292	11.4600	15	6	1	
2293	11.4650	15	6	1	
2294	11.4700	15	5	1	
2295	11.4750	15	5	1	
2296	11.4800	15	5	0	
2297	11.4850	15	5	0	
2298	11.4900	15	5	0	
2299	11.4950	15	5	0	
2300	11.5000	15	5	0	
2301	11.5050	14	5	0	
2302	11.5100	14	5	0	
2303	11.5150	14	4	0	
2304	11.5200	14	4	0	
2305	11.5250	14	4	0	
2306	11.5300	14	4	0	
2307	11.5350	14	4	0	
2308	11.5400	14	4	0	
2309	11.5450	14	4	0	
2310	11.5500	14	4	0	
2311	11.5550	14	4	0	
2312	11.5600	13	4	0	
2313	11.5650	13	3	0	
2314	11.5700	13	3	0	
2315	11.5750	13	3	-1	
2316	11.5800	13	3	-1	
2317	11.5850	12	3	-1	
2318	11.5900	12	2	-1	
2319	11.5950	12	2	-1	
2320	11.6000	12	2	-1	
2321	11.6050	12	2	-1	
2322	11.6100	12	2	-2	
2323	11.6150	12	2	-2	
2324	11.6200	12	2	-2	
2325	11.6250	12	2	-2	
2326	11.6300	11	1	-2	
2327	11.6350	11	1	-2	
2328	11.6400	11	1	-2	
2329	11.6450	11	1	-2	
2330	11.6500	10	1	-2	
2331	11.6550	10	0	-2	
2332	11.6600	10	0	-3	
2333	11.6650	10	0	-3	
2334	11.6700	10	0	-3	
2335	11.6750	10	0	-3	
2336	11.6800	10	0	-3	
2337	11.6850	10	0	-3	
2338	11.6900	10	0	-4	
2339	11.6950	9	0	-4	
2340	11.7000	9	-1	-4	
2341	11.7050	9	-1	-4	
2342	11.7100	9	-1	-4	
2343	11.7150	9	-1	-4	
2344	11.7200	8	-1	-4	
2345	11.7250	8	-1	-4	
2346	11.7300	8	-2	-4	
2347	11.7350	8	-2	-4	
2348	11.7400	8	-2	-5	
2349	11.7450	8	-2	-5	
2350	11.7500	8	-2	-5	
2351	11.7550	8	-2	-5	
2352	11.7600	8	-2	-5	
2353	11.7650	8	-2	-5	
2354	11.7700	8	-2	-5	
2355	11.7750	8	-2	-6	
2356	11.7800	8	-2	-6	
2357	11.7850	8	-2	-6	
2358	11.7900	7	-2	-6	
2359	11.7950	7	-2	-6	
2360	11.8000	7	-3	-6	
2361	11.8050	7	-3	-6	
2362	11.8100	7	-3	-6	
2363	11.8150	7	-3	-6	
2364	11.8200	7	-3	-6	
2365	11.8250	7	-3	-6	
2366	11.8300	7	-3	-6	
2367	11.8350	7	-3	-6	
2368	11.8400	7	-3	-7	
2369	11.8450	7	-3	-7	
2370	11.8500	7	-3	-7	
2371	11.8550	7	-3	-7	
2372	11.8600	7	-3	-7	
2373	11.8650	7	-3	-7	
2374	11.8700	7	-3	-7	
2375	11.8750	7	-3	-7	
2376	11.8800	7	-3	-7	
2377	11.8850	7	-3	-7	
2378	11.8900	7	-3	-7	
2379	11.8950	7	-3	-7	
2380	11.9000	7	-2	-7	
2381	11.9050	7	-2	-7	
2382	11.9100	7	-2	-7	
2383	11.9150	8	-2	-7	
2384	11.9200	8	-2	-7	
2385	11.9250	8	-2	-7	
2386	11.9300	8	-2	-7	
2387	11.9350	8	-2	-7	
2388	11.9400	8	-2	-7	
2389	11.9450	8	-2	-7	
2390	11.9500	8	-2	-7	
2391	11.9550	8	-2	-7	
2392	11.9600	8	-2	-7	
2393	11.9650	8	-2	-7	
2394	11.9700	8	-1	-7	
2395	11.9750	8	-1	-7	
2396	11.9800	8	-1	-7	
2397	11.9850	9	-1	-7	
2398	11.9900	9	-1	-7	
2399	11.9950	9	-1	-7	
2400	12.0000	9	0	-6	
2401	12.0050	10	0	-6	
2402	12.0100	10	0	-6	
2403	12.0150	10	0	-6	
2404	12.0200	10	0	-6	
2405	12.0250	10	0	-6	
2406	12.0300	10	0	-6	
2407	12.0350	10	0	-6	
2408	12.0400	10	0	-6	
2409	12.0450	10	1	-6	
2410	12.0500	10	1	-6	
2411	12.0550	11	1	-6	
2412	12.0600	11	1	-6	
2413	12.0650	11	1	-5	
2414	12.0700	11	1	-5	
2415	12.0750	12	2	-5	
2416	12.0800	12	2	-5	
2417	12.0850	12	2	-5	
2418	12.0900	12	2	-5	
2419	12.0950	12	2	-5	
2420	12.1000	12	2	-4	
2421	12.1050	12	2	-4	
2422	12.1100	12	2	-4	
2423	12.1150	12	3	-4	
2424	12.1200	13	3	-4	
2425	12.1250	13	3	-4	
2426	12.1300	13	3	-4	
2427	12.1350	13	3	-4	
2428	12.1400	14	3	-4	
2429	12.1450	14	3	-4	
2430	12.1500	14	4	-3	
2431	12.1550	14	4	-3	
2432	12.1600	14	4	-3	
2433	12.1650	14	4	-3	
2434	12.1700	14	4	-3	
2435	12.1750	14	4	-3	
2436	12.1800	14	4	-2	
2437	12.1850	14	4	-2	
2438	12.1900	14	4	-2	
2439	12.1950	14	4	-2	
2440	12.2000	15	4	-2	
2441	12.2050	15	4	-2	
2442	12.2100	15	5	-2	
2443	12.2150	15	5	-2	
2444	12.2200	15	5	-2	
2445	12.2250	15	5	-2	
2446	12.2300	15	5	-2	
2447	12.2350	15	5	-1	
2448	12.2400	15	5	-1	
2449	12.2450	16	5	-1	
2450	12.2500	16	5	-1	
2451	12.2550	16	5	-1	
2452	12.2600	16	5	-1	
2453	12.2650	16	5	-1	
2454	12.2700	16	5	-1	
2455	12.2750	16	5	0	
2456	12.2800	16	5	0	
2457	12.2850	16	5	0	
2458	12.2900	16	5	0	
2459	12.2950	16	5	0	
2460	12.3000	16	5	0	
2461	12.3050	16	5	0	
2462	12.3100	16	5	0	
2463	12.3150	16	5	0	
2464	12.3200	16	5	0	
2465	12.3250	16	5	0	
2466	12.3300	16	5	0	
2467	12.3350	16	5	0	
2468	12.3400	15	5	0	
2469	12.3450	15	5	0	
2470	12.3500	15	4	0	
2471	12.3550	15	4	0	
2472	12.3600	15	4	0	
2473	12.3650	15	4	0	
2474	12.3700	15	4	0	
2475	12.3750	15	4	0	
2476	12.3800	15	4	0	
2477	12.3850	14	4	0	
2478	12.3900	14	4	0	
2479	12.3950	14	4	0	
2480	12.4000	14	4	0	
2481	12.4050	14	4	0	
2482	12.4100	14	4	0	
2483	12.4150	14	3	0	
2484	12.4200	14	3	0	
2485	12.4250	14	3	0	
2486	12.4300	14	3	0	
2487	12.4350	14	3	0	
2488	12.4400	13	3	0	
2489	12.4450	13	2	0	
2490	12.4500	13	2	0	
2491	12.4550	13	2	0	
2492	12.4600	13	2	0	
2493	12.4650	12	2	0	
2494	12.4700	12	2	-1	
2495	12.4750	12	2	-1	
2496	12.4800	12	2	-1	
2497	12.4850	12	2	-1	
2498	12.4900	12	1	-1	
2499	12.4950	12	1	-1	
2500	12.5000	12	1	-1	
2501	12.5050	11	1	-1	
2502	12.5100	11	1	-2	
2503	12.5150	11	1	-2	
2504	12.5200	11	0	-2	
2505	12.5250	11	0	-2	
2506	12.5300	10	0	-2	
2507	12.5350	10	0	-2	
2508	12.5400	10	0	-2	
2509	12.5450	10	0	-2	
2510	12.5500	10	0	-2	
2511	12.5550	10	0	-2	
2512	12.5600	10	0	-3	
2513	12.5650	10	-1	-3	
2514	12.5700	10	-1	-3	
2515	12.5750	9	-1	-3	
2516	12.5800	9	-1	-3	
2517	12.5850	9	-1	-3	
2518	12.5900	9	-1	-4	
2519	12.5950	9	-1	-4	
2520	12.6000	8	-2	-4	
2521	12.6050	8	-2	-4	
2522	12.6100	8	-2	-4	
2523	12.6150	8	-2	-4	
2524	12.6200	8	-2	-4	
2525	12.6250	8	-2	-4	
2526	12.6300	8	-2	-5	
2527	12.6350	8	-2	-5	
2528	12.6400	8	-2	-5	
2529	12.6450	8	-2	-5	
2530	12.6500	8	-2	-5	
2531	12.6550	8	-2	-5	
2532	12.6600	8	-2	-6	
2533	12.6650	7	-2	-6	
2534	12.6700	7	-2	-6	
2535	12.6750	7	-2	-6	
2536	12.6800	7	-2	-6	
2537	12.6850	7	-2	-6	
2538	12.6900	7	-2	-6	
2539	12.6950	7	-3	-6	
2540	12.7000	7	-3	-6	
2541	12.7050	7	-3	-6	
2542	12.7100	7	-3	-6	
2543	12.7150	7	-3	-7	
2544	12.7200	7	-3	-7	
2545	12.7250	7	-3	-7	
2546	12.7300	7	-3	-7	
2547	12.7350	7	-3	-7	
2548	12.7400	7	-3	-7	
2549	12.7450	7	-2	-7	
2550	12.7500	7	-2	-7	
2551	12.7550	7	-2	-7	
2552	12.7600	7	-2	-8	
2553	12.7650	7	-2	-8	
2554	12.7700	7	-2	-8	
2555	12.7750	7	-2	-8	
2556	12.7800	7	-2	-8	
2557	12.7850	7	-2	-8	
2558	12.7900	7	-2	-8	
2559	12.7950	8	-2	-8	
2560	12.8000	8	-2	-8	
2561	12.8050	8	-2	-8	
2562	12.8100	8	-2	-8	
2563	12.8150	8	-2	-8	
2564	12.8200	8	-2	-8	
2565	12.8250	8	-2	-8	
2566	12.8300	8	-2	-8	
2567	12.8350	8	-1	-8	
2568	12.8400	8	-1	-8	
2569	12.8450	8	-1	-8	
2570	12.8500	8	-1	-8	
2571	12.8550	8	-1	-8	
2572	12.8600	9	-1	-8	
2573	12.8650	9	-1	-8	
2574	12.8700	9	0	-8	
2575	12.8750	9	0	-8	
2576	12.8800	9	0	-8	
2577	12.8850	10	0	-8	
2578	12.8900	10	0	-7	
2579	12.8950	10	0	-7	
2580	12.9000	10	0	-7	
2581	12.9050	10	0	-7	
2582	12.9100	10	0	-7	
2583	12.9150	10	1	-7	
2584	12.9200	10	1	-7	
2585	12.9250	10	1	-7	
2586	12.9300	11	1	-7	
2587	12.9350	11	1	-6	
2588	12.9400	11	1	-6	
2589	12.9450	11	2	-6	
2590	12.9500	11	2	-6	
2591	12.9550	12	2	-6	
2592	12.9600	12	2	-6	
2593	12.9650	12	2	-6	
2594	12.9700	12	2	-6	
2595	12.9750	12	2	-6	
2596	12.9800	12	2	-6	
2597	12.9850	12	2	-5	
2598	12.9900	12	3	-5	
2599	12.9950	13	3	-5	
2600	13.0000	13	3	-5	
2601	13.0050	13	3	-5	
2602	13.0100	13	3	-4	
2603	13.0150	13	3	-4	
2604	13.0200	14	3	-4	
2605	13.0250	14	4	-4	
2606	13.0300	14	4	-4	
2607	13.0350	14	4	-4	
2608	13.0400	14	4	-4	
2609	13.0450	14	4	-4	
2610	13.0500	14	4	-3	
2611	13.0550	14	4	-3	
2612	13.0600	14	4	-3	
2613	13.0650	14	4	-3	
2614	13.0700	14	4	-2	
2615	13.0750	14	4	-2	
2616	13.0800	15	4	-2	
2617	13.0850	15	4	-2	
2618	13.0900	15	5	-2	
2619	13.0950	15	5	-2	
2620	13.1000	15	5	-2	
2621	13.1050	15	5	-2	
2622	13.1100	15	5	-1	
2623	13.1150	15	5	-1	
2624	13.1200	16	5	-1	
2625	13.1250	16	5	-1	
2626	13.1300	16	5	-1	
2627	13.1350	16	5	-1	
2628	13.1400	16	5	0	
2629	13.1450	16	5	0	
2630	13.1500	16	5	0	
2631	13.1550	16	5	0	
2632	13.1600	16	5	0	
2633	13.1650	16	5	0	
2634	13.1700	16	5	0	
2635	13.1750	16	5	0	
2636	13.1800	16	5	0	
2637	13.1850	16	5	0	
2638	13.1900	16	5	1	
2639	13.1950	16	5	1	
2640	13.2000	16	5	1	
2641	13.2050	16	5	1	
2642	13.2100	16	5	1	
2643	13.2150	16	5	1	
2644	13.2200	15	5	1	
2645	13.2250	15	5	1	
2646	13.2300	15	4	1	
2647	13.2350	15	4	1	
2648	13.2400	15	4	1	
2649	13.2450	15	4	2	
2650	13.2500	15	4	2	
2651	13.2550	15	4	2	
2652	13.2600	15	4	2	
2653	13.2650	14	4	2	
2654	13.2700	14	4	2	
2655	13.2750	14	4	2	
2656	13.2800	14	4	2	
2657	13.2850	14	4	2	
2658	13.2900	14	4	2	
2659	13.2950	14	4	2	
2660	13.3000	14	3	2	
2661	13.3050	14	3	2	
2662	13.3100	14	3	1	
2663	13.3150	14	3	1	
2664	13.3200	13	3	1	
2665	13.3250	13	3	1	
2666	13.3300	13	3	1	
2667	13.3350	13	2	1	
2668	13.3400	13	2	1	
2669	13.3450	12	2	1	
2670	13.3500	12	2	1	
2671	13.3550	12	2	1	
2672	13.3600	12	2	1	
2673	13.3650	12	2	0	
2674	13.3700	12	2	0	
2675	13.3750	12	2	0	
2676	13.3800	12	2	0	
2677	13.3850	11	1	0	
2678	13.3900	11	1	0	
2679	13.3950	11	1	0	
2680	13.4000	11	1	0	
2681	13.4050	11	1	0	
2682	13.4100	10	1	-1	
2683	13.4150	10	0	-1	
2684	13.4200	10	0	-1	
2685	13.4250	10	0	-1	
2686	13.4300	10	0	-1	
2687	13.4350	10	0	-2	
2688	13.4400	10	0	-2	
2689	13.4450	10	0	-2	
2690	13.4500	10	0	-2	
2691	13.4550	9	0	-2	
2692	13.4600	9	0	-2	
2693	13.4650	9	-1	-2	
2694	13.4700	9	-1	-2	
2695	13.4750	9	-1	-3	
2696	13.4800	8	-1	-3	
2697	13.4850	8	-1	-3	
2698	13.4900	8	-1	-3	
2699	13.4950	8	-1	-4	
2700	13.5000	8	-1	-4	
2701	13.5050	8	-1	-4	
2702	13.5100	8	-2	-4	
2703	13.5150	8	-2	-4	
2704	13.5200	8	-2	-4	
2705	13.5250	8	-2	-5	
2706	13.5300	8	-2	-5	
2707	13.5350	8	-2	-5	
2708	13.5400	8	-2	-5	
2709	13.5450	7	-2	-5	
2710	13.5500	7	-2	-6	
2711	13.5550	7	-2	-6	
2712	13.5600	7	-2	-6	
2713	13.5650	7	-2	-6	
2714	13.5700	7	-2	-6	
2715	13.5750	7	-2	-6	
2716	13.5800	7	-2	-6	
2717	13.5850	7	-2	-7	
2718	13.5900	7	-2	-7	
2719	13.5950	7	-2	-7	
2720	13.6000	7	-2	-7	
