#	time(s)	count A	count B	count C	count D
1	0.0050	8	-4	-3	
2	0.0100	7	-4	-2	
3	0.0150	7	-4	-2	
4	0.0200	7	-5	-2	
5	0.0250	7	-5	-1	
6	0.0300	7	-6	0	
7	0.0350	7	-6	0	
8	0.0400	7	-7	0	
9	0.0450	7	-7	1	
10	0.0500	7	-8	1	
11	0.0550	7	-8	2	
12	0.0600	7	-8	2	
13	0.0650	7	-8	3	
14	0.0700	7	-9	3	
15	0.0750	7	-9	4	
16	0.0800	7	-10	4	
17	0.0850	7	-10	4	
18	0.0900	7	-10	5	
19	0.0950	7	-10	5	
20	0.1000	7	-11	5	
21	0.1050	7	-11	6	
22	0.1100	7	-11	6	
23	0.1150	7	-11	6	
24	0.1200	7	-12	7	
25	0.1250	7	-12	7	
26	0.1300	7	-12	7	
27	0.1350	8	-12	8	
28	0.1400	8	-12	8	
29	0.1450	8	-12	8	
30	0.1500	8	-12	8	
31	0.1550	8	-12	8	
32	0.1600	8	-12	8	
33	0.1650	8	-12	9	
34	0.1700	8	-12	9	
35	0.1750	8	-12	9	
36	0.1800	8	-12	9	
37	0.1850	8	-12	9	
38	0.1900	8	-12	9	
39	0.1950	8	-12	9	
40	0.2000	9	-12	9	
41	0.2050	9	-12	9	
42	0.2100	9	-12	9	
43	0.2150	9	-11	9	
44	0.2200	10	-11	9	
45	0.2250	10	-11	9	
46	0.2300	10	-11	9	
47	0.2350	10	-10	9	
48	0.2400	10	-10	9	
49	0.2450	10	-10	9	
50	0.2500	10	-10	9	
51	0.2550	10	-9	8	
52	0.2600	10	-9	8	
53	0.2650	11	-9	8	
54	0.2700	11	-8	8	
55	0.2750	11	-8	8	
56	0.2800	11	-8	8	
57	0.2850	12	-7	7	
58	0.2900	12	-7	7	
59	0.2950	12	-6	7	
60	0.3000	12	-6	6	
61	0.3050	12	-6	6	
62	0.3100	12	-5	6	
63	0.3150	12	-4	5	
64	0.3200	12	-4	5	
65	0.3250	13	-4	5	
66	0.3300	13	-3	4	
67	0.3350	13	-2	4	
68	0.3400	13	-2	4	
69	0.3450	14	-2	3	
70	0.3500	14	-1	3	
71	0.3550	14	0	2	
72	0.3600	14	0	2	
73	0.3650	14	0	1	
74	0.3700	14	1	1	
75	0.3750	14	2	0	
76	0.3800	14	2	0	
77	0.3850	14	2	0	
78	0.3900	14	3	-1	
79	0.3950	14	4	-2	
80	0.4000	15	4	-2	
81	0.4050	15	5	-2	
82	0.4100	15	5	-3	
83	0.4150	15	6	-3	
84	0.4200	15	6	-4	
85	0.4250	15	6	-4	
86	0.4300	15	7	-5	
87	0.4350	15	8	-5	
88	0.4400	15	8	-6	
89	0.4450	16	8	-6	
90	0.4500	16	9	-7	
91	0.4550	16	9	-7	
92	0.4600	16	10	-8	
93	0.4650	16	10	-8	
94	0.4700	16	10	-8	
95	0.4750	16	11	-9	
96	0.4800	16	11	-9	
97	0.4850	16	12	-10	
98	0.4900	16	12	-10	
99	0.4950	16	12	-10	
100	0.5000	16	12	-11	
101	0.5050	16	13	-11	
102	0.5100	16	13	-12	
103	0.5150	16	13	-12	
104	0.5200	16	14	-12	
105	0.5250	15	14	-13	
106	0.5300	15	14	-13	
107	0.5350	15	14	-13	
108	0.5400	15	14	-14	
109	0.5450	15	14	-14	
110	0.5500	15	14	-14	
111	0.5550	15	15	-14	
112	0.5600	15	15	-14	
113	0.5650	15	15	-15	
114	0.5700	14	15	-15	
115	0.5750	14	15	-15	
116	0.5800	14	15	-15	
117	0.5850	14	15	-16	
118	0.5900	14	15	-16	
119	0.5950	14	15	-16	
120	0.6000	14	15	-16	
121	0.6050	14	14	-16	
122	0.6100	14	14	-16	
123	0.6150	14	14	-16	
124	0.6200	14	14	-16	
125	0.6250	13	14	-16	
126	0.6300	13	14	-16	
127	0.6350	13	14	-16	
128	0.6400	13	13	-16	
129	0.6450	12	13	-16	
130	0.6500	12	13	-16	
131	0.6550	12	12	-16	
132	0.6600	12	12	-16	
133	0.6650	12	12	-16	
134	0.6700	12	12	-15	
135	0.6750	12	11	-15	
136	0.6800	12	11	-15	
137	0.6850	11	10	-15	
138	0.6900	11	10	-14	
139	0.6950	11	10	-14	
140	0.7000	11	9	-14	
141	0.7050	10	9	-14	
142	0.7100	10	8	-14	
143	0.7150	10	8	-13	
144	0.7200	10	8	-13	
145	0.7250	10	7	-12	
146	0.7300	10	6	-12	
147	0.7350	10	6	-12	
148	0.7400	10	6	-12	
149	0.7450	10	5	-11	
150	0.7500	9	5	-11	
151	0.7550	9	4	-10	
152	0.7600	9	4	-10	
153	0.7650	9	3	-10	
154	0.7700	8	2	-9	
155	0.7750	8	2	-9	
156	0.7800	8	2	-8	
157	0.7850	8	1	-8	
158	0.7900	8	0	-7	
159	0.7950	8	0	-7	
160	0.8000	8	-1	-6	
161	0.8050	8	-1	-6	
162	0.8100	8	-2	-6	
163	0.8150	8	-2	-5	
164	0.8200	8	-3	-4	
165	0.8250	8	-3	-4	
166	0.8300	8	-4	-4	
167	0.8350	7	-4	-3	
168	0.8400	7	-5	-2	
169	0.8450	7	-5	-2	
170	0.8500	7	-6	-2	
171	0.8550	7	-6	-1	
172	0.8600	7	-7	-1	
173	0.8650	7	-7	0	
174	0.8700	7	-8	0	
175	0.8750	7	-8	1	
176	0.8800	7	-8	1	
177	0.8850	7	-9	2	
178	0.8900	7	-9	2	
179	0.8950	7	-10	2	
180	0.9000	7	-10	3	
181	0.9050	7	-10	3	
182	0.9100	7	-10	4	
183	0.9150	7	-11	4	
184	0.9200	7	-11	4	
185	0.9250	7	-11	5	
186	0.9300	7	-12	5	
187	0.9350	7	-12	6	
188	0.9400	7	-12	6	
189	0.9450	7	-12	6	
190	0.9500	7	-12	6	
191	0.9550	7	-12	7	
192	0.9600	8	-13	7	
193	0.9650	8	-13	7	
194	0.9700	8	-13	8	
195	0.9750	8	-13	8	
196	0.9800	8	-13	8	
197	0.9850	8	-13	8	
198	0.9900	8	-13	8	
199	0.9950	8	-13	8	
200	1.0000	8	-13	9	
201	1.0050	8	-13	9	
202	1.0100	8	-13	9	
203	1.0150	8	-13	9	
204	1.0200	9	-13	9	
205	1.0250	9	-13	9	
206	1.0300	9	-13	9	
207	1.0350	9	-12	9	
208	1.0400	9	-12	9	
209	1.0450	10	-12	9	
210	1.0500	10	-12	9	
211	1.0550	10	-12	9	
212	1.0600	10	-11	9	
213	1.0650	10	-11	9	
214	1.0700	10	-11	9	
215	1.0750	10	-10	9	
216	1.0800	10	-10	9	
217	1.0850	11	-10	8	
218	1.0900	11	-10	8	
219	1.0950	11	-9	8	
220	1.1000	11	-9	8	
221	1.1050	11	-8	8	
222	1.1100	12	-8	8	
223	1.1150	12	-8	7	
224	1.1200	12	-7	7	
225	1.1250	12	-7	7	
226	1.1300	12	-6	6	
227	1.1350	12	-6	6	
228	1.1400	12	-5	6	
229	1.1450	12	-5	5	
230	1.1500	13	-4	5	
231	1.1550	13	-4	5	
232	1.1600	13	-3	4	
233	1.1650	13	-3	4	
234	1.1700	14	-2	4	
235	1.1750	14	-2	3	
236	1.1800	14	-1	3	
237	1.1850	14	-1	2	
238	1.1900	14	0	2	
239	1.1950	14	0	2	
240	1.2000	14	1	1	
241	1.2050	14	2	0	
242	1.2100	14	2	0	
243	1.2150	14	2	0	
244	1.2200	14	3	-1	
245	1.2250	15	4	-2	
246	1.2300	15	4	-2	
247	1.2350	15	5	-2	
248	1.2400	15	5	-3	
249	1.2450	15	6	-3	
250	1.2500	15	6	-4	
251	1.2550	15	7	-4	
252	1.2600	15	7	-5	
253	1.2650	15	8	-5	
254	1.2700	16	8	-6	
255	1.2750	16	8	-6	
256	1.2800	16	9	-7	
257	1.2850	16	10	-7	
258	1.2900	16	10	-8	
259	1.2950	16	10	-8	
260	1.3000	16	11	-8	
261	1.3050	16	11	-9	
262	1.3100	16	12	-9	
263	1.3150	16	12	-10	
264	1.3200	16	12	-10	
265	1.3250	16	12	-11	
266	1.3300	16	13	-11	
267	1.3350	16	13	-11	
268	1.3400	16	13	-12	
269	1.3450	16	14	-12	
270	1.3500	15	14	-12	
271	1.3550	15	14	-13	
272	1.3600	15	14	-13	
273	1.3650	15	14	-14	
274	1.3700	15	14	-14	
275	1.3750	15	15	-14	
276	1.3800	15	15	-14	
277	1.3850	15	15	-14	
278	1.3900	15	15	-15	
279	1.3950	14	15	-15	
280	1.4000	14	15	-15	
281	1.4050	14	15	-16	
282	1.4100	14	15	-16	
283	1.4150	14	15	-16	
284	1.4200	14	15	-16	
285	1.4250	14	15	-16	
286	1.4300	14	15	-16	
287	1.4350	14	15	-16	
288	1.4400	14	15	-16	
289	1.4450	14	14	-16	
290	1.4500	13	14	-16	
291	1.4550	13	14	-16	
292	1.4600	13	14	-16	
293	1.4650	13	14	-16	
294	1.4700	12	14	-16	
295	1.4750	12	13	-16	
296	1.4800	12	13	-16	
297	1.4850	12	13	-16	
298	1.4900	12	12	-16	
299	1.4950	12	12	-16	
300	1.5000	12	12	-16	
301	1.5050	12	11	-16	
302	1.5100	11	11	-15	
303	1.5150	11	10	-15	
304	1.5200	11	10	-15	
305	1.5250	11	10	-15	
306	1.5300	10	9	-14	
307	1.5350	10	9	-14	
308	1.5400	10	8	-14	
309	1.5450	10	8	-14	
310	1.5500	10	8	-13	
311	1.5550	10	7	-13	
312	1.5600	10	6	-13	
313	1.5650	10	6	-12	
314	1.5700	10	6	-12	
315	1.5750	9	5	-12	
316	1.5800	9	4	-11	
317	1.5850	9	4	-11	
318	1.5900	9	4	-10	
319	1.5950	8	3	-10	
320	1.6000	8	2	-10	
321	1.6050	8	2	-9	
322	1.6100	8	1	-9	
323	1.6150	8	1	-8	
324	1.6200	8	0	-8	
325	1.6250	8	0	-7	
326	1.6300	8	-1	-7	
327	1.6350	8	-2	-6	
328	1.6400	8	-2	-6	
329	1.6450	8	-2	-5	
330	1.6500	8	-3	-5	
331	1.6550	8	-4	-4	
332	1.6600	7	-4	-4	
333	1.6650	7	-4	-4	
334	1.6700	7	-5	-3	
335	1.6750	7	-6	-2	
336	1.6800	7	-6	-2	
337	1.6850	7	-6	-2	
338	1.6900	7	-7	-1	
339	1.6950	7	-7	0	
340	1.7000	7	-8	0	
341	1.7050	7	-8	0	
342	1.7100	7	-8	1	
343	1.7150	7	-9	1	
344	1.7200	7	-9	2	
345	1.7250	7	-10	2	
346	1.7300	7	-10	3	
347	1.7350	7	-10	3	
348	1.7400	7	-11	4	
349	1.7450	7	-11	4	
350	1.7500	7	-11	4	
351	1.7550	7	-12	5	
352	1.7600	7	-12	5	
353	1.7650	7	-12	6	
354	1.7700	7	-12	6	
355	1.7750	7	-12	6	
356	1.7800	7	-12	6	
357	1.7850	8	-12	7	
358	1.7900	8	-13	7	
359	1.7950	8	-13	7	
360	1.8000	8	-13	8	
361	1.8050	8	-13	8	
362	1.8100	8	-13	8	
363	1.8150	8	-13	8	
364	1.8200	8	-13	8	
365	1.8250	8	-13	9	
366	1.8300	8	-13	9	
367	1.8350	8	-13	9	
368	1.8400	8	-13	9	
369	1.8450	9	-13	9	
370	1.8500	9	-13	9	
371	1.8550	9	-12	10	
372	1.8600	9	-12	10	
373	1.8650	9	-12	10	
374	1.8700	10	-12	10	
375	1.8750	10	-12	10	
376	1.8800	10	-12	10	
377	1.8850	10	-11	10	
378	1.8900	10	-11	10	
379	1.8950	10	-11	10	
380	1.9000	10	-10	9	
381	1.9050	10	-10	9	
382	1.9100	10	-10	9	
383	1.9150	11	-9	9	
384	1.9200	11	-9	9	
385	1.9250	11	-9	9	
386	1.9300	11	-8	8	
387	1.9350	12	-8	8	
388	1.9400	12	-7	8	
389	1.9450	12	-7	8	
390	1.9500	12	-6	8	
391	1.9550	12	-6	7	
392	1.9600	12	-6	7	
393	1.9650	12	-5	7	
394	1.9700	12	-5	6	
395	1.9750	13	-4	6	
396	1.9800	13	-4	6	
397	1.9850	13	-3	5	
398	1.9900	13	-2	5	
399	1.9950	14	-2	4	
400	2.0000	14	-2	4	
401	2.0050	14	-1	4	
402	2.0100	14	0	3	
403	2.0150	14	0	3	
404	2.0200	14	1	2	
405	2.0250	14	1	2	
406	2.0300	14	2	2	
407	2.0350	14	2	1	
408	2.0400	14	3	1	
409	2.0450	14	3	0	
410	2.0500	15	4	0	
411	2.0550	15	4	-1	
412	2.0600	15	5	-1	
413	2.0650	15	6	-2	
414	2.0700	15	6	-2	
415	2.0750	15	6	-3	
416	2.0800	15	7	-3	
417	2.0850	15	7	-4	
418	2.0900	15	8	-4	
419	2.0950	16	8	-5	
420	2.1000	16	9	-5	
421	2.1050	16	9	-6	
422	2.1100	16	10	-6	
423	2.1150	16	10	-7	
424	2.1200	16	10	-7	
425	2.1250	16	11	-8	
426	2.1300	16	11	-8	
427	2.1350	16	12	-8	
428	2.1400	16	12	-9	
429	2.1450	16	12	-9	
430	2.1500	16	13	-10	
431	2.1550	16	13	-10	
432	2.1600	16	13	-11	
433	2.1650	16	14	-11	
434	2.1700	16	14	-12	
435	2.1750	15	14	-12	
436	2.1800	15	14	-12	
437	2.1850	15	14	-12	
438	2.1900	15	14	-13	
439	2.1950	15	15	-13	
440	2.2000	15	15	-14	
441	2.2050	15	15	-14	
442	2.2100	15	15	-14	
443	2.2150	15	15	-14	
444	2.2200	14	15	-15	
445	2.2250	14	15	-15	
446	2.2300	14	15	-15	
447	2.2350	14	15	-15	
448	2.2400	14	15	-16	
449	2.2450	14	15	-16	
450	2.2500	14	15	-16	
451	2.2550	14	15	-16	
452	2.2600	14	15	-16	
453	2.2650	14	15	-16	
454	2.2700	14	15	-16	
455	2.2750	13	14	-16	
456	2.2800	13	14	-16	
457	2.2850	13	14	-16	
458	2.2900	13	14	-16	
459	2.2950	12	14	-16	
460	2.3000	12	13	-16	
461	2.3050	12	13	-16	
462	2.3100	12	13	-16	
463	2.3150	12	12	-16	
464	2.3200	12	12	-16	
465	2.3250	12	12	-16	
466	2.3300	12	11	-16	
467	2.3350	11	11	-16	
468	2.3400	11	10	-16	
469	2.3450	11	10	-16	
470	2.3500	11	10	-15	
471	2.3550	10	9	-15	
472	2.3600	10	9	-15	
473	2.3650	10	8	-14	
474	2.3700	10	8	-14	
475	2.3750	10	7	-14	
476	2.3800	10	7	-14	
477	2.3850	10	6	-13	
478	2.3900	10	6	-13	
479	2.3950	10	5	-13	
480	2.4000	9	5	-12	
481	2.4050	9	4	-12	
482	2.4100	9	4	-12	
483	2.4150	9	3	-11	
484	2.4200	8	3	-11	
485	2.4250	8	2	-10	
486	2.4300	8	2	-10	
487	2.4350	8	1	-10	
488	2.4400	8	0	-9	
489	2.4450	8	0	-9	
490	2.4500	8	0	-8	
491	2.4550	8	-1	-8	
492	2.4600	8	-2	-7	
493	2.4650	8	-2	-7	
494	2.4700	8	-3	-6	
495	2.4750	8	-3	-6	
496	2.4800	8	-4	-5	
497	2.4850	7	-4	-5	
498	2.4900	7	-5	-4	
499	2.4950	7	-5	-4	
500	2.5000	7	-6	-3	
501	2.5050	7	-6	-3	
502	2.5100	7	-7	-2	
503	2.5150	7	-7	-2	
504	2.5200	7	-8	-2	
505	2.5250	7	-8	-1	
506	2.5300	7	-8	0	
507	2.5350	7	-9	0	
508	2.5400	7	-9	0	
509	2.5450	7	-10	1	
510	2.5500	7	-10	1	
511	2.5550	7	-10	2	
512	2.5600	7	-11	2	
513	2.5650	7	-11	3	
514	2.5700	7	-11	3	
515	2.5750	7	-12	4	
516	2.5800	7	-12	4	
517	2.5850	7	-12	4	
518	2.5900	7	-12	5	
519	2.5950	7	-12	5	
520	2.6000	7	-13	6	
521	2.6050	7	-13	6	
522	2.6100	8	-13	6	
523	2.6150	8	-13	6	
524	2.6200	8	-13	7	
525	2.6250	8	-13	7	
526	2.6300	8	-14	7	
527	2.6350	8	-14	8	
528	2.6400	8	-14	8	
529	2.6450	8	-14	8	
530	2.6500	8	-14	8	
531	2.6550	8	-14	8	
532	2.6600	8	-13	9	
533	2.6650	8	-13	9	
534	2.6700	8	-13	9	
535	2.6750	9	-13	9	
536	2.6800	9	-13	9	
537	2.6850	9	-13	9	
538	2.6900	9	-13	9	
539	2.6950	10	-12	9	
540	2.7000	10	-12	10	
541	2.7050	10	-12	10	
542	2.7100	10	-12	10	
543	2.7150	10	-11	10	
544	2.7200	10	-11	9	
545	2.7250	10	-11	9	
546	2.7300	10	-10	9	
547	2.7350	10	-10	9	
548	2.7400	11	-10	9	
549	2.7450	11	-9	9	
550	2.7500	11	-9	9	
551	2.7550	11	-8	8	
552	2.7600	12	-8	8	
553	2.7650	12	-8	8	
554	2.7700	12	-7	8	
555	2.7750	12	-7	8	
556	2.7800	12	-6	8	
557	2.7850	12	-6	7	
558	2.7900	12	-5	7	
559	2.7950	12	-5	7	
560	2.8000	13	-4	6	
561	2.8050	13	-4	6	
562	2.8100	13	-3	6	
563	2.8150	13	-3	5	
564	2.8200	14	-2	5	
565	2.8250	14	-2	4	
566	2.8300	14	-1	4	
567	2.8350	14	0	4	
568	2.8400	14	0	3	
569	2.8450	14	0	3	
570	2.8500	14	1	2	
571	2.8550	14	2	2	
572	2.8600	14	2	2	
573	2.8650	14	3	1	
574	2.8700	14	3	1	
575	2.8750	14	4	0	
576	2.8800	15	4	0	
577	2.8850	15	5	-1	
578	2.8900	15	6	-1	
579	2.8950	15	6	-2	
580	2.9000	15	6	-2	
581	2.9050	15	7	-3	
582	2.9100	15	8	-3	
583	2.9150	15	8	-4	
584	2.9200	16	8	-4	
585	2.9250	16	9	-5	
586	2.9300	16	10	-5	
587	2.9350	16	10	-6	
588	2.9400	16	10	-6	
589	2.9450	16	11	-7	
590	2.9500	16	11	-7	
591	2.9550	16	12	-8	
592	2.9600	16	12	-8	
593	2.9650	16	12	-8	
594	2.9700	16	13	-9	
595	2.9750	16	13	-10	
596	2.9800	16	13	-10	
597	2.9850	16	14	-10	
598	2.9900	16	14	-11	
599	2.9950	16	14	-11	
600	3.0000	15	14	-12	
601	3.0050	15	15	-12	
602	3.0100	15	15	-12	
603	3.0150	15	15	-13	
604	3.0200	15	15	-13	
605	3.0250	15	15	-13	
606	3.0300	15	16	-14	
607	3.0350	15	16	-14	
608	3.0400	15	16	-14	
609	3.0450	14	16	-14	
610	3.0500	14	16	-15	
611	3.0550	14	16	-15	
612	3.0600	14	16	-15	
613	3.0650	14	16	-16	
614	3.0700	14	16	-16	
615	3.0750	14	16	-16	
616	3.0800	14	16	-16	
617	3.0850	14	15	-16	
618	3.0900	14	15	-16	
619	3.0950	14	15	-16	
620	3.1000	13	15	-16	
621	3.1050	13	15	-16	
622	3.1100	13	14	-16	
623	3.1150	13	14	-16	
624	3.1200	12	14	-16	
625	3.1250	12	14	-16	
626	3.1300	12	14	-16	
627	3.1350	12	13	-16	
628	3.1400	12	13	-16	
629	3.1450	12	12	-16	
630	3.1500	12	12	-16	
631	3.1550	12	12	-16	
632	3.1600	11	11	-16	
633	3.1650	11	11	-16	
634	3.1700	11	10	-16	
635	3.1750	11	10	-16	
636	3.1800	10	10	-15	
637	3.1850	10	9	-15	
638	3.1900	10	9	-15	
639	3.1950	10	8	-15	
640	3.2000	10	8	-14	
641	3.2050	10	7	-14	
642	3.2100	10	7	-14	
643	3.2150	10	6	-14	
644	3.2200	10	6	-13	
645	3.2250	9	5	-13	
646	3.2300	9	5	-12	
647	3.2350	9	4	-12	
648	3.2400	9	4	-12	
649	3.2450	9	3	-11	
650	3.2500	8	2	-11	
651	3.2550	8	2	-10	
652	3.2600	8	1	-10	
653	3.2650	8	1	-10	
654	3.2700	8	0	-9	
655	3.2750	8	0	-9	
656	3.2800	8	-1	-8	
657	3.2850	8	-2	-8	
658	3.2900	8	-2	-7	
659	3.2950	8	-2	-7	
660	3.3000	8	-3	-6	
661	3.3050	8	-4	-6	
662	3.3100	7	-4	-5	
663	3.3150	7	-5	-5	
664	3.3200	7	-5	-4	
665	3.3250	7	-6	-4	
666	3.3300	7	-6	-3	
667	3.3350	7	-7	-3	
668	3.3400	7	-7	-2	
669	3.3450	7	-8	-2	
670	3.3500	7	-8	-1	
671	3.3550	7	-8	-1	
672	3.3600	7	-9	0	
673	3.3650	7	-9	0	
674	3.3700	7	-10	1	
675	3.3750	7	-10	1	
676	3.3800	7	-10	2	
677	3.3850	7	-11	2	
678	3.3900	7	-11	2	
679	3.3950	7	-12	3	
680	3.4000	7	-12	4	
681	3.4050	7	-12	4	
682	3.4100	7	-12	4	
683	3.4150	7	-12	5	
684	3.4200	7	-13	5	
685	3.4250	7	-13	6	
686	3.4300	7	-13	6	
687	3.4350	8	-13	6	
688	3.4400	8	-13	6	
689	3.4450	8	-14	7	
690	3.4500	8	-14	7	
691	3.4550	8	-14	8	
692	3.4600	8	-14	8	
693	3.4650	8	-14	8	
694	3.4700	8	-14	8	
695	3.4750	8	-14	8	
696	3.4800	8	-14	9	
697	3.4850	8	-14	9	
698	3.4900	8	-14	9	
699	3.4950	8	-14	9	
700	3.5000	9	-13	10	
701	3.5050	9	-13	10	
702	3.5100	9	-13	10	
703	3.5150	9	-13	10	
704	3.5200	10	-13	10	
705	3.5250	10	-12	10	
706	3.5300	10	-12	10	
707	3.5350	10	-12	10	
708	3.5400	10	-12	10	
709	3.5450	10	-11	10	
710	3.5500	10	-11	10	
711	3.5550	10	-11	10	
712	3.5600	10	-10	10	
713	3.5650	11	-10	10	
714	3.5700	11	-10	10	
715	3.5750	11	-9	10	
716	3.5800	11	-9	9	
717	3.5850	12	-8	9	
718	3.5900	12	-8	9	
719	3.5950	12	-8	9	
720	3.6000	12	-7	8	
721	3.6050	12	-6	8	
722	3.6100	12	-6	8	
723	3.6150	12	-6	8	
724	3.6200	12	-5	8	
725	3.6250	13	-4	7	
726	3.6300	13	-4	7	
727	3.6350	13	-4	6	
728	3.6400	13	-3	6	
729	3.6450	14	-2	6	
730	3.6500	14	-2	5	
731	3.6550	14	-1	5	
732	3.6600	14	-1	4	
733	3.6650	14	0	4	
734	3.6700	14	0	4	
735	3.6750	14	1	3	
736	3.6800	14	2	3	
737	3.6850	14	2	2	
738	3.6900	14	3	2	
739	3.6950	14	3	2	
740	3.7000	15	4	1	
741	3.7050	15	4	0	
742	3.7100	15	5	0	
743	3.7150	15	5	0	
744	3.7200	15	6	-1	
745	3.7250	15	6	-2	
746	3.7300	15	7	-2	
747	3.7350	15	8	-2	
748	3.7400	15	8	-3	
749	3.7450	16	8	-4	
750	3.7500	16	9	-4	
751	3.7550	16	9	-4	
752	3.7600	16	10	-5	
753	3.7650	16	10	-6	
754	3.7700	16	11	-6	
755	3.7750	16	11	-6	
756	3.7800	16	12	-7	
757	3.7850	16	12	-8	
758	3.7900	16	12	-8	
759	3.7950	16	13	-8	
760	3.8000	16	13	-9	
761	3.8050	16	13	-10	
762	3.8100	16	14	-10	
763	3.8150	16	14	-10	
764	3.8200	16	14	-11	
765	3.8250	15	14	-11	
766	3.8300	15	15	-12	
767	3.8350	15	15	-12	
768	3.8400	15	15	-12	
769	3.8450	15	15	-13	
770	3.8500	15	15	-13	
771	3.8550	15	16	-14	
772	3.8600	15	16	-14	
773	3.8650	15	16	-14	
774	3.8700	14	16	-14	
775	3.8750	14	16	-15	
776	3.8800	14	16	-15	
777	3.8850	14	16	-15	
778	3.8900	14	16	-16	
779	3.8950	14	16	-16	
780	3.9000	14	16	-16	
781	3.9050	14	16	-16	
782	3.9100	14	16	-16	
783	3.9150	14	15	-16	
784	3.9200	13	15	-16	
785	3.9250	13	15	-17	
786	3.9300	13	15	-17	
787	3.9350	13	14	-17	
788	3.9400	13	14	-17	
789	3.9450	12	14	-17	
790	3.9500	12	14	-17	
791	3.9550	12	14	-17	
792	3.9600	12	13	-17	
793	3.9650	12	13	-17	
794	3.9700	12	12	-17	
795	3.9750	12	12	-17	
796	3.9800	12	12	-17	
797	3.9850	11	12	-17	
798	3.9900	11	11	-16	
799	3.9950	11	11	-16	
800	4.0000	11	10	-16	
801	4.0050	10	10	-16	
802	4.0100	10	9	-16	
803	4.0150	10	9	-16	
804	4.0200	10	8	-15	
805	4.0250	10	8	-15	
806	4.0300	10	7	-15	
807	4.0350	10	7	-14	
808	4.0400	10	6	-14	
809	4.0450	9	6	-14	
810	4.0500	9	5	-14	
811	4.0550	9	5	-13	
812	4.0600	9	4	-13	
813	4.0650	9	4	-12	
814	4.0700	8	3	-12	
815	4.0750	8	2	-12	
816	4.0800	8	2	-11	
817	4.0850	8	1	-11	
818	4.0900	8	1	-10	
819	4.0950	8	0	-10	
820	4.1000	8	0	-10	
821	4.1050	8	-1	-9	
822	4.1100	8	-2	-8	
823	4.1150	8	-2	-8	
824	4.1200	8	-3	-8	
825	4.1250	8	-3	-7	
826	4.1300	7	-4	-7	
827	4.1350	7	-4	-6	
828	4.1400	7	-5	-6	
829	4.1450	7	-5	-5	
830	4.1500	7	-6	-5	
831	4.1550	7	-6	-4	
832	4.1600	7	-7	-4	
833	4.1650	7	-7	-3	
834	4.1700	7	-8	-2	
835	4.1750	7	-8	-2	
836	4.1800	7	-8	-2	
837	4.1850	7	-9	-1	
838	4.1900	7	-9	0	
839	4.1950	7	-10	0	
840	4.2000	7	-10	0	
841	4.2050	7	-10	1	
842	4.2100	7	-11	2	
843	4.2150	7	-11	2	
844	4.2200	7	-12	2	
845	4.2250	7	-12	3	
846	4.2300	7	-12	3	
847	4.2350	7	-12	4	
848	4.2400	7	-12	4	
849	4.2450	7	-13	4	
850	4.2500	7	-13	5	
851	4.2550	7	-13	5	
852	4.2600	8	-13	6	
853	4.2650	8	-13	6	
854	4.2700	8	-14	6	
855	4.2750	8	-14	7	
856	4.2800	8	-14	7	
857	4.2850	8	-14	8	
858	4.2900	8	-14	8	
859	4.2950	8	-14	8	
860	4.3000	8	-14	8	
861	4.3050	8	-14	8	
862	4.3100	8	-14	9	
863	4.3150	8	-14	9	
864	4.3200	9	-14	9	
865	4.3250	9	-13	9	
866	4.3300	9	-13	10	
867	4.3350	9	-13	10	
868	4.3400	9	-13	10	
869	4.3450	10	-13	10	
870	4.3500	10	-12	10	
871	4.3550	10	-12	10	
872	4.3600	10	-12	10	
873	4.3650	10	-12	10	
874	4.3700	10	-11	10	
875	4.3750	10	-11	10	
876	4.3800	10	-11	10	
877	4.3850	11	-10	10	
878	4.3900	11	-10	10	
879	4.3950	11	-10	10	
880	4.4000	11	-9	10	
881	4.4050	12	-9	10	
882	4.4100	12	-8	9	
883	4.4150	12	-8	9	
884	4.4200	12	-7	9	
885	4.4250	12	-7	9	
886	4.4300	12	-6	8	
887	4.4350	12	-6	8	
888	4.4400	12	-6	8	
889	4.4450	13	-5	8	
890	4.4500	13	-4	8	
891	4.4550	13	-4	7	
892	4.4600	13	-3	7	
893	4.4650	13	-3	6	
894	4.4700	14	-2	6	
895	4.4750	14	-2	6	
896	4.4800	14	-1	6	
897	4.4850	14	0	5	
898	4.4900	14	0	5	
899	4.4950	14	1	4	
900	4.5000	14	1	4	
901	4.5050	14	2	3	
902	4.5100	14	2	3	
903	4.5150	14	3	2	
904	4.5200	14	4	2	
905	4.5250	15	4	2	
906	4.5300	15	5	1	
907	4.5350	15	5	0	
908	4.5400	15	6	0	
909	4.5450	15	6	0	
910	4.5500	15	7	-1	
911	4.5550	15	7	-2	
912	4.5600	15	8	-2	
913	4.5650	16	8	-2	
914	4.5700	16	9	-3	
915	4.5750	16	9	-4	
916	4.5800	16	10	-4	
917	4.5850	16	10	-4	
918	4.5900	16	11	-5	
919	4.5950	16	11	-6	
920	4.6000	16	12	-6	
921	4.6050	16	12	-7	
922	4.6100	16	12	-7	
923	4.6150	16	13	-8	
924	4.6200	16	13	-8	
925	4.6250	16	14	-8	
926	4.6300	16	14	-9	
927	4.6350	16	14	-10	
928	4.6400	16	14	-10	
929	4.6450	15	14	-10	
930	4.6500	15	15	-11	
931	4.6550	15	15	-11	
932	4.6600	15	15	-12	
933	4.6650	15	16	-12	
934	4.6700	15	16	-12	
935	4.6750	15	16	-13	
936	4.6800	15	16	-13	
937	4.6850	15	16	-14	
938	4.6900	14	16	-14	
939	4.6950	14	16	-14	
940	4.7000	14	16	-14	
941	4.7050	14	16	-15	
942	4.7100	14	16	-15	
943	4.7150	14	16	-16	
944	4.7200	14	16	-16	
945	4.7250	14	16	-16	
946	4.7300	14	16	-16	
947	4.7350	14	16	-16	
948	4.7400	13	16	-16	
949	4.7450	13	16	-16	
950	4.7500	13	15	-17	
951	4.7550	13	15	-17	
952	4.7600	13	15	-17	
953	4.7650	12	15	-17	
954	4.7700	12	14	-17	
955	4.7750	12	14	-17	
956	4.7800	12	14	-17	
957	4.7850	12	14	-17	
958	4.7900	12	13	-17	
959	4.7950	12	13	-17	
960	4.8000	12	12	-17	
961	4.8050	11	12	-17	
962	4.8100	11	12	-17	
963	4.8150	11	11	-17	
964	4.8200	11	11	-16	
965	4.8250	10	10	-16	
966	4.8300	10	10	-16	
967	4.8350	10	9	-16	
968	4.8400	10	9	-16	
969	4.8450	10	8	-16	
970	4.8500	10	8	-15	
971	4.8550	10	7	-15	
972	4.8600	10	7	-15	
973	4.8650	9	6	-14	
974	4.8700	9	6	-14	
975	4.8750	9	5	-14	
976	4.8800	9	5	-14	
977	4.8850	9	4	-13	
978	4.8900	8	4	-13	
979	4.8950	8	3	-12	
980	4.9000	8	2	-12	
981	4.9050	8	2	-12	
982	4.9100	8	1	-11	
983	4.9150	8	0	-11	
984	4.9200	8	0	-10	
985	4.9250	8	-1	-10	
986	4.9300	8	-1	-9	
987	4.9350	8	-2	-9	
988	4.9400	8	-2	-8	
989	4.9450	8	-3	-8	
990	4.9500	7	-4	-7	
991	4.9550	7	-4	-7	
992	4.9600	7	-4	-6	
993	4.9650	7	-5	-6	
994	4.9700	7	-6	-5	
995	4.9750	7	-6	-5	
996	4.9800	7	-7	-4	
997	4.9850	7	-7	-4	
998	4.9900	7	-8	-3	
999	4.9950	7	-8	-3	
1000	5.0000	7	-8	-2	
1001	5.0050	7	-9	-2	
1002	5.0100	7	-10	-1	
1003	5.0150	7	-10	0	
1004	5.0200	7	-10	0	
1005	5.0250	7	-11	0	
1006	5.0300	7	-11	1	
1007	5.0350	7	-11	2	
1008	5.0400	7	-12	2	
1009	5.0450	7	-12	2	
1010	5.0500	7	-12	3	
1011	5.0550	7	-13	4	
1012	5.0600	7	-13	4	
1013	5.0650	7	-13	4	
1014	5.0700	7	-13	5	
1015	5.0750	8	-14	5	
1016	5.0800	8	-14	6	
1017	5.0850	8	-14	6	
1018	5.0900	8	-14	6	
1019	5.0950	8	-14	7	
1020	5.1000	8	-14	7	
1021	5.1050	8	-14	8	
1022	5.1100	8	-14	8	
1023	5.1150	8	-14	8	
1024	5.1200	8	-14	8	
1025	5.1250	8	-14	9	
1026	5.1300	8	-14	9	
1027	5.1350	8	-14	9	
1028	5.1400	9	-14	10	
1029	5.1450	9	-14	10	
1030	5.1500	9	-14	10	
1031	5.1550	9	-14	10	
1032	5.1600	10	-14	10	
1033	5.1650	10	-14	10	
1034	5.1700	10	-13	10	
1035	5.1750	10	-13	10	
1036	5.1800	10	-13	10	
1037	5.1850	10	-12	10	
1038	5.1900	10	-12	10	
1039	5.1950	10	-12	10	
1040	5.2000	10	-12	10	
1041	5.2050	11	-11	10	
1042	5.2100	11	-11	10	
1043	5.2150	11	-10	10	
1044	5.2200	11	-10	10	
1045	5.2250	12	-10	10	
1046	5.2300	12	-9	10	
1047	5.2350	12	-9	10	
1048	5.2400	12	-8	10	
1049	5.2450	12	-8	10	
1050	5.2500	12	-7	10	
1051	5.2550	12	-7	9	
1052	5.2600	12	-6	9	
1053	5.2650	13	-6	9	
1054	5.2700	13	-5	8	
1055	5.2750	13	-5	8	
1056	5.2800	13	-4	8	
1057	5.2850	14	-4	8	
1058	5.2900	14	-3	7	
1059	5.2950	14	-2	7	
1060	5.3000	14	-2	6	
1061	5.3050	14	-1	6	
1062	5.3100	14	-1	6	
1063	5.3150	14	0	5	
1064	5.3200	14	0	5	
1065	5.3250	14	1	4	
1066	5.3300	14	2	4	
1067	5.3350	14	2	4	
1068	5.3400	15	3	3	
1069	5.3450	15	3	2	
1070	5.3500	15	4	2	
1071	5.3550	15	4	2	
1072	5.3600	15	5	1	
1073	5.3650	15	6	0	
1074	5.3700	15	6	0	
1075	5.3750	15	7	0	
1076	5.3800	15	7	-1	
1077	5.3850	16	8	-2	
1078	5.3900	16	8	-2	
1079	5.3950	16	9	-3	
1080	5.4000	16	9	-3	
1081	5.4050	16	10	-4	
1082	5.4100	16	10	-4	
1083	5.4150	16	11	-5	
1084	5.4200	16	11	-6	
1085	5.4250	16	12	-6	
1086	5.4300	16	12	-6	
1087	5.4350	16	12	-7	
1088	5.4400	16	13	-8	
1089	5.4450	16	13	-8	
1090	5.4500	16	14	-8	
1091	5.4550	16	14	-9	
1092	5.4600	16	14	-10	
1093	5.4650	15	14	-10	
1094	5.4700	15	15	-10	
1095	5.4750	15	15	-11	
1096	5.4800	15	15	-11	
1097	5.4850	15	16	-12	
1098	5.4900	15	16	-12	
1099	5.4950	15	16	-13	
1100	5.5000	15	16	-13	
1101	5.5050	14	16	-14	
1102	5.5100	14	16	-14	
1103	5.5150	14	16	-14	
1104	5.5200	14	16	-14	
1105	5.5250	14	16	-15	
1106	5.5300	14	16	-15	
1107	5.5350	14	16	-16	
1108	5.5400	14	16	-16	
1109	5.5450	14	16	-16	
1110	5.5500	14	16	-16	
1111	5.5550	14	16	-16	
1112	5.5600	13	16	-17	
1113	5.5650	13	16	-17	
1114	5.5700	13	16	-17	
1115	5.5750	13	16	-17	
1116	5.5800	12	15	-18	
1117	5.5850	12	15	-18	
1118	5.5900	12	15	-18	
1119	5.5950	12	15	-18	
1120	5.6000	12	14	-18	
1121	5.6050	12	14	-18	
1122	5.6100	12	14	-18	
1123	5.6150	12	13	-18	
1124	5.6200	11	13	-18	
1125	5.6250	11	13	-18	
1126	5.6300	11	12	-18	
1127	5.6350	11	12	-18	
1128	5.6400	11	12	-18	
1129	5.6450	10	11	-17	
1130	5.6500	10	10	-17	
1131	5.6550	10	10	-17	
1132	5.6600	10	10	-17	
1133	5.6650	10	9	-17	
1134	5.6700	10	8	-16	
1135	5.6750	10	8	-16	
1136	5.6800	10	8	-16	
1137	5.6850	9	7	-16	
1138	5.6900	9	6	-15	
1139	5.6950	9	6	-15	
1140	5.7000	9	5	-15	
1141	5.7050	8	5	-14	
1142	5.7100	8	4	-14	
1143	5.7150	8	4	-14	
1144	5.7200	8	3	-13	
1145	5.7250	8	2	-13	
1146	5.7300	8	2	-12	
1147	5.7350	8	1	-12	
1148	5.7400	8	1	-12	
1149	5.7450	8	0	-11	
1150	5.7500	8	0	-10	
1151	5.7550	8	-1	-10	
1152	5.7600	8	-2	-10	
1153	5.7650	7	-2	-9	
1154	5.7700	7	-3	-9	
1155	5.7750	7	-4	-8	
1156	5.7800	7	-4	-8	
1157	5.7850	7	-4	-7	
1158	5.7900	7	-5	-6	
1159	5.7950	7	-6	-6	
1160	5.8000	7	-6	-6	
1161	5.8050	7	-7	-5	
1162	5.8100	7	-7	-4	
1163	5.8150	7	-8	-4	
1164	5.8200	7	-8	-3	
1165	5.8250	7	-9	-3	
1166	5.8300	7	-9	-2	
1167	5.8350	7	-10	-2	
1168	5.8400	7	-10	-1	
1169	5.8450	7	-10	-1	
1170	5.8500	7	-11	0	
1171	5.8550	7	-11	0	
1172	5.8600	7	-12	1	
1173	5.8650	7	-12	2	
1174	5.8700	7	-12	2	
1175	5.8750	7	-12	2	
1176	5.8800	7	-13	3	
1177	5.8850	7	-13	4	
1178	5.8900	7	-13	4	
1179	5.8950	8	-13	4	
1180	5.9000	8	-14	5	
1181	5.9050	8	-14	5	
1182	5.9100	8	-14	6	
1183	5.9150	8	-14	6	
1184	5.9200	8	-14	6	
1185	5.9250	8	-14	7	
1186	5.9300	8	-14	7	
1187	5.9350	8	-14	8	
1188	5.9400	8	-14	8	
1189	5.9450	8	-14	8	
1190	5.9500	8	-14	8	
1191	5.9550	9	-14	9	
1192	5.9600	9	-14	9	
1193	5.9650	9	-14	10	
1194	5.9700	9	-14	10	
1195	5.9750	9	-14	10	
1196	5.9800	10	-14	10	
1197	5.9850	10	-14	10	
1198	5.9900	10	-14	10	
1199	5.9950	10	-13	10	
1200	6.0000	10	-13	10	
1201	6.0050	10	-13	11	
1202	6.0100	10	-12	11	
1203	6.0150	10	-12	11	
1204	6.0200	11	-12	11	
1205	6.0250	11	-12	11	
1206	6.0300	11	-11	11	
1207	6.0350	11	-11	11	
1208	6.0400	12	-10	11	
1209	6.0450	12	-10	11	
1210	6.0500	12	-10	11	
1211	6.0550	12	-9	10	
1212	6.0600	12	-8	10	
1213	6.0650	12	-8	10	
1214	6.0700	12	-8	10	
1215	6.0750	12	-7	10	
1216	6.0800	13	-7	10	
1217	6.0850	13	-6	10	
1218	6.0900	13	-6	9	
1219	6.0950	13	-5	9	
1220	6.1000	13	-4	9	
1221	6.1050	14	-4	8	
1222	6.1100	14	-3	8	
1223	6.1150	14	-3	8	
1224	6.1200	14	-2	7	
1225	6.1250	14	-2	7	
1226	6.1300	14	-1	6	
1227	6.1350	14	0	6	
1228	6.1400	14	0	6	
1229	6.1450	14	1	5	
1230	6.1500	14	1	5	
1231	6.1550	14	2	4	
1232	6.1600	15	3	4	
1233	6.1650	15	3	4	
1234	6.1700	15	4	3	
1235	6.1750	15	4	2	
1236	6.1800	15	5	2	
1237	6.1850	15	6	2	
1238	6.1900	15	6	1	
1239	6.1950	15	7	0	
1240	6.2000	16	7	0	
1241	6.2050	16	8	0	
1242	6.2100	16	8	-1	
1243	6.2150	16	9	-2	
1244	6.2200	16	9	-2	
1245	6.2250	16	10	-3	
1246	6.2300	16	10	-3	
1247	6.2350	16	11	-4	
1248	6.2400	16	11	-4	
1249	6.2450	16	12	-5	
1250	6.2500	16	12	-6	
1251	6.2550	16	12	-6	
1252	6.2600	16	13	-6	
1253	6.2650	16	13	-7	
1254	6.2700	16	14	-8	
1255	6.2750	16	14	-8	
1256	6.2800	15	14	-8	
1257	6.2850	15	15	-9	
1258	6.2900	15	15	-10	
1259	6.2950	15	15	-10	
1260	6.3000	15	16	-10	
1261	6.3050	15	16	-11	
1262	6.3100	15	16	-12	
1263	6.3150	15	16	-12	
1264	6.3200	14	16	-12	
1265	6.3250	14	16	-13	
1266	6.3300	14	16	-13	
1267	6.3350	14	17	-14	
1268	6.3400	14	17	-14	
1269	6.3450	14	17	-14	
1270	6.3500	14	17	-15	
1271	6.3550	14	17	-15	
1272	6.3600	14	17	-15	
1273	6.3650	14	17	-16	
1274	6.3700	14	17	-16	
1275	6.3750	13	16	-16	
1276	6.3800	13	16	-16	
1277	6.3850	13	16	-17	
1278	6.3900	13	16	-17	
1279	6.3950	13	16	-17	
1280	6.4000	12	16	-17	
1281	6.4050	12	16	-17	
1282	6.4100	12	15	-18	
1283	6.4150	12	15	-18	
1284	6.4200	12	15	-18	
1285	6.4250	12	14	-18	
1286	6.4300	12	14	-18	
1287	6.4350	12	14	-18	
1288	6.4400	11	14	-18	
1289	6.4450	11	13	-18	
1290	6.4500	11	13	-18	
1291	6.4550	11	12	-18	
1292	6.4600	10	12	-18	
1293	6.4650	10	11	-18	
1294	6.4700	10	11	-18	
1295	6.4750	10	10	-17	
1296	6.4800	10	10	-17	
1297	6.4850	10	10	-17	
1298	6.4900	10	9	-17	
1299	6.4950	10	8	-16	
1300	6.5000	9	8	-16	
1301	6.5050	9	7	-16	
1302	6.5100	9	7	-16	
1303	6.5150	9	6	-16	
1304	6.5200	9	6	-15	
1305	6.5250	8	5	-15	
1306	6.5300	8	4	-14	
1307	6.5350	8	4	-14	
1308	6.5400	8	3	-14	
1309	6.5450	8	3	-14	
1310	6.5500	8	2	-13	
1311	6.5550	8	1	-12	
1312	6.5600	8	1	-12	
1313	6.5650	8	0	-12	
1314	6.5700	8	0	-11	
1315	6.5750	8	-1	-11	
1316	6.5800	8	-2	-10	
1317	6.5850	7	-2	-10	
1318	6.5900	7	-3	-9	
1319	6.5950	7	-4	-9	
1320	6.6000	7	-4	-8	
1321	6.6050	7	-5	-8	
1322	6.6100	7	-5	-7	
1323	6.6150	7	-6	-7	
1324	6.6200	7	-6	-6	
1325	6.6250	7	-7	-6	
1326	6.6300	7	-7	-5	
1327	6.6350	7	-8	-4	
1328	6.6400	7	-8	-4	
1329	6.6450	7	-9	-3	
1330	6.6500	7	-9	-3	
1331	6.6550	7	-10	-2	
1332	6.6600	7	-10	-2	
1333	6.6650	7	-11	-1	
1334	6.6700	7	-11	-1	
1335	6.6750	7	-12	0	
1336	6.6800	7	-12	0	
1337	6.6850	7	-12	1	
1338	6.6900	7	-12	2	
1339	6.6950	7	-13	2	
1340	6.7000	7	-13	2	
1341	6.7050	7	-14	3	
1342	6.7100	8	-14	4	
1343	6.7150	8	-14	4	
1344	6.7200	8	-14	4	
1345	6.7250	8	-14	5	
1346	6.7300	8	-14	5	
1347	6.7350	8	-15	6	
1348	6.7400	8	-15	6	
1349	6.7450	8	-15	7	
1350	6.7500	8	-15	7	
1351	6.7550	8	-15	8	
1352	6.7600	8	-15	8	
1353	6.7650	8	-15	8	
1354	6.7700	8	-15	8	
1355	6.7750	9	-15	9	
1356	6.7800	9	-15	9	
1357	6.7850	9	-15	9	
1358	6.7900	9	-15	10	
1359	6.7950	10	-15	10	
1360	6.8000	10	-14	10	
1361	6.8050	10	-14	10	
1362	6.8100	10	-14	10	
1363	6.8150	10	-14	10	
1364	6.8200	10	-14	11	
1365	6.8250	10	-13	11	
1366	6.8300	10	-13	11	
1367	6.8350	11	-13	11	
1368	6.8400	11	-12	11	
1369	6.8450	11	-12	11	
1370	6.8500	11	-12	11	
1371	6.8550	11	-11	11	
1372	6.8600	12	-11	11	
1373	6.8650	12	-10	11	
1374	6.8700	12	-10	11	
1375	6.8750	12	-10	11	
1376	6.8800	12	-9	11	
1377	6.8850	12	-9	11	
1378	6.8900	12	-8	10	
1379	6.8950	12	-8	10	
1380	6.9000	13	-7	10	
1381	6.9050	13	-7	10	
1382	6.9100	13	-6	10	
1383	6.9150	13	-6	10	
1384	6.9200	14	-5	9	
1385	6.9250	14	-4	9	
1386	6.9300	14	-4	8	
1387	6.9350	14	-3	8	
1388	6.9400	14	-3	8	
1389	6.9450	14	-2	8	
1390	6.9500	14	-2	7	
1391	6.9550	14	-1	7	
1392	6.9600	14	0	6	
1393	6.9650	14	0	6	
1394	6.9700	14	1	6	
1395	6.9750	15	2	5	
1396	6.9800	15	2	4	
1397	6.9850	15	3	4	
1398	6.9900	15	4	4	
1399	6.9950	15	4	3	
1400	7.0000	15	5	3	
1401	7.0050	15	5	2	
1402	7.0100	15	6	2	
1403	7.0150	15	6	1	
1404	7.0200	16	7	0	
1405	7.0250	16	8	0	
1406	7.0300	16	8	0	
1407	7.0350	16	9	-1	
1408	7.0400	16	9	-2	
1409	7.0450	16	10	-2	
1410	7.0500	16	10	-3	
1411	7.0550	16	11	-3	
1412	7.0600	16	11	-4	
1413	7.0650	16	12	-4	
1414	7.0700	16	12	-5	
1415	7.0750	16	13	-6	
1416	7.0800	16	13	-6	
1417	7.0850	16	14	-7	
1418	7.0900	16	14	-7	
1419	7.0950	15	14	-8	
1420	7.1000	15	14	-8	
1421	7.1050	15	15	-9	
1422	7.1100	15	15	-10	
1423	7.1150	15	16	-10	
1424	7.1200	15	16	-10	
1425	7.1250	15	16	-11	
1426	7.1300	15	16	-12	
1427	7.1350	15	16	-12	
1428	7.1400	14	17	-12	
1429	7.1450	14	17	-13	
1430	7.1500	14	17	-13	
1431	7.1550	14	17	-14	
1432	7.1600	14	17	-14	
1433	7.1650	14	17	-14	
1434	7.1700	14	17	-15	
1435	7.1750	14	17	-15	
1436	7.1800	14	17	-16	
1437	7.1850	14	17	-16	
1438	7.1900	14	17	-16	
1439	7.1950	13	17	-16	
1440	7.2000	13	17	-17	
1441	7.2050	13	17	-17	
1442	7.2100	13	17	-17	
1443	7.2150	12	16	-18	
1444	7.2200	12	16	-18	
1445	7.2250	12	16	-18	
1446	7.2300	12	16	-18	
1447	7.2350	12	16	-18	
1448	7.2400	12	15	-18	
1449	7.2450	12	15	-18	
1450	7.2500	12	15	-18	
1451	7.2550	11	14	-18	
1452	7.2600	11	14	-18	
1453	7.2650	11	14	-18	
1454	7.2700	11	13	-18	
1455	7.2750	10	13	-18	
1456	7.2800	10	12	-18	
1457	7.2850	10	12	-18	
1458	7.2900	10	12	-18	
1459	7.2950	10	11	-18	
1460	7.3000	10	10	-18	
1461	7.3050	10	10	-18	
1462	7.3100	10	10	-18	
1463	7.3150	9	9	-18	
1464	7.3200	9	8	-17	
1465	7.3250	9	8	-17	
1466	7.3300	9	7	-17	
1467	7.3350	9	7	-16	
1468	7.3400	8	6	-16	
1469	7.3450	8	6	-16	
1470	7.3500	8	5	-16	
1471	7.3550	8	4	-15	
1472	7.3600	8	4	-15	
1473	7.3650	8	3	-14	
1474	7.3700	8	2	-14	
1475	7.3750	8	2	-14	
1476	7.3800	8	1	-13	
1477	7.3850	8	1	-13	
1478	7.3900	8	0	-12	
1479	7.3950	8	-1	-12	
1480	7.4000	7	-1	-11	
1481	7.4050	7	-2	-11	
1482	7.4100	7	-2	-10	
1483	7.4150	7	-3	-10	
1484	7.4200	7	-4	-9	
1485	7.4250	7	-4	-9	
1486	7.4300	7	-5	-8	
1487	7.4350	7	-6	-8	
1488	7.4400	7	-6	-7	
1489	7.4450	7	-6	-6	
1490	7.4500	7	-7	-6	
1491	7.4550	7	-8	-5	
1492	7.4600	7	-8	-5	
1493	7.4650	7	-9	-4	
1494	7.4700	7	-9	-4	
1495	7.4750	7	-10	-3	
1496	7.4800	7	-10	-2	
1497	7.4850	7	-10	-2	
1498	7.4900	7	-11	-1	
1499	7.4950	7	-11	-1	
1500	7.5000	7	-12	0	
1501	7.5050	7	-12	0	
1502	7.5100	7	-12	1	
1503	7.5150	7	-13	2	
1504	7.5200	7	-13	2	
1505	7.5250	7	-14	2	
1506	7.5300	8	-14	3	
1507	7.5350	8	-14	4	
1508	7.5400	8	-14	4	
1509	7.5450	8	-14	4	
1510	7.5500	8	-15	5	
1511	7.5550	8	-15	6	
1512	7.5600	8	-15	6	
1513	7.5650	8	-15	6	
1514	7.5700	8	-15	7	
1515	7.5750	8	-15	7	
1516	7.5800	8	-15	8	
1517	7.5850	8	-15	8	
1518	7.5900	9	-15	8	
1519	7.5950	9	-15	9	
1520	7.6000	9	-15	9	
1521	7.6050	9	-15	10	
1522	7.6100	9	-15	10	
1523	7.6150	10	-15	10	
1524	7.6200	10	-15	10	
1525	7.6250	10	-14	10	
1526	7.6300	10	-14	11	
1527	7.6350	10	-14	11	
1528	7.6400	10	-14	11	
1529	7.6450	10	-14	11	
1530	7.6500	10	-13	11	
1531	7.6550	11	-13	12	
1532	7.6600	11	-13	12	
1533	7.6650	11	-12	12	
1534	7.6700	11	-12	12	
1535	7.6750	12	-12	12	
1536	7.6800	12	-11	12	
1537	7.6850	12	-11	12	
1538	7.6900	12	-10	12	
1539	7.6950	12	-10	12	
1540	7.7000	12	-10	12	
1541	7.7050	12	-9	12	
1542	7.7100	12	-8	11	
1543	7.7150	13	-8	11	
1544	7.7200	13	-8	11	
1545	7.7250	13	-7	11	
1546	7.7300	13	-6	10	
1547	7.7350	13	-6	10	
1548	7.7400	14	-5	10	
1549	7.7450	14	-5	10	
1550	7.7500	14	-4	10	
1551	7.7550	14	-4	9	
1552	7.7600	14	-3	9	
1553	7.7650	14	-2	9	
1554	7.7700	14	-2	8	
1555	7.7750	14	-1	8	
1556	7.7800	14	0	8	
1557	7.7850	14	0	7	
1558	7.7900	14	1	7	
1559	7.7950	15	1	6	
1560	7.8000	15	2	6	
1561	7.8050	15	3	5	
1562	7.8100	15	3	5	
1563	7.8150	15	4	4	
1564	7.8200	15	4	4	
1565	7.8250	15	5	3	
1566	7.8300	15	6	3	
1567	7.8350	16	6	2	
1568	7.8400	16	7	2	
1569	7.8450	16	8	1	
1570	7.8500	16	8	0	
1571	7.8550	16	9	0	
1572	7.8600	16	9	0	
1573	7.8650	16	10	-1	
1574	7.8700	16	10	-2	
1575	7.8750	16	11	-2	
1576	7.8800	16	11	-3	
1577	7.8850	16	12	-3	
1578	7.8900	16	12	-4	
1579	7.8950	16	13	-4	
1580	7.9000	16	13	-5	
1581	7.9050	16	14	-6	
1582	7.9100	16	14	-6	
1583	7.9150	15	14	-7	
1584	7.9200	15	15	-8	
1585	7.9250	15	15	-8	
1586	7.9300	15	15	-8	
1587	7.9350	15	16	-9	
1588	7.9400	15	16	-10	
1589	7.9450	15	16	-10	
1590	7.9500	15	16	-11	
1591	7.9550	14	16	-11	
1592	7.9600	14	17	-12	
1593	7.9650	14	17	-12	
1594	7.9700	14	17	-12	
1595	7.9750	14	17	-13	
1596	7.9800	14	17	-14	
1597	7.9850	14	17	-14	
1598	7.9900	14	18	-14	
1599	7.9950	14	18	-15	
1600	8.0000	14	18	-15	
1601	8.0050	14	18	-16	
1602	8.0100	13	17	-16	
1603	8.0150	13	17	-16	
1604	8.0200	13	17	-16	
1605	8.0250	13	17	-17	
1606	8.0300	12	17	-17	
1607	8.0350	12	17	-17	
1608	8.0400	12	16	-18	
1609	8.0450	12	16	-18	
1610	8.0500	12	16	-18	
1611	8.0550	12	16	-18	
1612	8.0600	12	16	-18	
1613	8.0650	12	15	-18	
1614	8.0700	12	15	-18	
1615	8.0750	11	14	-18	
1616	8.0800	11	14	-19	
1617	8.0850	11	14	-19	
1618	8.0900	11	14	-19	
1619	8.0950	10	13	-19	
1620	8.1000	10	12	-19	
1621	8.1050	10	12	-19	
1622	8.1100	10	12	-18	
1623	8.1150	10	11	-18	
1624	8.1200	10	11	-18	
1625	8.1250	10	10	-18	
1626	8.1300	10	10	-18	
1627	8.1350	9	9	-18	
1628	8.1400	9	8	-18	
1629	8.1450	9	8	-18	
1630	8.1500	9	7	-17	
1631	8.1550	9	7	-17	
1632	8.1600	8	6	-17	
1633	8.1650	8	6	-16	
1634	8.1700	8	5	-16	
1635	8.1750	8	4	-16	
1636	8.1800	8	4	-16	
1637	8.1850	8	3	-15	
1638	8.1900	8	2	-15	
1639	8.1950	8	2	-14	
1640	8.2000	8	1	-14	
1641	8.2050	8	0	-14	
1642	8.2100	8	0	-13	
1643	8.2150	8	-1	-12	
1644	8.2200	7	-1	-12	
1645	8.2250	7	-2	-12	
1646	8.2300	7	-3	-11	
1647	8.2350	7	-3	-11	
1648	8.2400	7	-4	-10	
1649	8.2450	7	-4	-10	
1650	8.2500	7	-5	-9	
1651	8.2550	7	-6	-8	
1652	8.2600	7	-6	-8	
1653	8.2650	7	-7	-8	
1654	8.2700	7	-7	-7	
1655	8.2750	7	-8	-6	
1656	8.2800	7	-8	-6	
1657	8.2850	7	-9	-5	
1658	8.2900	7	-9	-4	
1659	8.2950	7	-10	-4	
1660	8.3000	7	-10	-4	
1661	8.3050	7	-11	-3	
1662	8.3100	7	-11	-2	
1663	8.3150	7	-12	-2	
1664	8.3200	7	-12	-1	
1665	8.3250	7	-12	0	
1666	8.3300	7	-13	0	
1667	8.3350	7	-13	0	
1668	8.3400	7	-14	1	
1669	8.3450	8	-14	2	
1670	8.3500	8	-14	2	
1671	8.3550	8	-14	3	
1672	8.3600	8	-15	3	
1673	8.3650	8	-15	4	
1674	8.3700	8	-15	4	
1675	8.3750	8	-15	5	
1676	8.3800	8	-15	5	
1677	8.3850	8	-16	6	
1678	8.3900	8	-16	6	
1679	8.3950	8	-16	6	
1680	8.4000	8	-16	7	
1681	8.4050	9	-16	8	
1682	8.4100	9	-16	8	
1683	8.4150	9	-16	8	
1684	8.4200	9	-16	8	
1685	8.4250	9	-16	9	
1686	8.4300	10	-16	9	
1687	8.4350	10	-15	10	
1688	8.4400	10	-15	10	
1689	8.4450	10	-15	10	
1690	8.4500	10	-15	10	
1691	8.4550	10	-15	10	
1692	8.4600	10	-14	11	
1693	8.4650	10	-14	11	
1694	8.4700	11	-14	11	
1695	8.4750	11	-14	11	
1696	8.4800	11	-13	11	
1697	8.4850	11	-13	11	
1698	8.4900	12	-12	12	
1699	8.4950	12	-12	12	
1700	8.5000	12	-12	12	
1701	8.5050	12	-11	12	
1702	8.5100	12	-11	12	
1703	8.5150	12	-10	12	
1704	8.5200	12	-10	12	
1705	8.5250	12	-9	11	
1706	8.5300	12	-9	11	
1707	8.5350	13	-8	11	
1708	8.5400	13	-8	11	
1709	8.5450	13	-7	11	
1710	8.5500	13	-7	11	
1711	8.5550	14	-6	10	
1712	8.5600	14	-6	10	
1713	8.5650	14	-5	10	
1714	8.5700	14	-4	10	
1715	8.5750	14	-4	10	
1716	8.5800	14	-3	9	
1717	8.5850	14	-2	9	
1718	8.5900	14	-2	8	
1719	8.5950	14	-1	8	
1720	8.6000	14	0	8	
1721	8.6050	14	0	7	
1722	8.6100	15	1	7	
1723	8.6150	15	2	6	
1724	8.6200	15	2	6	
1725	8.6250	15	3	6	
1726	8.6300	15	4	5	
1727	8.6350	15	4	4	
1728	8.6400	15	5	4	
1729	8.6450	15	5	4	
1730	8.6500	16	6	3	
1731	8.6550	16	6	2	
1732	8.6600	16	7	2	
1733	8.6650	16	8	2	
1734	8.6700	16	8	1	
1735	8.6750	16	9	0	
1736	8.6800	16	10	0	
1737	8.6850	16	10	-1	
1738	8.6900	16	10	-1	
1739	8.6950	16	11	-2	
1740	8.7000	16	12	-2	
1741	8.7050	16	12	-3	
1742	8.7100	16	13	-4	
1743	8.7150	16	13	-4	
1744	8.7200	16	14	-5	
1745	8.7250	16	14	-6	
1746	8.7300	15	14	-6	
1747	8.7350	15	15	-6	
1748	8.7400	15	15	-7	
1749	8.7450	15	16	-8	
1750	8.7500	15	16	-8	
1751	8.7550	15	16	-9	
1752	8.7600	15	16	-9	
1753	8.7650	15	17	-10	
1754	8.7700	15	17	-10	
1755	8.7750	14	17	-11	
1756	8.7800	14	17	-12	
1757	8.7850	14	18	-12	
1758	8.7900	14	18	-12	
1759	8.7950	14	18	-13	
1760	8.8000	14	18	-14	
1761	8.8050	14	18	-14	
1762	8.8100	14	18	-14	
1763	8.8150	14	18	-15	
1764	8.8200	14	18	-15	
1765	8.8250	13	18	-16	
1766	8.8300	13	18	-16	
1767	8.8350	13	18	-16	
1768	8.8400	13	18	-16	
1769	8.8450	13	18	-17	
1770	8.8500	12	18	-17	
1771	8.8550	12	17	-18	
1772	8.8600	12	17	-18	
1773	8.8650	12	17	-18	
1774	8.8700	12	17	-18	
1775	8.8750	12	16	-18	
1776	8.8800	12	16	-18	
1777	8.8850	12	16	-19	
1778	8.8900	11	16	-19	
1779	8.8950	11	15	-19	
1780	8.9000	11	15	-19	
1781	8.9050	11	14	-19	
1782	8.9100	10	14	-19	
1783	8.9150	10	14	-19	
1784	8.9200	10	13	-19	
1785	8.9250	10	13	-19	
1786	8.9300	10	12	-19	
1787	8.9350	10	12	-19	
1788	8.9400	10	11	-19	
1789	8.9450	10	11	-19	
1790	8.9500	9	10	-18	
1791	8.9550	9	10	-18	
1792	8.9600	9	9	-18	
1793	8.9650	9	8	-18	
1794	8.9700	9	8	-18	
1795	8.9750	8	7	-18	
1796	8.9800	8	6	-17	
1797	8.9850	8	6	-17	
1798	8.9900	8	5	-17	
1799	8.9950	8	5	-16	
1800	9.0000	8	4	-16	
1801	9.0050	8	3	-16	
1802	9.0100	8	3	-15	
1803	9.0150	8	2	-15	
1804	9.0200	8	1	-14	
1805	9.0250	8	1	-14	
1806	9.0300	8	0	-14	
1807	9.0350	7	0	-13	
1808	9.0400	7	-1	-13	
1809	9.0450	7	-2	-12	
1810	9.0500	7	-2	-12	
1811	9.0550	7	-3	-11	
1812	9.0600	7	-4	-11	
1813	9.0650	7	-4	-10	
1814	9.0700	7	-5	-10	
1815	9.0750	7	-6	-9	
1816	9.0800	7	-6	-8	
1817	9.0850	7	-7	-8	
1818	9.0900	7	-7	-7	
1819	9.0950	7	-8	-7	
1820	9.1000	7	-8	-6	
1821	9.1050	7	-9	-6	
1822	9.1100	7	-10	-5	
1823	9.1150	7	-10	-4	
1824	9.1200	7	-10	-4	
1825	9.1250	7	-11	-3	
1826	9.1300	7	-12	-3	
1827	9.1350	7	-12	-2	
1828	9.1400	7	-12	-2	
1829	9.1450	7	-13	-1	
1830	9.1500	7	-13	0	
1831	9.1550	7	-14	0	
1832	9.1600	8	-14	1	
1833	9.1650	8	-14	2	
1834	9.1700	8	-14	2	
1835	9.1750	8	-15	2	
1836	9.1800	8	-15	3	
1837	9.1850	8	-15	4	
1838	9.1900	8	-15	4	
1839	9.1950	8	-16	5	
1840	9.2000	8	-16	5	
1841	9.2050	8	-16	6	
1842	9.2100	8	-16	6	
1843	9.2150	8	-16	7	
1844	9.2200	8	-16	7	
1845	9.2250	9	-16	8	
1846	9.2300	9	-16	8	
1847	9.2350	9	-16	8	
1848	9.2400	9	-16	9	
1849	9.2450	10	-16	9	
1850	9.2500	10	-16	10	
1851	9.2550	10	-16	10	
1852	9.2600	10	-16	10	
1853	9.2650	10	-16	10	
1854	9.2700	10	-15	11	
1855	9.2750	10	-15	11	
1856	9.2800	10	-15	11	
1857	9.2850	10	-14	11	
1858	9.2900	11	-14	12	
1859	9.2950	11	-14	12	
1860	9.3000	11	-14	12	
1861	9.3050	11	-13	12	
1862	9.3100	12	-13	12	
1863	9.3150	12	-12	12	
1864	9.3200	12	-12	12	
1865	9.3250	12	-12	12	
1866	9.3300	12	-11	12	
1867	9.3350	12	-11	12	
1868	9.3400	12	-10	12	
1869	9.3450	12	-10	12	
1870	9.3500	13	-9	12	
1871	9.3550	13	-9	12	
1872	9.3600	13	-8	12	
1873	9.3650	13	-8	12	
1874	9.3700	14	-7	12	
1875	9.3750	14	-6	12	
1876	9.3800	14	-6	11	
1877	9.3850	14	-5	11	
1878	9.3900	14	-5	11	
1879	9.3950	14	-4	10	
1880	9.4000	14	-3	10	
1881	9.4050	14	-3	10	
1882	9.4100	14	-2	10	
1883	9.4150	14	-1	9	
1884	9.4200	14	-1	9	
1885	9.4250	15	0	8	
1886	9.4300	15	1	8	
1887	9.4350	15	1	8	
1888	9.4400	15	2	7	
1889	9.4450	15	2	7	
1890	9.4500	15	3	6	
1891	9.4550	15	4	6	
1892	9.4600	15	4	5	
1893	9.4650	15	5	5	
1894	9.4700	16	6	4	
1895	9.4750	16	6	4	
1896	9.4800	16	7	3	
1897	9.4850	16	8	3	
1898	9.4900	16	8	2	
1899	9.4950	16	9	2	
1900	9.5000	16	9	1	
1901	9.5050	16	10	0	
1902	9.5100	16	10	0	
1903	9.5150	16	11	-1	
1904	9.5200	16	12	-2	
1905	9.5250	16	12	-2	
1906	9.5300	16	13	-3	
1907	9.5350	16	13	-3	
1908	9.5400	16	14	-4	
1909	9.5450	15	14	-4	
1910	9.5500	15	14	-5	
1911	9.5550	15	15	-6	
1912	9.5600	15	15	-6	
1913	9.5650	15	16	-7	
1914	9.5700	15	16	-7	
1915	9.5750	15	16	-8	
1916	9.5800	15	16	-8	
1917	9.5850	15	17	-9	
1918	9.5900	14	17	-10	
1919	9.5950	14	17	-10	
1920	9.6000	14	18	-11	
1921	9.6050	14	18	-11	
1922	9.6100	14	18	-12	
1923	9.6150	14	18	-12	
1924	9.6200	14	18	-13	
1925	9.6250	14	18	-13	
1926	9.6300	14	18	-14	
1927	9.6350	14	18	-14	
1928	9.6400	14	18	-15	
1929	9.6450	13	18	-15	
1930	9.6500	13	18	-16	
1931	9.6550	13	18	-16	
1932	9.6600	13	18	-16	
1933	9.6650	12	18	-16	
1934	9.6700	12	18	-17	
1935	9.6750	12	18	-17	
1936	9.6800	12	17	-18	
1937	9.6850	12	17	-18	
1938	9.6900	12	17	-18	
1939	9.6950	12	17	-18	
1940	9.7000	12	16	-18	
1941	9.7050	11	16	-19	
1942	9.7100	11	16	-19	
1943	9.7150	11	15	-19	
1944	9.7200	11	15	-19	
1945	9.7250	11	14	-19	
1946	9.7300	10	14	-19	
1947	9.7350	10	14	-19	
1948	9.7400	10	13	-19	
1949	9.7450	10	13	-19	
1950	9.7500	10	12	-19	
1951	9.7550	10	12	-19	
1952	9.7600	10	11	-19	
1953	9.7650	10	11	-19	
1954	9.7700	9	10	-19	
1955	9.7750	9	10	-19	
1956	9.7800	9	9	-19	
1957	9.7850	9	8	-18	
1958	9.7900	9	8	-18	
1959	9.7950	8	7	-18	
1960	9.8000	8	7	-18	
1961	9.8050	8	6	-18	
1962	9.8100	8	5	-17	
1963	9.8150	8	5	-17	
1964	9.8200	8	4	-17	
1965	9.8250	8	3	-16	
1966	9.8300	8	3	-16	
1967	9.8350	8	2	-16	
1968	9.8400	8	1	-15	
1969	9.8450	8	1	-15	
1970	9.8500	8	0	-14	
1971	9.8550	7	-1	-14	
1972	9.8600	7	-1	-14	
1973	9.8650	7	-2	-13	
1974	9.8700	7	-2	-13	
1975	9.8750	7	-3	-12	
1976	9.8800	7	-4	-12	
1977	9.8850	7	-4	-11	
1978	9.8900	7	-5	-10	
1979	9.8950	7	-6	-10	
1980	9.9000	7	-6	-10	
1981	9.9050	7	-7	-9	
1982	9.9100	7	-8	-8	
1983	9.9150	7	-8	-8	
1984	9.9200	7	-9	-7	
1985	9.9250	7	-9	-6	
1986	9.9300	7	-10	-6	
1987	9.9350	7	-10	-6	
1988	9.9400	7	-11	-5	
1989	9.9450	7	-11	-4	
1990	9.9500	7	-12	-4	
1991	9.9550	7	-12	-3	
1992	9.9600	7	-12	-2	
1993	9.9650	7	-13	-2	
1994	9.9700	7	-13	-1	
1995	9.9750	7	-14	-1	
1996	9.9800	8	-14	0	
1997	9.9850	8	-14	0	
1998	9.9900	8	-15	1	
1999	9.9950	8	-15	2	
2000	10.0000	8	-15	2	
2001	10.0050	8	-16	3	
2002	10.0100	8	-16	4	
2003	10.0150	8	-16	4	
2004	10.0200	8	-16	4	
2005	10.0250	8	-16	5	
2006	10.0300	8	-16	6	
2007	10.0350	8	-16	6	
2008	10.0400	9	-16	6	
2009	10.0450	9	-16	7	
2010	10.0500	9	-16	7	
2011	10.0550	9	-16	8	
2012	10.0600	9	-16	8	
2013	10.0650	10	-16	8	
2014	10.0700	10	-16	9	
2015	10.0750	10	-16	9	
2016	10.0800	10	-16	10	
2017	10.0850	10	-16	10	
2018	10.0900	10	-16	10	
2019	10.0950	10	-15	10	
2020	10.1000	10	-15	11	
2021	10.1050	11	-15	11	
2022	10.1100	11	-14	11	
2023	10.1150	11	-14	12	
2024	10.1200	11	-14	12	
2025	10.1250	12	-13	12	
2026	10.1300	12	-13	12	
2027	10.1350	12	-13	12	
2028	10.1400	12	-12	12	
2029	10.1450	12	-12	12	
2030	10.1500	12	-11	12	
2031	10.1550	12	-11	12	
2032	10.1600	12	-10	12	
2033	10.1650	13	-10	12	
2034	10.1700	13	-9	12	
2035	10.1750	13	-9	12	
2036	10.1800	13	-8	12	
2037	10.1850	13	-8	12	
2038	10.1900	14	-7	12	
2039	10.1950	14	-6	12	
2040	10.2000	14	-6	12	
2041	10.2050	14	-5	11	
2042	10.2100	14	-4	11	
2043	10.2150	14	-4	11	
2044	10.2200	14	-3	10	
2045	10.2250	14	-2	10	
2046	10.2300	14	-2	10	
2047	10.2350	14	-1	10	
2048	10.2400	14	0	9	
2049	10.2450	15	0	9	
2050	10.2500	15	1	8	
2051	10.2550	15	2	8	
2052	10.2600	15	2	8	
2053	10.2650	15	3	7	
2054	10.2700	15	4	7	
2055	10.2750	15	4	6	
2056	10.2800	15	5	6	
2057	10.2850	15	6	5	
2058	10.2900	16	6	5	
2059	10.2950	16	7	4	
2060	10.3000	16	7	4	
2061	10.3050	16	8	3	
2062	10.3100	16	9	2	
2063	10.3150	16	9	2	
2064	10.3200	16	10	2	
2065	10.3250	16	10	1	
2066	10.3300	16	11	0	
2067	10.3350	16	12	0	
2068	10.3400	16	12	-1	
2069	10.3450	16	12	-2	
2070	10.3500	16	13	-2	
2071	10.3550	16	14	-3	
2072	10.3600	16	14	-3	
2073	10.3650	15	14	-4	
2074	10.3700	15	15	-4	
2075	10.3750	15	15	-5	
2076	10.3800	15	16	-6	
2077	10.3850	15	16	-6	
2078	10.3900	15	16	-7	
2079	10.3950	15	17	-8	
2080	10.4000	15	17	-8	
2081	10.4050	15	17	-9	
2082	10.4100	14	18	-9	
2083	10.4150	14	18	-10	
2084	10.4200	14	18	-10	
2085	10.4250	14	18	-11	
2086	10.4300	14	18	-11	
2087	10.4350	14	18	-12	
2088	10.4400	14	18	-12	
2089	10.4450	14	19	-13	
2090	10.4500	14	19	-13	
2091	10.4550	14	19	-14	
2092	10.4600	14	19	-14	
2093	10.4650	13	19	-15	
2094	10.4700	13	19	-15	
2095	10.4750	13	19	-16	
2096	10.4800	13	18	-16	
2097	10.4850	12	18	-16	
2098	10.4900	12	18	-17	
2099	10.4950	12	18	-17	
2100	10.5000	12	18	-17	
2101	10.5050	12	18	-18	
2102	10.5100	12	17	-18	
2103	10.5150	12	17	-18	
2104	10.5200	12	17	-18	
2105	10.5250	11	16	-18	
2106	10.5300	11	16	-19	
2107	10.5350	11	16	-19	
2108	10.5400	11	15	-19	
2109	10.5450	10	15	-19	
2110	10.5500	10	14	-19	
2111	10.5550	10	14	-19	
2112	10.5600	10	14	-19	
2113	10.5650	10	13	-20	
2114	10.5700	10	13	-20	
2115	10.5750	10	12	-20	
2116	10.5800	10	12	-19	
2117	10.5850	9	11	-19	
2118	10.5900	9	10	-19	
2119	10.5950	9	10	-19	
2120	10.6000	9	9	-19	
2121	10.6050	9	9	-19	
2122	10.6100	8	8	-19	
2123	10.6150	8	7	-18	
2124	10.6200	8	7	-18	
2125	10.6250	8	6	-18	
2126	10.6300	8	6	-18	
2127	10.6350	8	5	-18	
2128	10.6400	8	4	-17	
2129	10.6450	8	4	-17	
2130	10.6500	8	3	-16	
2131	10.6550	8	2	-16	
2132	10.6600	8	2	-16	
2133	10.6650	8	1	-15	
2134	10.6700	7	0	-15	
2135	10.6750	7	-1	-14	
2136	10.6800	7	-1	-14	
2137	10.6850	7	-2	-14	
2138	10.6900	7	-3	-13	
2139	10.6950	7	-3	-13	
2140	10.7000	7	-4	-12	
2141	10.7050	7	-5	-12	
2142	10.7100	7	-5	-11	
2143	10.7150	7	-6	-10	
2144	10.7200	7	-6	-10	
2145	10.7250	7	-7	-9	
2146	10.7300	7	-8	-9	
2147	10.7350	7	-8	-8	
2148	10.7400	7	-9	-8	
2149	10.7450	7	-9	-7	
2150	10.7500	7	-10	-6	
2151	10.7550	7	-10	-6	
2152	10.7600	7	-11	-5	
2153	10.7650	7	-12	-5	
2154	10.7700	7	-12	-4	
2155	10.7750	7	-12	-4	
2156	10.7800	7	-13	-3	
2157	10.7850	7	-13	-2	
2158	10.7900	7	-14	-2	
2159	10.7950	8	-14	-1	
2160	10.8000	8	-14	0	
2161	10.8050	8	-15	0	
2162	10.8100	8	-15	1	
2163	10.8150	8	-15	1	
2164	10.8200	8	-16	2	
2165	10.8250	8	-16	2	
2166	10.8300	8	-16	3	
2167	10.8350	8	-16	4	
2168	10.8400	8	-16	4	
2169	10.8450	8	-16	5	
2170	10.8500	8	-16	5	
2171	10.8550	8	-17	6	
2172	10.8600	9	-17	6	
2173	10.8650	9	-17	7	
2174	10.8700	9	-17	7	
2175	10.8750	9	-17	8	
2176	10.8800	9	-17	8	
2177	10.8850	10	-16	8	
2178	10.8900	10	-16	9	
2179	10.8950	10	-16	9	
2180	10.9000	10	-16	10	
2181	10.9050	10	-16	10	
2182	10.9100	10	-16	10	
2183	10.9150	10	-16	10	
2184	10.9200	10	-15	11	
2185	10.9250	11	-15	11	
2186	10.9300	11	-15	11	
2187	10.9350	11	-14	12	
2188	10.9400	11	-14	12	
2189	10.9450	12	-14	12	
2190	10.9500	12	-13	12	
2191	10.9550	12	-13	12	
2192	10.9600	12	-12	12	
2193	10.9650	12	-12	12	
2194	10.9700	12	-12	12	
2195	10.9750	12	-11	12	
2196	10.9800	12	-10	12	
2197	10.9850	13	-10	12	
2198	10.9900	13	-10	12	
2199	10.9950	13	-9	12	
2200	11.0000	13	-8	12	
2201	11.0050	14	-8	12	
2202	11.0100	14	-7	12	
2203	11.0150	14	-6	12	
2204	11.0200	14	-6	12	
2205	11.0250	14	-5	12	
2206	11.0300	14	-5	12	
2207	11.0350	14	-4	11	
2208	11.0400	14	-3	11	
2209	11.0450	14	-3	11	
2210	11.0500	14	-2	10	
2211	11.0550	14	-1	10	
2212	11.0600	15	-1	10	
2213	11.0650	15	0	10	
2214	11.0700	15	1	9	
2215	11.0750	15	2	9	
2216	11.0800	15	2	8	
2217	11.0850	15	3	8	
2218	11.0900	15	4	7	
2219	11.0950	15	4	7	
2220	11.1000	15	5	6	
2221	11.1050	16	6	6	
2222	11.1100	16	6	5	
2223	11.1150	16	7	5	
2224	11.1200	16	8	4	
2225	11.1250	16	8	4	
2226	11.1300	16	9	3	
2227	11.1350	16	9	3	
2228	11.1400	16	10	2	
2229	11.1450	16	10	2	
2230	11.1500	16	11	1	
2231	11.1550	16	12	0	
2232	11.1600	16	12	0	
2233	11.1650	16	13	-1	
2234	11.1700	16	13	-2	
2235	11.1750	16	14	-2	
2236	11.1800	15	14	-3	
2237	11.1850	15	15	-3	
2238	11.1900	15	15	-4	
2239	11.1950	15	16	-4	
2240	11.2000	15	16	-5	
2241	11.2050	15	16	-6	
2242	11.2100	15	17	-6	
2243	11.2150	15	17	-7	
2244	11.2200	15	17	-8	
2245	11.2250	14	18	-8	
2246	11.2300	14	18	-9	
2247	11.2350	14	18	-9	
2248	11.2400	14	18	-10	
2249	11.2450	14	18	-10	
2250	11.2500	14	18	-11	
2251	11.2550	14	19	-12	
2252	11.2600	14	19	-12	
2253	11.2650	14	19	-13	
2254	11.2700	14	19	-13	
2255	11.2750	14	19	-14	
2256	11.2800	13	19	-14	
2257	11.2850	13	19	-14	
2258	11.2900	13	19	-15	
2259	11.2950	13	19	-16	
2260	11.3000	12	19	-16	
2261	11.3050	12	18	-16	
2262	11.3100	12	18	-17	
2263	11.3150	12	18	-17	
2264	11.3200	12	18	-17	
2265	11.3250	12	18	-18	
2266	11.3300	12	18	-18	
2267	11.3350	12	17	-18	
2268	11.3400	11	17	-18	
2269	11.3450	11	16	-19	
2270	11.3500	11	16	-19	
2271	11.3550	11	16	-19	
2272	11.3600	11	16	-19	
2273	11.3650	10	15	-20	
2274	11.3700	10	14	-20	
2275	11.3750	10	14	-20	
2276	11.3800	10	14	-20	
2277	11.3850	10	13	-20	
2278	11.3900	10	13	-20	
2279	11.3950	10	12	-20	
2280	11.4000	10	12	-20	
2281	11.4050	9	11	-20	
2282	11.4100	9	10	-20	
2283	11.4150	9	10	-20	
2284	11.4200	9	9	-20	
2285	11.4250	9	8	-20	
2286	11.4300	8	8	-19	
2287	11.4350	8	7	-19	
2288	11.4400	8	7	-19	
2289	11.4450	8	6	-19	
2290	11.4500	8	5	-18	
2291	11.4550	8	5	-18	
2292	11.4600	8	4	-18	
2293	11.4650	8	3	-18	
2294	11.4700	8	3	-17	
2295	11.4750	8	2	-17	
2296	11.4800	8	1	-16	
2297	11.4850	8	0	-16	
2298	11.4900	7	0	-16	
2299	11.4950	7	-1	-15	
2300	11.5000	7	-2	-15	
2301	11.5050	7	-2	-14	
2302	11.5100	7	-3	-14	
2303	11.5150	7	-4	-14	
2304	11.5200	7	-4	-13	
2305	11.5250	7	-5	-12	
2306	11.5300	7	-6	-12	
2307	11.5350	7	-6	-11	
2308	11.5400	7	-7	-11	
2309	11.5450	7	-8	-10	
2310	11.5500	7	-8	-10	
2311	11.5550	7	-9	-9	
2312	11.5600	7	-9	-8	
2313	11.5650	7	-10	-8	
2314	11.5700	7	-10	-7	
2315	11.5750	7	-11	-7	
2316	11.5800	7	-11	-6	
2317	11.5850	7	-12	-6	
2318	11.5900	7	-12	-5	
2319	11.5950	7	-13	-4	
2320	11.6000	7	-13	-4	
2321	11.6050	7	-14	-3	
2322	11.6100	7	-14	-2	
2323	11.6150	8	-14	-2	
2324	11.6200	8	-15	-1	
2325	11.6250	8	-15	0	
2326	11.6300	8	-15	0	
2327	11.6350	8	-16	1	
2328	11.6400	8	-16	1	
2329	11.6450	8	-16	2	
2330	11.6500	8	-16	2	
2331	11.6550	8	-16	3	
2332	11.6600	8	-17	4	
2333	11.6650	8	-17	4	
2334	11.6700	8	-17	5	
2335	11.6750	9	-17	5	
2336	11.6800	9	-17	6	
2337	11.6850	9	-17	6	
2338	11.6900	9	-17	7	
2339	11.6950	9	-17	7	
2340	11.7000	10	-17	8	
2341	11.7050	10	-17	8	
2342	11.7100	10	-17	9	
2343	11.7150	10	-17	9	
2344	11.7200	10	-16	10	
2345	11.7250	10	-16	10	
2346	11.7300	10	-16	10	
2347	11.7350	10	-16	10	
2348	11.7400	11	-16	11	
2349	11.7450	11	-15	11	
2350	11.7500	11	-15	12	
2351	11.7550	11	-15	12	
2352	11.7600	12	-14	12	
2353	11.7650	12	-14	12	
2354	11.7700	12	-14	12	
2355	11.7750	12	-13	12	
2356	11.7800	12	-13	12	
2357	11.7850	12	-12	13	
2358	11.7900	12	-12	13	
2359	11.7950	12	-11	13	
2360	11.8000	13	-11	13	
2361	11.8050	13	-10	13	
2362	11.8100	13	-10	13	
2363	11.8150	13	-9	13	
2364	11.8200	13	-8	13	
2365	11.8250	14	-8	13	
2366	11.8300	14	-7	13	
2367	11.8350	14	-6	12	
2368	11.8400	14	-6	12	
2369	11.8450	14	-5	12	
2370	11.8500	14	-5	12	
2371	11.8550	14	-4	12	
2372	11.8600	14	-3	12	
2373	11.8650	14	-2	11	
2374	11.8700	14	-2	11	
2375	11.8750	14	-1	11	
2376	11.8800	15	0	10	
2377	11.8850	15	0	10	
2378	11.8900	15	1	10	
2379	11.8950	15	2	10	
2380	11.9000	15	2	9	
2381	11.9050	15	3	8	
2382	11.9100	15	4	8	
2383	11.9150	15	4	8	
2384	11.9200	16	5	7	
2385	11.9250	16	6	7	
2386	11.9300	16	6	6	
2387	11.9350	16	7	6	
2388	11.9400	16	8	5	
2389	11.9450	16	8	5	
2390	11.9500	16	9	4	
2391	11.9550	16	10	4	
2392	11.9600	16	10	3	
2393	11.9650	16	11	2	
2394	11.9700	16	11	2	
2395	11.9750	16	12	1	
2396	11.9800	16	12	1	
2397	11.9850	16	13	0	
2398	11.9900	16	14	0	
2399	11.9950	16	14	-1	
2400	12.0000	15	14	-2	
2401	12.0050	15	15	-2	
2402	12.0100	15	16	-3	
2403	12.0150	15	16	-4	
2404	12.0200	15	16	-4	
2405	12.0250	15	17	-5	
2406	12.0300	15	17	-6	
2407	12.0350	15	17	-6	
2408	12.0400	15	18	-7	
2409	12.0450	14	18	-8	
2410	12.0500	14	18	-8	
2411	12.0550	14	18	-8	
2412	12.0600	14	18	-9	
2413	12.0650	14	19	-10	
2414	12.0700	14	19	-10	
2415	12.0750	14	19	-11	
2416	12.0800	14	19	-12	
2417	12.0850	14	19	-12	
2418	12.0900	14	19	-12	
2419	12.0950	14	19	-13	
2420	12.1000	13	19	-14	
2421	12.1050	13	19	-14	
2422	12.1100	13	19	-14	
2423	12.1150	13	19	-15	
2424	12.1200	12	19	-15	
2425	12.1250	12	19	-16	
2426	12.1300	12	19	-16	
2427	12.1350	12	18	-16	
2428	12.1400	12	18	-17	
2429	12.1450	12	18	-17	
2430	12.1500	12	18	-18	
2431	12.1550	12	18	-18	
2432	12.1600	11	17	-18	
2433	12.1650	11	17	-18	
2434	12.1700	11	16	-19	
2435	12.1750	11	16	-19	
2436	12.1800	10	16	-19	
2437	12.1850	10	15	-19	
2438	12.1900	10	15	-20	
2439	12.1950	10	14	-20	
2440	12.2000	10	14	-20	
2441	12.2050	10	13	-20	
2442	12.2100	10	13	-20	
2443	12.2150	10	12	-20	
2444	12.2200	9	12	-20	
2445	12.2250	9	11	-20	
2446	12.2300	9	10	-20	
2447	12.2350	9	10	-20	
2448	12.2400	9	9	-20	
2449	12.2450	8	8	-20	
2450	12.2500	8	8	-20	
2451	12.2550	8	7	-19	
2452	12.2600	8	7	-19	
2453	12.2650	8	6	-19	
2454	12.2700	8	5	-19	
2455	12.2750	8	5	-18	
2456	12.2800	8	4	-18	
2457	12.2850	8	3	-18	
2458	12.2900	8	2	-18	
2459	12.2950	8	2	-17	
2460	12.3000	8	1	-17	
2461	12.3050	7	0	-16	
2462	12.3100	7	0	-16	
2463	12.3150	7	-1	-16	
2464	12.3200	7	-2	-15	
2465	12.3250	7	-2	-15	
2466	12.3300	7	-3	-14	
2467	12.3350	7	-4	-14	
2468	12.3400	7	-4	-14	
2469	12.3450	7	-5	-13	
2470	12.3500	7	-6	-12	
2471	12.3550	7	-6	-12	
2472	12.3600	7	-7	-12	
2473	12.3650	7	-8	-11	
2474	12.3700	7	-8	-10	
2475	12.3750	7	-9	-10	
2476	12.3800	7	-9	-9	
2477	12.3850	7	-10	-8	
2478	12.3900	7	-10	-8	
2479	12.3950	7	-11	-7	
2480	12.4000	7	-12	-7	
2481	12.4050	7	-12	-6	
2482	12.4100	7	-13	-6	
2483	12.4150	7	-13	-5	
2484	12.4200	7	-14	-4	
2485	12.4250	7	-14	-4	
2486	12.4300	7	-14	-3	
2487	12.4350	8	-15	-2	
2488	12.4400	8	-15	-2	
2489	12.4450	8	-15	-1	
2490	12.4500	8	-16	0	
2491	12.4550	8	-16	0	
2492	12.4600	8	-16	1	
2493	12.4650	8	-16	1	
2494	12.4700	8	-17	2	
2495	12.4750	8	-17	2	
2496	12.4800	8	-17	3	
2497	12.4850	8	-17	4	
2498	12.4900	8	-17	4	
2499	12.4950	9	-17	5	
2500	12.5000	9	-17	5	
2501	12.5050	9	-17	6	
2502	12.5100	9	-17	6	
2503	12.5150	9	-17	7	
2504	12.5200	10	-17	7	
2505	12.5250	10	-17	8	
2506	12.5300	10	-17	8	
2507	12.5350	10	-17	9	
2508	12.5400	10	-17	9	
2509	12.5450	10	-16	10	
2510	12.5500	10	-16	10	
2511	12.5550	10	-16	10	
2512	12.5600	11	-16	10	
2513	12.5650	11	-15	11	
2514	12.5700	11	-15	11	
2515	12.5750	11	-15	11	
2516	12.5800	12	-14	12	
2517	12.5850	12	-14	12	
2518	12.5900	12	-14	12	
2519	12.5950	12	-13	12	
2520	12.6000	12	-13	12	
2521	12.6050	12	-12	12	
2522	12.6100	12	-12	13	
2523	12.6150	12	-11	13	
2524	12.6200	13	-11	13	
2525	12.6250	13	-10	13	
2526	12.6300	13	-10	13	
2527	12.6350	13	-9	13	
2528	12.6400	14	-8	13	
2529	12.6450	14	-8	13	
2530	12.6500	14	-7	13	
2531	12.6550	14	-6	12	
2532	12.6600	14	-6	12	
2533	12.6650	14	-5	12	
2534	12.6700	14	-4	12	
2535	12.6750	14	-4	12	
2536	12.6800	14	-3	12	
2537	12.6850	14	-2	12	
2538	12.6900	14	-2	11	
2539	12.6950	15	-1	11	
2540	12.7000	15	0	11	
2541	12.7050	15	0	10	
2542	12.7100	15	1	10	
2543	12.7150	15	2	10	
2544	12.7200	15	2	9	
2545	12.7250	15	3	9	
2546	12.7300	15	4	8	
2547	12.7350	15	5	8	
2548	12.7400	16	5	8	
2549	12.7450	16	6	7	
2550	12.7500	16	7	6	
2551	12.7550	16	7	6	
2552	12.7600	16	8	6	
2553	12.7650	16	8	5	
2554	12.7700	16	9	4	
2555	12.7750	16	10	4	
2556	12.7800	16	10	3	
2557	12.7850	16	11	3	
2558	12.7900	16	12	2	
2559	12.7950	16	12	2	
2560	12.8000	16	13	1	
2561	12.8050	16	13	0	
2562	12.8100	16	14	0	
2563	12.8150	16	14	-1	
2564	12.8200	15	15	-2	
2565	12.8250	15	15	-2	
2566	12.8300	15	16	-3	
2567	12.8350	15	16	-4	
2568	12.8400	15	16	-4	
2569	12.8450	15	17	-5	
2570	12.8500	15	17	-5	
2571	12.8550	15	18	-6	
2572	12.8600	14	18	-6	
2573	12.8650	14	18	-7	
2574	12.8700	14	18	-8	
2575	12.8750	14	19	-8	
2576	12.8800	14	19	-9	
2577	12.8850	14	19	-10	
2578	12.8900	14	19	-10	
2579	12.8950	14	19	-11	
2580	12.9000	14	20	-11	
2581	12.9050	14	20	-12	
2582	12.9100	14	20	-12	
2583	12.9150	13	20	-13	
2584	12.9200	13	20	-14	
2585	12.9250	13	20	-14	
2586	12.9300	13	20	-14	
2587	12.9350	12	19	-15	
2588	12.9400	12	19	-15	
2589	12.9450	12	19	-16	
2590	12.9500	12	19	-16	
2591	12.9550	12	19	-17	
2592	12.9600	12	18	-17	
2593	12.9650	12	18	-17	
2594	12.9700	12	18	-18	
2595	12.9750	12	18	-18	
2596	12.9800	11	17	-18	
2597	12.9850	11	17	-19	
2598	12.9900	11	17	-19	
2599	12.9950	11	16	-19	
2600	13.0000	10	16	-19	
2601	13.0050	10	15	-20	
2602	13.0100	10	15	-20	
2603	13.0150	10	14	-20	
2604	13.0200	10	14	-20	
2605	13.0250	10	13	-20	
2606	13.0300	10	13	-20	
2607	13.0350	10	12	-20	
2608	13.0400	9	12	-20	
2609	13.0450	9	11	-20	
2610	13.0500	9	10	-20	
2611	13.0550	9	10	-20	
2612	13.0600	9	9	-20	
2613	13.0650	8	9	-20	
2614	13.0700	8	8	-20	
2615	13.0750	8	7	-20	
2616	13.0800	8	7	-20	
2617	13.0850	8	6	-19	
2618	13.0900	8	5	-19	
2619	13.0950	8	5	-19	
2620	13.1000	8	4	-19	
2621	13.1050	8	3	-18	
2622	13.1100	8	2	-18	
2623	13.1150	8	2	-18	
2624	13.1200	8	1	-17	
2625	13.1250	7	0	-17	
2626	13.1300	7	0	-17	
2627	13.1350	7	-1	-16	
2628	13.1400	7	-2	-16	
2629	13.1450	7	-2	-15	
2630	13.1500	7	-3	-15	
2631	13.1550	7	-4	-14	
2632	13.1600	7	-4	-14	
2633	13.1650	7	-5	-14	
2634	13.1700	7	-6	-13	
2635	13.1750	7	-6	-12	
2636	13.1800	7	-7	-12	
2637	13.1850	7	-8	-11	
2638	13.1900	7	-8	-11	
2639	13.1950	7	-9	-10	
2640	13.2000	7	-10	-10	
2641	13.2050	7	-10	-9	
2642	13.2100	7	-11	-8	
2643	13.2150	7	-11	-8	
2644	13.2200	7	-12	-7	
2645	13.2250	7	-12	-6	
2646	13.2300	7	-13	-6	
2647	13.2350	7	-13	-5	
2648	13.2400	7	-14	-4	
2649	13.2450	7	-14	-4	
2650	13.2500	8	-14	-3	
2651	13.2550	8	-15	-3	
2652	13.2600	8	-15	-2	
2653	13.2650	8	-16	-1	
2654	13.2700	8	-16	-1	
2655	13.2750	8	-16	0	
2656	13.2800	8	-16	0	
2657	13.2850	8	-17	1	
2658	13.2900	8	-17	2	
2659	13.2950	8	-17	2	
2660	13.3000	8	-17	3	
2661	13.3050	8	-17	4	
2662	13.3100	9	-17	4	
2663	13.3150	9	-18	5	
2664	13.3200	9	-18	5	
2665	13.3250	9	-18	6	
2666	13.3300	9	-18	6	
2667	13.3350	10	-18	7	
2668	13.3400	10	-17	8	
2669	13.3450	10	-17	8	
2670	13.3500	10	-17	8	
2671	13.3550	10	-17	9	
2672	13.3600	10	-17	9	
2673	13.3650	10	-16	10	
2674	13.3700	10	-16	10	
2675	13.3750	11	-16	10	
2676	13.3800	11	-16	11	
2677	13.3850	11	-16	11	
2678	13.3900	11	-15	11	
2679	13.3950	12	-15	12	
2680	13.4000	12	-14	12	
2681	13.4050	12	-14	12	
2682	13.4100	12	-14	12	
2683	13.4150	12	-13	13	
2684	13.4200	12	-13	13	
2685	13.4250	12	-12	13	
2686	13.4300	12	-12	13	
2687	13.4350	12	-11	13	
2688	13.4400	13	-11	13	
2689	13.4450	13	-10	13	
2690	13.4500	13	-10	14	
2691	13.4550	13	-9	14	
2692	13.4600	14	-8	14	
2693	13.4650	14	-8	13	
2694	13.4700	14	-7	13	
2695	13.4750	14	-6	13	
2696	13.4800	14	-6	13	
2697	13.4850	14	-5	13	
2698	13.4900	14	-4	13	
2699	13.4950	14	-4	13	
2700	13.5000	14	-3	12	
2701	13.5050	14	-2	12	
2702	13.5100	14	-2	12	
2703	13.5150	15	-1	12	
2704	13.5200	15	0	11	
2705	13.5250	15	1	11	
2706	13.5300	15	1	11	
2707	13.5350	15	2	10	
2708	13.5400	15	3	10	
2709	13.5450	15	4	10	
2710	13.5500	15	4	9	
2711	13.5550	15	5	9	
2712	13.5600	16	6	8	
2713	13.5650	16	6	8	
2714	13.5700	16	7	7	
2715	13.5750	16	8	7	
2716	13.5800	16	8	6	
2717	13.5850	16	9	6	
2718	13.5900	16	10	5	
2719	13.5950	16	10	5	
2720	13.6000	16	11	4	
2721	13.6050	16	12	4	
2722	13.6100	16	12	3	
2723	13.6150	16	13	2	
2724	13.6200	16	13	2	
2725	13.6250	16	14	1	
2726	13.6300	16	14	0	
2727	13.6350	15	15	0	
2728	13.6400	15	15	-1	
2729	13.6450	15	16	-2	
2730	13.6500	15	16	-2	
2731	13.6550	15	16	-3	
2732	13.6600	15	17	-4	
2733	13.6650	15	17	-4	
2734	13.6700	15	18	-5	
2735	13.6750	15	18	-5	
2736	13.6800	14	18	-6	
2737	13.6850	14	19	-7	
2738	13.6900	14	19	-7	
2739	13.6950	14	19	-8	
2740	13.7000	14	19	-8	
2741	13.7050	14	20	-9	
2742	13.7100	14	20	-10	
2743	13.7150	14	20	-10	
2744	13.7200	14	20	-11	
2745	13.7250	14	20	-12	
2746	13.7300	13	20	-12	
2747	13.7350	13	20	-13	
2748	13.7400	13	20	-13	
2749	13.7450	13	20	-14	
2750	13.7500	13	20	-14	
2751	13.7550	12	20	-15	
2752	13.7600	12	20	-15	
2753	13.7650	12	19	-16	
2754	13.7700	12	19	-16	
2755	13.7750	12	19	-16	
2756	13.7800	12	19	-17	
2757	13.7850	12	18	-17	
2758	13.7900	12	18	-18	
2759	13.7950	11	18	-18	
2760	13.8000	11	18	-18	
2761	13.8050	11	17	-19	
2762	13.8100	11	17	-19	
2763	13.8150	10	16	-19	
2764	13.8200	10	16	-20	
2765	13.8250	10	16	-20	
2766	13.8300	10	15	-20	
2767	13.8350	10	14	-20	
2768	13.8400	10	14	-20	
2769	13.8450	10	14	-20	
2770	13.8500	10	13	-20	
2771	13.8550	9	12	-20	
2772	13.8600	9	12	-20	
2773	13.8650	9	11	-20	
2774	13.8700	9	11	-20	
2775	13.8750	9	10	-20	
2776	13.8800	8	9	-20	
2777	13.8850	8	9	-20	
2778	13.8900	8	8	-20	
2779	13.8950	8	7	-20	
2780	13.9000	8	7	-20	
2781	13.9050	8	6	-20	
2782	13.9100	8	5	-20	
2783	13.9150	8	4	-20	
2784	13.9200	8	4	-19	
2785	13.9250	8	3	-19	
2786	13.9300	8	2	-18	
2787	13.9350	8	2	-18	
2788	13.9400	7	1	-18	
2789	13.9450	7	0	-18	
2790	13.9500	7	0	-17	
2791	13.9550	7	-1	-17	
2792	13.9600	7	-2	-16	
2793	13.9650	7	-3	-16	
2794	13.9700	7	-3	-16	
2795	13.9750	7	-4	-15	
2796	13.9800	7	-5	-14	
2797	13.9850	7	-6	-14	
2798	13.9900	7	-6	-14	
2799	13.9950	7	-7	-13	
2800	14.0000	7	-7	-12	
2801	14.0050	7	-8	-12	
2802	14.0100	7	-9	-11	
2803	14.0150	7	-9	-11	
2804	14.0200	7	-10	-10	
2805	14.0250	7	-10	-10	
2806	14.0300	7	-11	-9	
2807	14.0350	7	-12	-8	
2808	14.0400	7	-12	-8	
2809	14.0450	7	-12	-7	
2810	14.0500	7	-13	-6	
2811	14.0550	7	-14	-6	
2812	14.0600	7	-14	-5	
2813	14.0650	8	-14	-4	
2814	14.0700	8	-15	-4	
2815	14.0750	8	-15	-3	
2816	14.0800	8	-16	-2	
2817	14.0850	8	-16	-2	
2818	14.0900	8	-16	-1	
2819	14.0950	8	-16	-1	
2820	14.1000	8	-17	0	
2821	14.1050	8	-17	1	
2822	14.1100	8	-17	1	
2823	14.1150	8	-17	2	
2824	14.1200	8	-17	2	
2825	14.1250	9	-18	3	
2826	14.1300	9	-18	4	
2827	14.1350	9	-18	4	
2828	14.1400	9	-18	5	
2829	14.1450	9	-18	6	
2830	14.1500	10	-18	6	
2831	14.1550	10	-18	6	
2832	14.1600	10	-18	7	
2833	14.1650	10	-18	8	
2834	14.1700	10	-17	8	
2835	14.1750	10	-17	8	
2836	14.1800	10	-17	9	
2837	14.1850	10	-17	10	
2838	14.1900	10	-16	10	
2839	14.1950	11	-16	10	
2840	14.2000	11	-16	10	
2841	14.2050	11	-16	11	
2842	14.2100	11	-15	11	
2843	14.2150	12	-15	12	
2844	14.2200	12	-14	12	
2845	14.2250	12	-14	12	
2846	14.2300	12	-14	12	
2847	14.2350	12	-13	12	
2848	14.2400	12	-13	13	
2849	14.2450	12	-12	13	
2850	14.2500	12	-12	13	
2851	14.2550	13	-11	13	
2852	14.2600	13	-11	13	
2853	14.2650	13	-10	14	
2854	14.2700	13	-10	14	
2855	14.2750	14	-9	14	
2856	14.2800	14	-8	14	
2857	14.2850	14	-8	14	
2858	14.2900	14	-7	14	
2859	14.2950	14	-6	13	
2860	14.3000	14	-6	13	
2861	14.3050	14	-5	13	
2862	14.3100	14	-4	13	
2863	14.3150	14	-4	13	
2864	14.3200	14	-3	12	
2865	14.3250	14	-2	12	
2866	14.3300	15	-1	12	
2867	14.3350	15	-1	12	
2868	14.3400	15	0	12	
2869	14.3450	15	1	11	
2870	14.3500	15	2	11	
2871	14.3550	15	2	10	
2872	14.3600	15	3	10	
2873	14.3650	15	4	10	
2874	14.3700	15	4	10	
2875	14.3750	16	5	9	
2876	14.3800	16	6	8	
2877	14.3850	16	6	8	
2878	14.3900	16	7	8	
2879	14.3950	16	8	7	
2880	14.4000	16	8	6	
2881	14.4050	16	9	6	
2882	14.4100	16	10	6	
2883	14.4150	16	10	5	
2884	14.4200	16	11	4	
2885	14.4250	16	12	4	
2886	14.4300	16	12	3	
2887	14.4350	16	13	2	
2888	14.4400	16	14	2	
2889	14.4450	16	14	1	
2890	14.4500	15	14	1	
2891	14.4550	15	15	0	
2892	14.4600	15	16	-1	
2893	14.4650	15	16	-1	
2894	14.4700	15	16	-2	
2895	14.4750	15	17	-3	
2896	14.4800	15	17	-3	
2897	14.4850	15	18	-4	
2898	14.4900	15	18	-4	
2899	14.4950	14	18	-5	
2900	14.5000	14	18	-6	
2901	14.5050	14	19	-6	
2902	14.5100	14	19	-7	
2903	14.5150	14	19	-8	
2904	14.5200	14	20	-8	
2905	14.5250	14	20	-9	
2906	14.5300	14	20	-10	
2907	14.5350	14	20	-10	
2908	14.5400	14	20	-11	
2909	14.5450	14	20	-12	
2910	14.5500	13	20	-12	
2911	14.5550	13	20	-13	
2912	14.5600	13	20	-13	
2913	14.5650	13	20	-14	
2914	14.5700	12	20	-14	
2915	14.5750	12	20	-15	
2916	14.5800	12	20	-15	
2917	14.5850	12	20	-16	
2918	14.5900	12	19	-16	
2919	14.5950	12	19	-16	
2920	14.6000	12	19	-17	
2921	14.6050	12	18	-18	
2922	14.6100	11	18	-18	
2923	14.6150	11	18	-18	
2924	14.6200	11	18	-18	
2925	14.6250	11	17	-19	
2926	14.6300	10	17	-19	
2927	14.6350	10	16	-20	
2928	14.6400	10	16	-20	
2929	14.6450	10	16	-20	
2930	14.6500	10	15	-20	
2931	14.6550	10	14	-20	
2932	14.6600	10	14	-20	
2933	14.6650	10	13	-20	
2934	14.6700	10	13	-21	
2935	14.6750	9	12	-21	
2936	14.6800	9	12	-21	
2937	14.6850	9	11	-21	
2938	14.6900	9	10	-21	
2939	14.6950	8	10	-21	
2940	14.7000	8	9	-21	
2941	14.7050	8	8	-21	
2942	14.7100	8	8	-20	
2943	14.7150	8	7	-20	
2944	14.7200	8	6	-20	
2945	14.7250	8	6	-20	
2946	14.7300	8	5	-20	
2947	14.7350	8	4	-20	
2948	14.7400	8	4	-20	
2949	14.7450	8	3	-19	
2950	14.7500	8	2	-19	
2951	14.7550	7	1	-18	
2952	14.7600	7	0	-18	
2953	14.7650	7	0	-18	
2954	14.7700	7	-1	-18	
2955	14.7750	7	-2	-17	
2956	14.7800	7	-2	-17	
2957	14.7850	7	-3	-16	
2958	14.7900	7	-4	-16	
2959	14.7950	7	-4	-15	
2960	14.8000	7	-5	-15	
2961	14.8050	7	-6	-14	
2962	14.8100	7	-6	-14	
2963	14.8150	7	-7	-13	
2964	14.8200	7	-8	-13	
2965	14.8250	7	-8	-12	
2966	14.8300	7	-9	-12	
2967	14.8350	7	-10	-11	
2968	14.8400	7	-10	-10	
2969	14.8450	7	-11	-10	
2970	14.8500	7	-11	-9	
2971	14.8550	7	-12	-8	
2972	14.8600	7	-12	-8	
2973	14.8650	7	-13	-7	
2974	14.8700	7	-14	-6	
2975	14.8750	7	-14	-6	
2976	14.8800	7	-14	-5	
2977	14.8850	8	-15	-4	
2978	14.8900	8	-15	-4	
2979	14.8950	8	-16	-3	
2980	14.9000	8	-16	-2	
2981	14.9050	8	-16	-2	
2982	14.9100	8	-16	-1	
2983	14.9150	8	-17	0	
2984	14.9200	8	-17	0	
2985	14.9250	8	-17	1	
2986	14.9300	8	-17	1	
2987	14.9350	8	-18	2	
2988	14.9400	8	-18	3	
2989	14.9450	9	-18	3	
2990	14.9500	9	-18	4	
2991	14.9550	9	-18	4	
2992	14.9600	9	-18	5	
2993	14.9650	9	-18	6	
2994	14.9700	10	-18	6	
2995	14.9750	10	-18	7	
2996	14.9800	10	-18	7	
2997	14.9850	10	-18	8	
2998	14.9900	10	-18	8	
2999	14.9950	10	-17	9	
3000	15.0000	10	-17	9	
3001	15.0050	10	-17	10	
3002	15.0100	11	-17	10	
3003	15.0150	11	-16	10	
3004	15.0200	11	-16	11	
3005	15.0250	11	-16	11	
3006	15.0300	12	-15	12	
3007	15.0350	12	-15	12	
3008	15.0400	12	-14	12	
3009	15.0450	12	-14	12	
3010	15.0500	12	-14	13	
3011	15.0550	12	-13	13	
3012	15.0600	12	-13	13	
3013	15.0650	12	-12	14	
3014	15.0700	13	-12	14	
3015	15.0750	13	-11	14	
3016	15.0800	13	-10	14	
3017	15.0850	13	-10	14	
3018	15.0900	13	-9	14	
3019	15.0950	14	-9	14	
3020	15.1000	14	-8	14	
3021	15.1050	14	-7	14	
3022	15.1100	14	-7	14	
3023	15.1150	14	-6	14	
3024	15.1200	14	-6	14	
3025	15.1250	14	-5	14	
3026	15.1300	14	-4	14	
3027	15.1350	14	-3	13	
3028	15.1400	14	-3	13	
3029	15.1450	14	-2	13	
3030	15.1500	15	-1	13	
3031	15.1550	15	0	12	
3032	15.1600	15	0	12	
3033	15.1650	15	1	12	
3034	15.1700	15	2	12	
3035	15.1750	15	2	11	
3036	15.1800	15	3	11	
3037	15.1850	15	4	10	
3038	15.1900	16	5	10	
3039	15.1950	16	5	10	
3040	15.2000	16	6	9	
3041	15.2050	16	7	8	
3042	15.2100	16	8	8	
3043	15.2150	16	8	8	
3044	15.2200	16	9	7	
3045	15.2250	16	10	6	
3046	15.2300	16	10	6	
3047	15.2350	16	11	5	
3048	15.2400	16	12	5	
3049	15.2450	16	12	4	
3050	15.2500	16	13	4	
3051	15.2550	16	13	3	
3052	15.2600	16	14	2	
3053	15.2650	16	14	2	
3054	15.2700	15	15	1	
3055	15.2750	15	15	0	
3056	15.2800	15	16	0	
3057	15.2850	15	16	-1	
3058	15.2900	15	17	-2	
3059	15.2950	15	17	-2	
3060	15.3000	15	18	-3	
3061	15.3050	15	18	-4	
3062	15.3100	15	18	-4	
3063	15.3150	14	19	-5	
3064	15.3200	14	19	-6	
3065	15.3250	14	19	-6	
3066	15.3300	14	19	-7	
3067	15.3350	14	20	-8	
3068	15.3400	14	20	-8	
3069	15.3450	14	20	-9	
3070	15.3500	14	20	-10	
3071	15.3550	14	20	-10	
3072	15.3600	14	20	-11	
3073	15.3650	13	20	-12	
3074	15.3700	13	20	-12	
3075	15.3750	13	20	-13	
3076	15.3800	13	20	-13	
3077	15.3850	13	20	-14	
3078	15.3900	12	20	-14	
3079	15.3950	12	20	-15	
3080	15.4000	12	20	-15	
3081	15.4050	12	20	-16	
3082	15.4100	12	20	-16	
3083	15.4150	12	19	-17	
3084	15.4200	12	19	-17	
3085	15.4250	12	19	-18	
3086	15.4300	11	18	-18	
3087	15.4350	11	18	-18	
3088	15.4400	11	18	-19	
3089	15.4450	11	17	-19	
3090	15.4500	10	17	-20	
3091	15.4550	10	16	-20	
3092	15.4600	10	16	-20	
3093	15.4650	10	16	-20	
3094	15.4700	10	15	-20	
3095	15.4750	10	14	-20	
3096	15.4800	10	14	-21	
3097	15.4850	10	13	-21	
3098	15.4900	9	13	-21	
3099	15.4950	9	12	-21	
3100	15.5000	9	12	-21	
3101	15.5050	9	11	-21	
3102	15.5100	9	10	-21	
3103	15.5150	8	10	-21	
3104	15.5200	8	9	-21	
3105	15.5250	8	8	-21	
3106	15.5300	8	8	-21	
3107	15.5350	8	7	-21	
3108	15.5400	8	6	-21	
3109	15.5450	8	6	-20	
3110	15.5500	8	5	-20	
3111	15.5550	8	4	-20	
3112	15.5600	8	3	-20	
3113	15.5650	8	3	-20	
3114	15.5700	8	2	-20	
3115	15.5750	7	1	-19	
3116	15.5800	7	0	-19	
3117	15.5850	7	0	-18	
3118	15.5900	7	-1	-18	
3119	15.5950	7	-2	-18	
3120	15.6000	7	-2	-17	
3121	15.6050	7	-3	-17	
3122	15.6100	7	-4	-16	
3123	15.6150	7	-5	-16	
3124	15.6200	7	-6	-15	
3125	15.6250	7	-6	-15	
3126	15.6300	7	-7	-14	
3127	15.6350	7	-8	-14	
3128	15.6400	7	-8	-13	
3129	15.6450	7	-9	-12	
3130	15.6500	7	-9	-12	
3131	15.6550	7	-10	-11	
3132	15.6600	7	-10	-11	
3133	15.6650	7	-11	-10	
3134	15.6700	7	-12	-10	
3135	15.6750	7	-12	-9	
3136	15.6800	7	-13	-8	
3137	15.6850	7	-13	-8	
3138	15.6900	7	-14	-7	
3139	15.6950	7	-14	-6	
3140	15.7000	8	-15	-6	
3141	15.7050	8	-15	-5	
3142	15.7100	8	-16	-4	
3143	15.7150	8	-16	-4	
3144	15.7200	8	-16	-3	
3145	15.7250	8	-16	-2	
3146	15.7300	8	-17	-2	
3147	15.7350	8	-17	-1	
3148	15.7400	8	-17	0	
3149	15.7450	8	-18	0	
3150	15.7500	8	-18	1	
3151	15.7550	8	-18	2	
3152	15.7600	9	-18	2	
3153	15.7650	9	-18	3	
3154	15.7700	9	-18	4	
3155	15.7750	9	-18	4	
3156	15.7800	9	-18	5	
3157	15.7850	10	-18	6	
3158	15.7900	10	-18	6	
3159	15.7950	10	-18	7	
3160	15.8000	10	-18	7	
3161	15.8050	10	-18	8	
3162	15.8100	10	-18	8	
3163	15.8150	10	-17	9	
3164	15.8200	10	-17	9	
3165	15.8250	11	-17	10	
3166	15.8300	11	-17	10	
3167	15.8350	11	-16	10	
3168	15.8400	11	-16	11	
3169	15.8450	12	-16	11	
3170	15.8500	12	-15	12	
3171	15.8550	12	-15	12	
3172	15.8600	12	-14	12	
3173	15.8650	12	-14	13	
3174	15.8700	12	-14	13	
3175	15.8750	12	-13	13	
3176	15.8800	12	-13	14	
3177	15.8850	12	-12	14	
3178	15.8900	13	-12	14	
3179	15.8950	13	-11	14	
3180	15.9000	13	-10	14	
3181	15.9050	13	-10	14	
3182	15.9100	14	-9	14	
3183	15.9150	14	-8	14	
3184	15.9200	14	-8	14	
3185	15.9250	14	-7	14	
3186	15.9300	14	-6	14	
3187	15.9350	14	-6	14	
3188	15.9400	14	-5	14	
3189	15.9450	14	-4	14	
3190	15.9500	14	-4	14	
3191	15.9550	14	-3	14	
3192	15.9600	14	-2	14	
3193	15.9650	15	-2	13	
3194	15.9700	15	-1	13	
3195	15.9750	15	0	13	
3196	15.9800	15	0	12	
3197	15.9850	15	1	12	
3198	15.9900	15	2	12	
3199	15.9950	15	3	12	
3200	16.0000	15	4	11	
3201	16.0050	15	4	11	
3202	16.0100	16	5	10	
3203	16.0150	16	6	10	
3204	16.0200	16	6	10	
3205	16.0250	16	7	9	
3206	16.0300	16	8	8	
3207	16.0350	16	8	8	
3208	16.0400	16	9	8	
3209	16.0450	16	10	7	
3210	16.0500	16	10	6	
3211	16.0550	16	11	6	
3212	16.0600	16	12	5	
3213	16.0650	16	12	4	
3214	16.0700	16	13	4	
3215	16.0750	16	14	3	
3216	16.0800	16	14	3	
3217	16.0850	15	15	2	
3218	16.0900	15	15	1	
3219	16.0950	15	16	1	
3220	16.1000	15	16	0	
3221	16.1050	15	17	-1	
3222	16.1100	15	17	-1	
3223	16.1150	15	18	-2	
3224	16.1200	15	18	-3	
3225	16.1250	15	18	-3	
3226	16.1300	14	18	-4	
3227	16.1350	14	19	-5	
3228	16.1400	14	19	-5	
3229	16.1450	14	19	-6	
3230	16.1500	14	20	-7	
3231	16.1550	14	20	-8	
3232	16.1600	14	20	-8	
3233	16.1650	14	20	-9	
3234	16.1700	14	20	-9	
3235	16.1750	14	20	-10	
3236	16.1800	13	20	-11	
3237	16.1850	13	20	-11	
3238	16.1900	13	20	-12	
3239	16.1950	13	20	-12	
3240	16.2000	13	20	-13	
3241	16.2050	12	20	-14	
3242	16.2100	12	20	-14	
3243	16.2150	12	20	-15	
3244	16.2200	12	20	-15	
3245	16.2250	12	20	-16	
3246	16.2300	12	20	-16	
3247	16.2350	12	19	-17	
3248	16.2400	12	19	-17	
3249	16.2450	11	19	-18	
3250	16.2500	11	18	-18	
3251	16.2550	11	18	-18	
3252	16.2600	11	18	-19	
3253	16.2650	10	17	-19	
3254	16.2700	10	17	-19	
3255	16.2750	10	16	-20	
3256	16.2800	10	16	-20	
3257	16.2850	10	15	-20	
3258	16.2900	10	15	-20	
3259	16.2950	10	14	-20	
3260	16.3000	10	14	-21	
3261	16.3050	9	13	-21	
3262	16.3100	9	12	-21	
3263	16.3150	9	12	-21	
3264	16.3200	9	11	-21	
3265	16.3250	9	11	-21	
3266	16.3300	8	10	-21	
3267	16.3350	8	9	-21	
3268	16.3400	8	9	-21	
3269	16.3450	8	8	-21	
3270	16.3500	8	7	-21	
3271	16.3550	8	6	-21	
3272	16.3600	8	6	-21	
3273	16.3650	8	5	-21	
3274	16.3700	8	4	-20	
3275	16.3750	8	4	-20	
3276	16.3800	8	3	-20	
3277	16.3850	8	2	-20	
3278	16.3900	7	1	-20	
3279	16.3950	7	1	-19	
3280	16.4000	7	0	-19	
3281	16.4050	7	-1	-18	
3282	16.4100	7	-2	-18	
3283	16.4150	7	-2	-18	
3284	16.4200	7	-3	-17	
3285	16.4250	7	-4	-17	
3286	16.4300	7	-4	-16	
3287	16.4350	7	-5	-16	
3288	16.4400	7	-6	-15	
3289	16.4450	7	-7	-15	
3290	16.4500	7	-7	-14	
3291	16.4550	7	-8	-14	
3292	16.4600	7	-9	-13	
3293	16.4650	7	-9	-13	
3294	16.4700	7	-10	-12	
3295	16.4750	7	-10	-12	
3296	16.4800	7	-11	-11	
3297	16.4850	7	-12	-10	
3298	16.4900	7	-12	-10	
3299	16.4950	7	-13	-9	
3300	16.5000	7	-13	-8	
3301	16.5050	7	-14	-8	
3302	16.5100	7	-14	-7	
3303	16.5150	8	-15	-6	
3304	16.5200	8	-15	-6	
3305	16.5250	8	-16	-5	
3306	16.5300	8	-16	-4	
3307	16.5350	8	-16	-4	
3308	16.5400	8	-17	-3	
3309	16.5450	8	-17	-2	
3310	16.5500	8	-17	-1	
3311	16.5550	8	-18	-1	
3312	16.5600	8	-18	0	
3313	16.5650	8	-18	0	
3314	16.5700	8	-18	1	
3315	16.5750	8	-18	2	
3316	16.5800	9	-18	3	
3317	16.5850	9	-18	3	
3318	16.5900	9	-18	4	
3319	16.5950	9	-18	4	
3320	16.6000	10	-18	5	
3321	16.6050	10	-18	6	
3322	16.6100	10	-18	6	
3323	16.6150	10	-18	7	
3324	16.6200	10	-18	8	
3325	16.6250	10	-18	8	
3326	16.6300	10	-18	8	
3327	16.6350	10	-18	9	
3328	16.6400	10	-18	10	
3329	16.6450	11	-17	10	
3330	16.6500	11	-17	10	
3331	16.6550	11	-17	11	
3332	16.6600	11	-16	11	
3333	16.6650	12	-16	12	
3334	16.6700	12	-16	12	
3335	16.6750	12	-15	12	
3336	16.6800	12	-15	13	
3337	16.6850	12	-14	13	
3338	16.6900	12	-14	13	
3339	16.6950	12	-13	14	
3340	16.7000	12	-13	14	
3341	16.7050	13	-12	14	
3342	16.7100	13	-12	14	
3343	16.7150	13	-11	14	
3344	16.7200	13	-10	14	
3345	16.7250	14	-10	14	
3346	16.7300	14	-9	14	
3347	16.7350	14	-8	14	
3348	16.7400	14	-8	14	
3349	16.7450	14	-7	14	
3350	16.7500	14	-6	14	
3351	16.7550	14	-6	14	
3352	16.7600	14	-5	14	
3353	16.7650	14	-4	14	
3354	16.7700	14	-4	14	
3355	16.7750	14	-3	14	
3356	16.7800	15	-2	14	
3357	16.7850	15	-2	14	
3358	16.7900	15	-1	13	
3359	16.7950	15	0	13	
3360	16.8000	15	1	13	
3361	16.8050	15	2	12	
3362	16.8100	15	2	12	
3363	16.8150	15	3	12	
3364	16.8200	15	4	11	
3365	16.8250	16	4	11	
3366	16.8300	16	5	10	
3367	16.8350	16	6	10	
3368	16.8400	16	7	10	
3369	16.8450	16	7	9	
3370	16.8500	16	8	8	
3371	16.8550	16	9	8	
3372	16.8600	16	10	8	
3373	16.8650	16	10	7	
3374	16.8700	16	11	6	
3375	16.8750	16	12	6	
3376	16.8800	16	12	5	
3377	16.8850	16	13	4	
3378	16.8900	16	13	4	
3379	16.8950	16	14	3	
3380	16.9000	16	14	3	
3381	16.9050	15	15	2	
3382	16.9100	15	16	1	
3383	16.9150	15	16	0	
3384	16.9200	15	16	0	
3385	16.9250	15	17	-1	
3386	16.9300	15	17	-2	
3387	16.9350	15	18	-2	
3388	16.9400	15	18	-3	
3389	16.9450	14	18	-4	
3390	16.9500	14	19	-4	
3391	16.9550	14	19	-5	
3392	16.9600	14	20	-6	
3393	16.9650	14	20	-6	
3394	16.9700	14	20	-7	
3395	16.9750	14	20	-8	
3396	16.9800	14	20	-8	
3397	16.9850	14	20	-9	
3398	16.9900	14	20	-10	
3399	16.9950	14	20	-10	
3400	17.0000	13	21	-11	
3401	17.0050	13	21	-12	
3402	17.0100	13	21	-12	
3403	17.0150	13	21	-13	
3404	17.0200	12	20	-14	
3405	17.0250	12	20	-14	
3406	17.0300	12	20	-15	
3407	17.0350	12	20	-15	
3408	17.0400	12	20	-16	
3409	17.0450	12	20	-16	
3410	17.0500	12	20	-17	
3411	17.0550	12	19	-17	
3412	17.0600	11	19	-18	
3413	17.0650	11	19	-18	
3414	17.0700	11	18	-18	
3415	17.0750	11	18	-19	
3416	17.0800	10	18	-19	
3417	17.0850	10	17	-20	
3418	17.0900	10	17	-20	
3419	17.0950	10	16	-20	
3420	17.1000	10	16	-20	
3421	17.1050	10	15	-21	
3422	17.1100	10	15	-21	
3423	17.1150	10	14	-21	
3424	17.1200	10	14	-22	
3425	17.1250	9	13	-22	
3426	17.1300	9	12	-22	
3427	17.1350	9	12	-22	
3428	17.1400	9	11	-22	
3429	17.1450	9	11	-22	
3430	17.1500	8	10	-22	
3431	17.1550	8	9	-22	
3432	17.1600	8	8	-22	
3433	17.1650	8	8	-22	
3434	17.1700	8	7	-22	
3435	17.1750	8	6	-22	
3436	17.1800	8	6	-22	
3437	17.1850	8	5	-21	
3438	17.1900	8	4	-21	
3439	17.1950	8	4	-21	
3440	17.2000	8	3	-21	
3441	17.2050	8	2	-20	
3442	17.2100	7	1	-20	
3443	17.2150	7	0	-20	
3444	17.2200	7	0	-20	
3445	17.2250	7	-1	-19	
3446	17.2300	7	-2	-19	
3447	17.2350	7	-2	-18	
3448	17.2400	7	-3	-18	
3449	17.2450	7	-4	-17	
3450	17.2500	7	-5	-17	
3451	17.2550	7	-6	-16	
3452	17.2600	7	-6	-16	
3453	17.2650	7	-7	-15	
3454	17.2700	7	-8	-15	
3455	17.2750	7	-8	-14	
3456	17.2800	7	-9	-14	
3457	17.2850	7	-10	-13	
3458	17.2900	7	-10	-12	
3459	17.2950	7	-11	-12	
3460	17.3000	7	-11	-11	
3461	17.3050	7	-12	-10	
3462	17.3100	7	-12	-10	
3463	17.3150	7	-13	-9	
3464	17.3200	7	-14	-8	
3465	17.3250	7	-14	-8	
3466	17.3300	7	-14	-7	
3467	17.3350	8	-15	-6	
3468	17.3400	8	-15	-6	
3469	17.3450	8	-16	-5	
3470	17.3500	8	-16	-4	
3471	17.3550	8	-16	-4	
3472	17.3600	8	-17	-3	
3473	17.3650	8	-17	-2	
3474	17.3700	8	-17	-2	
3475	17.3750	8	-18	-1	
3476	17.3800	8	-18	0	
3477	17.3850	8	-18	0	
3478	17.3900	8	-18	1	
3479	17.3950	9	-18	2	
3480	17.4000	9	-18	2	
3481	17.4050	9	-18	3	
3482	17.4100	9	-18	4	
3483	17.4150	9	-18	4	
3484	17.4200	10	-18	5	
3485	17.4250	10	-18	6	
3486	17.4300	10	-18	6	
3487	17.4350	10	-18	7	
3488	17.4400	10	-18	8	
3489	17.4450	10	-18	8	
3490	17.4500	10	-18	9	
3491	17.4550	10	-18	9	
3492	17.4600	11	-18	10	
3493	17.4650	11	-17	10	
3494	17.4700	11	-17	10	
3495	17.4750	11	-16	11	
3496	17.4800	12	-16	12	
3497	17.4850	12	-16	12	
3498	17.4900	12	-16	12	
3499	17.4950	12	-15	12	
3500	17.5000	12	-14	13	
3501	17.5050	12	-14	13	
3502	17.5100	12	-14	14	
3503	17.5150	12	-13	14	
3504	17.5200	13	-12	14	
3505	17.5250	13	-12	14	
3506	17.5300	13	-11	14	
3507	17.5350	13	-11	14	
3508	17.5400	13	-10	15	
3509	17.5450	14	-10	15	
3510	17.5500	14	-9	15	
3511	17.5550	14	-8	15	
3512	17.5600	14	-8	15	
3513	17.5650	14	-7	15	
3514	17.5700	14	-6	15	
3515	17.5750	14	-6	15	
3516	17.5800	14	-5	15	
3517	17.5850	14	-4	15	
3518	17.5900	14	-4	14	
3519	17.5950	14	-3	14	
3520	17.6000	15	-2	14	
3521	17.6050	15	-1	14	
3522	17.6100	15	0	14	
3523	17.6150	15	0	14	
3524	17.6200	15	1	13	
3525	17.6250	15	2	13	
3526	17.6300	15	3	12	
3527	17.6350	15	4	12	
3528	17.6400	16	4	12	
3529	17.6450	16	5	11	
3530	17.6500	16	6	11	
3531	17.6550	16	6	10	
3532	17.6600	16	7	10	
3533	17.6650	16	8	10	
3534	17.6700	16	8	9	
3535	17.6750	16	9	8	
3536	17.6800	16	10	8	
3537	17.6850	16	10	7	
3538	17.6900	16	11	7	
3539	17.6950	16	12	6	
3540	17.7000	16	12	6	
3541	17.7050	16	13	5	
3542	17.7100	16	14	4	
3543	17.7150	16	14	4	
3544	17.7200	15	15	3	
3545	17.7250	15	15	2	
3546	17.7300	15	16	2	
3547	17.7350	15	16	1	
3548	17.7400	15	17	0	
3549	17.7450	15	17	0	
3550	17.7500	15	18	-1	
3551	17.7550	15	18	-2	
3552	17.7600	14	18	-2	
3553	17.7650	14	19	-3	
3554	17.7700	14	19	-4	
3555	17.7750	14	19	-5	
3556	17.7800	14	20	-5	
3557	17.7850	14	20	-6	
3558	17.7900	14	20	-7	
3559	17.7950	14	20	-8	
3560	17.8000	14	20	-8	
3561	17.8050	14	20	-9	
3562	17.8100	14	21	-10	
3563	17.8150	13	21	-10	
3564	17.8200	13	21	-11	
3565	17.8250	13	21	-12	
3566	17.8300	13	21	-12	
3567	17.8350	13	21	-13	
3568	17.8400	12	21	-13	
3569	17.8450	12	20	-14	
3570	17.8500	12	20	-14	
3571	17.8550	12	20	-15	
3572	17.8600	12	20	-16	
3573	17.8650	12	20	-16	
3574	17.8700	12	20	-17	
3575	17.8750	12	19	-17	
3576	17.8800	11	19	-18	
3577	17.8850	11	19	-18	
3578	17.8900	11	18	-18	
3579	17.8950	11	18	-19	
3580	17.9000	10	18	-19	
3581	17.9050	10	17	-20	
3582	17.9100	10	16	-20	
3583	17.9150	10	16	-20	
3584	17.9200	10	16	-20	
3585	17.9250	10	15	-21	
3586	17.9300	10	14	-21	
3587	17.9350	10	14	-21	
3588	17.9400	9	13	-22	
3589	17.9450	9	13	-22	
3590	17.9500	9	12	-22	
3591	17.9550	9	12	-22	
3592	17.9600	9	11	-22	
3593	17.9650	8	10	-22	
3594	17.9700	8	10	-22	
3595	17.9750	8	9	-22	
3596	17.9800	8	8	-22	
3597	17.9850	8	8	-22	
3598	17.9900	8	7	-22	
3599	17.9950	8	6	-22	
3600	18.0000	8	5	-22	
3601	18.0050	8	4	-21	
3602	18.0100	8	4	-21	
3603	18.0150	8	3	-21	
3604	18.0200	8	2	-21	
3605	18.0250	7	2	-20	
3606	18.0300	7	1	-20	
3607	18.0350	7	0	-20	
3608	18.0400	7	-1	-20	
3609	18.0450	7	-2	-19	
3610	18.0500	7	-2	-19	
3611	18.0550	7	-3	-18	
3612	18.0600	7	-4	-18	
3613	18.0650	7	-4	-17	
3614	18.0700	7	-5	-17	
3615	18.0750	7	-6	-16	
3616	18.0800	7	-7	-16	
3617	18.0850	7	-8	-15	
3618	18.0900	7	-8	-15	
3619	18.0950	7	-9	-14	
3620	18.1000	7	-9	-14	
3621	18.1050	7	-10	-13	
3622	18.1100	7	-11	-12	
3623	18.1150	7	-11	-12	
3624	18.1200	7	-12	-11	
3625	18.1250	7	-12	-10	
3626	18.1300	7	-13	-10	
3627	18.1350	7	-14	-9	
3628	18.1400	7	-14	-8	
3629	18.1450	7	-14	-8	
3630	18.1500	8	-15	-7	
3631	18.1550	8	-16	-6	
3632	18.1600	8	-16	-6	
3633	18.1650	8	-16	-5	
3634	18.1700	8	-17	-4	
3635	18.1750	8	-17	-4	
3636	18.1800	8	-17	-3	
3637	18.1850	8	-18	-2	
3638	18.1900	8	-18	-1	
3639	18.1950	8	-18	-1	
3640	18.2000	8	-18	0	
3641	18.2050	8	-18	1	
3642	18.2100	9	-18	2	
3643	18.2150	9	-19	2	
3644	18.2200	9	-19	3	
3645	18.2250	9	-19	4	
3646	18.2300	9	-19	4	
3647	18.2350	10	-19	5	
3648	18.2400	10	-19	6	
3649	18.2450	10	-19	6	
3650	18.2500	10	-19	7	
3651	18.2550	10	-19	7	
3652	18.2600	10	-18	8	
3653	18.2650	10	-18	8	
3654	18.2700	10	-18	9	
3655	18.2750	11	-18	10	
3656	18.2800	11	-18	10	
3657	18.2850	11	-17	10	
3658	18.2900	11	-17	11	
3659	18.2950	12	-17	11	
3660	18.3000	12	-16	12	
3661	18.3050	12	-16	12	
3662	18.3100	12	-16	12	
3663	18.3150	12	-15	13	
3664	18.3200	12	-14	13	
3665	18.3250	12	-14	14	
3666	18.3300	12	-14	14	
3667	18.3350	12	-13	14	
3668	18.3400	13	-12	14	
3669	18.3450	13	-12	14	
3670	18.3500	13	-11	15	
3671	18.3550	13	-11	15	
3672	18.3600	14	-10	15	
3673	18.3650	14	-10	15	
3674	18.3700	14	-9	15	
3675	18.3750	14	-8	15	
3676	18.3800	14	-8	15	
3677	18.3850	14	-7	15	
3678	18.3900	14	-6	15	
3679	18.3950	14	-5	15	
3680	18.4000	14	-5	15	
3681	18.4050	14	-4	15	
3682	18.4100	14	-3	15	
3683	18.4150	15	-2	14	
3684	18.4200	15	-2	14	
3685	18.4250	15	-1	14	
3686	18.4300	15	0	14	
3687	18.4350	15	1	14	
3688	18.4400	15	2	13	
3689	18.4450	15	2	13	
3690	18.4500	15	3	13	
3691	18.4550	16	4	12	
3692	18.4600	16	4	12	
3693	18.4650	16	5	12	
3694	18.4700	16	6	11	
3695	18.4750	16	7	10	
3696	18.4800	16	8	10	
3697	18.4850	16	8	10	
3698	18.4900	16	9	9	
3699	18.4950	16	10	8	
3700	18.5000	16	10	8	
3701	18.5050	16	11	7	
3702	18.5100	16	12	7	
3703	18.5150	16	12	6	
3704	18.5200	16	13	6	
3705	18.5250	16	14	5	
3706	18.5300	16	14	4	
3707	18.5350	15	15	4	
3708	18.5400	15	15	3	
3709	18.5450	15	16	2	
3710	18.5500	15	16	2	
3711	18.5550	15	17	1	
3712	18.5600	15	17	0	
3713	18.5650	15	18	-1	
3714	18.5700	15	18	-1	
3715	18.5750	15	18	-2	
3716	18.5800	14	19	-3	
3717	18.5850	14	19	-4	
3718	18.5900	14	20	-4	
3719	18.5950	14	20	-5	
3720	18.6000	14	20	-6	
3721	18.6050	14	20	-6	
3722	18.6100	14	20	-7	
3723	18.6150	14	20	-8	
3724	18.6200	14	21	-8	
3725	18.6250	14	21	-9	
3726	18.6300	13	21	-10	
3727	18.6350	13	21	-10	
3728	18.6400	13	21	-11	
3729	18.6450	13	21	-12	
3730	18.6500	13	21	-12	
3731	18.6550	12	21	-13	
3732	18.6600	12	21	-14	
3733	18.6650	12	21	-14	
3734	18.6700	12	20	-15	
3735	18.6750	12	20	-16	
3736	18.6800	12	20	-16	
3737	18.6850	12	20	-16	
3738	18.6900	12	20	-17	
3739	18.6950	11	19	-18	
3740	18.7000	11	19	-18	
3741	18.7050	11	19	-18	
3742	18.7100	11	18	-19	
3743	18.7150	10	18	-19	
3744	18.7200	10	18	-20	
3745	18.7250	10	17	-20	
3746	18.7300	10	17	-20	
3747	18.7350	10	16	-21	
3748	18.7400	10	16	-21	
3749	18.7450	10	15	-21	
3750	18.7500	10	14	-22	
3751	18.7550	9	14	-22	
3752	18.7600	9	13	-22	
3753	18.7650	9	13	-22	
3754	18.7700	9	12	-22	
3755	18.7750	9	12	-22	
3756	18.7800	8	11	-22	
3757	18.7850	8	10	-22	
3758	18.7900	8	10	-22	
3759	18.7950	8	9	-22	
3760	18.8000	8	8	-22	
3761	18.8050	8	7	-22	
3762	18.8100	8	6	-22	
3763	18.8150	8	6	-22	
3764	18.8200	8	5	-22	
3765	18.8250	8	4	-22	
3766	18.8300	8	4	-22	
3767	18.8350	8	3	-21	
3768	18.8400	7	2	-21	
3769	18.8450	7	1	-21	
3770	18.8500	7	0	-20	
3771	18.8550	7	0	-20	
3772	18.8600	7	-1	-20	
3773	18.8650	7	-2	-20	
3774	18.8700	7	-2	-19	
3775	18.8750	7	-3	-18	
3776	18.8800	7	-4	-18	
3777	18.8850	7	-5	-18	
3778	18.8900	7	-6	-17	
3779	18.8950	7	-6	-17	
3780	18.9000	7	-7	-16	
3781	18.9050	7	-8	-16	
3782	18.9100	7	-8	-15	
3783	18.9150	7	-9	-14	
3784	18.9200	7	-10	-14	
3785	18.9250	7	-10	-13	
3786	18.9300	7	-11	-12	
3787	18.9350	7	-12	-12	
3788	18.9400	7	-12	-11	
3789	18.9450	7	-13	-11	
3790	18.9500	7	-13	-10	
3791	18.9550	7	-14	-9	
3792	18.9600	7	-14	-8	
3793	18.9650	8	-15	-8	
3794	18.9700	8	-15	-7	
3795	18.9750	8	-16	-6	
3796	18.9800	8	-16	-6	
3797	18.9850	8	-16	-5	
3798	18.9900	8	-17	-4	
3799	18.9950	8	-17	-4	
3800	19.0000	8	-18	-3	
3801	19.0050	8	-18	-2	
3802	19.0100	8	-18	-1	
3803	19.0150	8	-18	-1	
3804	19.0200	8	-18	0	
3805	19.0250	8	-19	1	
3806	19.0300	9	-19	2	
3807	19.0350	9	-19	2	
3808	19.0400	9	-19	3	
3809	19.0450	9	-19	4	
3810	19.0500	10	-19	4	
3811	19.0550	10	-19	5	
3812	19.0600	10	-19	6	
3813	19.0650	10	-19	6	
3814	19.0700	10	-19	7	
3815	19.0750	10	-19	7	
3816	19.0800	10	-18	8	
3817	19.0850	10	-18	8	
3818	19.0900	10	-18	9	
3819	19.0950	11	-18	10	
3820	19.1000	11	-18	10	
3821	19.1050	11	-17	11	
3822	19.1100	11	-17	11	
3823	19.1150	12	-17	12	
3824	19.1200	12	-16	12	
3825	19.1250	12	-16	12	
3826	19.1300	12	-15	13	
3827	19.1350	12	-15	13	
3828	19.1400	12	-14	14	
3829	19.1450	12	-14	14	
3830	19.1500	12	-14	14	
3831	19.1550	13	-13	14	
3832	19.1600	13	-12	14	
3833	19.1650	13	-12	15	
3834	19.1700	13	-11	15	
3835	19.1750	14	-10	15	
3836	19.1800	14	-10	15	
3837	19.1850	14	-9	15	
3838	19.1900	14	-8	15	
3839	19.1950	14	-8	16	
3840	19.2000	14	-7	16	
3841	19.2050	14	-6	16	
3842	19.2100	14	-6	15	
3843	19.2150	14	-5	15	
3844	19.2200	14	-4	15	
3845	19.2250	14	-4	15	
3846	19.2300	15	-3	15	
3847	19.2350	15	-2	15	
3848	19.2400	15	-1	14	
3849	19.2450	15	0	14	
3850	19.2500	15	0	14	
3851	19.2550	15	1	14	
3852	19.2600	15	2	14	
3853	19.2650	15	2	13	
3854	19.2700	15	3	13	
3855	19.2750	16	4	12	
3856	19.2800	16	5	12	
3857	19.2850	16	6	12	
3858	19.2900	16	6	11	
3859	19.2950	16	7	11	
3860	19.3000	16	8	10	
3861	19.3050	16	8	10	
3862	19.3100	16	9	9	
3863	19.3150	16	10	8	
3864	19.3200	16	11	8	
3865	19.3250	16	11	7	
3866	19.3300	16	12	7	
3867	19.3350	16	13	6	
3868	19.3400	16	13	6	
3869	19.3450	16	14	5	
3870	19.3500	15	14	4	
3871	19.3550	15	15	4	
3872	19.3600	15	16	3	
3873	19.3650	15	16	2	
3874	19.3700	15	16	2	
3875	19.3750	15	17	1	
3876	19.3800	15	18	0	
3877	19.3850	15	18	-1	
3878	19.3900	15	18	-2	
3879	19.3950	14	19	-2	
3880	19.4000	14	19	-3	
3881	19.4050	14	19	-4	
3882	19.4100	14	20	-4	
3883	19.4150	14	20	-5	
3884	19.4200	14	20	-6	
3885	19.4250	14	20	-6	
3886	19.4300	14	20	-7	
3887	19.4350	14	21	-8	
3888	19.4400	14	21	-9	
3889	19.4450	14	21	-9	
3890	19.4500	13	21	-10	
3891	19.4550	13	21	-11	
3892	19.4600	13	21	-12	
3893	19.4650	13	21	-12	
3894	19.4700	12	21	-13	
3895	19.4750	12	21	-13	
3896	19.4800	12	21	-14	
3897	19.4850	12	21	-14	
3898	19.4900	12	20	-15	
3899	19.4950	12	20	-16	
3900	19.5000	12	20	-16	
3901	19.5050	12	20	-17	
3902	19.5100	11	20	-17	
3903	19.5150	11	19	-18	
3904	19.5200	11	19	-18	
3905	19.5250	11	18	-19	
3906	19.5300	11	18	-19	
3907	19.5350	10	18	-20	
3908	19.5400	10	17	-20	
3909	19.5450	10	17	-20	
3910	19.5500	10	16	-21	
3911	19.5550	10	16	-21	
3912	19.5600	10	15	-21	
3913	19.5650	10	15	-22	
3914	19.5700	10	14	-22	
3915	19.5750	9	14	-22	
3916	19.5800	9	13	-22	
3917	19.5850	9	12	-22	
3918	19.5900	9	12	-22	
3919	19.5950	9	11	-22	
3920	19.6000	8	10	-22	
