#	time(s)	count A	count B	count C	count D
1	0.0050	10	-5	-13	
2	0.0100	10	-5	-12	
3	0.0150	10	-6	-11	
4	0.0200	10	-6	-10	
5	0.0250	10	-6	-9	
6	0.0300	10	-6	-8	
7	0.0350	11	-6	-8	
8	0.0400	11	-6	-7	
9	0.0450	11	-6	-6	
10	0.0500	11	-6	-5	
11	0.0550	12	-6	-4	
12	0.0600	12	-6	-3	
13	0.0650	12	-6	-2	
14	0.0700	12	-6	-2	
15	0.0750	12	-6	-1	
16	0.0800	12	-6	0	
17	0.0850	12	-6	1	
18	0.0900	12	-6	2	
19	0.0950	13	-6	2	
20	0.1000	13	-6	4	
21	0.1050	13	-6	4	
22	0.1100	13	-6	5	
23	0.1150	14	-6	6	
24	0.1200	14	-6	7	
25	0.1250	14	-6	8	
26	0.1300	14	-5	8	
27	0.1350	14	-5	9	
28	0.1400	14	-5	10	
29	0.1450	14	-5	10	
30	0.1500	14	-5	11	
31	0.1550	14	-4	12	
32	0.1600	14	-4	12	
33	0.1650	14	-4	13	
34	0.1700	15	-4	14	
35	0.1750	15	-4	14	
36	0.1800	15	-4	14	
37	0.1850	15	-3	15	
38	0.1900	15	-3	16	
39	0.1950	15	-3	16	
40	0.2000	15	-3	16	
41	0.2050	15	-2	17	
42	0.2100	16	-2	17	
43	0.2150	16	-2	18	
44	0.2200	16	-2	18	
45	0.2250	16	-1	18	
46	0.2300	16	-1	18	
47	0.2350	16	-1	18	
48	0.2400	16	0	19	
49	0.2450	16	0	19	
50	0.2500	16	0	19	
51	0.2550	16	0	19	
52	0.2600	16	0	19	
53	0.2650	16	1	19	
54	0.2700	16	1	19	
55	0.2750	16	1	19	
56	0.2800	16	2	19	
57	0.2850	16	2	19	
58	0.2900	16	2	19	
59	0.2950	15	2	18	
60	0.3000	15	3	18	
61	0.3050	15	3	18	
62	0.3100	15	3	18	
63	0.3150	15	4	17	
64	0.3200	15	4	17	
65	0.3250	15	4	16	
66	0.3300	15	4	16	
67	0.3350	14	4	16	
68	0.3400	14	5	15	
69	0.3450	14	5	15	
70	0.3500	14	5	14	
71	0.3550	14	6	14	
72	0.3600	14	6	13	
73	0.3650	14	6	12	
74	0.3700	14	6	12	
75	0.3750	14	6	11	
76	0.3800	14	6	11	
77	0.3850	14	6	10	
78	0.3900	13	7	9	
79	0.3950	13	7	8	
80	0.4000	13	7	8	
81	0.4050	13	7	7	
82	0.4100	12	7	6	
83	0.4150	12	7	6	
84	0.4200	12	8	5	
85	0.4250	12	8	4	
86	0.4300	12	8	3	
87	0.4350	12	8	2	
88	0.4400	12	8	1	
89	0.4450	12	8	0	
90	0.4500	11	8	0	
91	0.4550	11	8	-1	
92	0.4600	11	8	-2	
93	0.4650	11	8	-3	
94	0.4700	10	8	-4	
95	0.4750	10	8	-5	
96	0.4800	10	8	-6	
97	0.4850	10	8	-6	
98	0.4900	10	8	-7	
99	0.4950	10	8	-8	
100	0.5000	10	7	-9	
101	0.5050	10	7	-10	
102	0.5100	9	7	-11	
103	0.5150	9	7	-12	
104	0.5200	9	7	-12	
105	0.5250	9	7	-13	
106	0.5300	9	6	-14	
107	0.5350	8	6	-14	
108	0.5400	8	6	-15	
109	0.5450	8	6	-16	
110	0.5500	8	6	-17	
111	0.5550	8	6	-18	
112	0.5600	8	5	-18	
113	0.5650	8	5	-19	
114	0.5700	8	5	-19	
115	0.5750	8	5	-20	
116	0.5800	8	4	-20	
117	0.5850	8	4	-21	
118	0.5900	8	4	-22	
119	0.5950	8	4	-22	
120	0.6000	7	3	-22	
121	0.6050	7	3	-23	
122	0.6100	7	3	-24	
123	0.6150	7	2	-24	
124	0.6200	7	2	-24	
125	0.6250	7	2	-24	
126	0.6300	7	2	-25	
127	0.6350	7	1	-25	
128	0.6400	7	1	-25	
129	0.6450	7	1	-26	
130	0.6500	7	0	-26	
131	0.6550	7	0	-26	
132	0.6600	7	0	-26	
133	0.6650	7	0	-26	
134	0.6700	7	-1	-26	
135	0.6750	7	-1	-26	
136	0.6800	7	-2	-26	
137	0.6850	7	-2	-26	
138	0.6900	7	-2	-26	
139	0.6950	7	-2	-26	
140	0.7000	7	-3	-25	
141	0.7050	7	-3	-25	
142	0.7100	7	-3	-25	
143	0.7150	8	-4	-25	
144	0.7200	8	-4	-24	
145	0.7250	8	-4	-24	
146	0.7300	8	-4	-24	
147	0.7350	8	-5	-23	
148	0.7400	8	-5	-23	
149	0.7450	8	-5	-22	
150	0.7500	8	-5	-22	
151	0.7550	8	-6	-22	
152	0.7600	8	-6	-21	
153	0.7650	8	-6	-20	
154	0.7700	8	-6	-20	
155	0.7750	9	-6	-19	
156	0.7800	9	-6	-18	
157	0.7850	9	-7	-18	
158	0.7900	9	-7	-17	
159	0.7950	9	-7	-16	
160	0.8000	10	-7	-16	
161	0.8050	10	-7	-15	
162	0.8100	10	-8	-14	
163	0.8150	10	-8	-14	
164	0.8200	10	-8	-13	
165	0.8250	10	-8	-12	
166	0.8300	10	-8	-11	
167	0.8350	10	-8	-10	
168	0.8400	11	-8	-10	
169	0.8450	11	-8	-9	
170	0.8500	11	-8	-8	
171	0.8550	11	-8	-7	
172	0.8600	12	-8	-6	
173	0.8650	12	-8	-5	
174	0.8700	12	-8	-4	
175	0.8750	12	-8	-4	
176	0.8800	12	-8	-3	
177	0.8850	12	-8	-2	
178	0.8900	12	-7	-1	
179	0.8950	12	-7	0	
180	0.9000	13	-7	1	
181	0.9050	13	-7	2	
182	0.9100	13	-7	2	
183	0.9150	13	-7	3	
184	0.9200	13	-6	4	
185	0.9250	14	-6	5	
186	0.9300	14	-6	6	
187	0.9350	14	-6	6	
188	0.9400	14	-6	7	
189	0.9450	14	-6	8	
190	0.9500	14	-5	9	
191	0.9550	14	-5	10	
192	0.9600	14	-5	10	
193	0.9650	14	-4	11	
194	0.9700	14	-4	11	
195	0.9750	15	-4	12	
196	0.9800	15	-4	12	
197	0.9850	15	-3	13	
198	0.9900	15	-3	14	
199	0.9950	15	-2	14	
200	1.0000	15	-2	15	
201	1.0050	15	-2	15	
202	1.0100	15	-2	16	
203	1.0150	16	-1	16	
204	1.0200	16	-1	16	
205	1.0250	16	0	17	
206	1.0300	16	0	17	
207	1.0350	16	0	18	
208	1.0400	16	1	18	
209	1.0450	16	1	18	
210	1.0500	16	2	18	
211	1.0550	16	2	18	
212	1.0600	16	2	18	
213	1.0650	16	3	18	
214	1.0700	16	3	19	
215	1.0750	16	3	19	
216	1.0800	16	4	19	
217	1.0850	16	4	19	
218	1.0900	16	4	18	
219	1.0950	16	5	18	
220	1.1000	16	5	18	
221	1.1050	15	6	18	
222	1.1100	15	6	18	
223	1.1150	15	6	18	
224	1.1200	15	7	18	
225	1.1250	15	7	17	
226	1.1300	15	7	17	
227	1.1350	15	8	16	
228	1.1400	15	8	16	
229	1.1450	14	8	16	
230	1.1500	14	8	15	
231	1.1550	14	9	15	
232	1.1600	14	9	14	
233	1.1650	14	9	14	
234	1.1700	14	10	13	
235	1.1750	14	10	13	
236	1.1800	14	10	12	
237	1.1850	14	10	12	
238	1.1900	14	10	11	
239	1.1950	13	11	10	
240	1.2000	13	11	10	
241	1.2050	13	11	9	
242	1.2100	13	11	8	
243	1.2150	13	11	7	
244	1.2200	12	12	6	
245	1.2250	12	12	6	
246	1.2300	12	12	5	
247	1.2350	12	12	4	
248	1.2400	12	12	3	
249	1.2450	12	12	2	
250	1.2500	12	12	2	
251	1.2550	12	12	1	
252	1.2600	11	12	0	
253	1.2650	11	12	-1	
254	1.2700	11	12	-2	
255	1.2750	11	12	-2	
256	1.2800	10	12	-4	
257	1.2850	10	12	-4	
258	1.2900	10	12	-5	
259	1.2950	10	12	-6	
260	1.3000	10	12	-7	
261	1.3050	10	11	-8	
262	1.3100	10	11	-9	
263	1.3150	10	11	-10	
264	1.3200	9	11	-10	
265	1.3250	9	11	-11	
266	1.3300	9	10	-12	
267	1.3350	9	10	-13	
268	1.3400	9	10	-14	
269	1.3450	8	10	-14	
270	1.3500	8	10	-15	
271	1.3550	8	9	-16	
272	1.3600	8	9	-16	
273	1.3650	8	9	-17	
274	1.3700	8	8	-18	
275	1.3750	8	8	-18	
276	1.3800	8	8	-19	
277	1.3850	8	8	-20	
278	1.3900	8	7	-20	
279	1.3950	8	7	-21	
280	1.4000	8	6	-22	
281	1.4050	7	6	-22	
282	1.4100	7	6	-22	
283	1.4150	7	6	-23	
284	1.4200	7	5	-23	
285	1.4250	7	5	-24	
286	1.4300	7	4	-24	
287	1.4350	7	4	-24	
288	1.4400	7	4	-25	
289	1.4450	7	3	-25	
290	1.4500	7	3	-25	
291	1.4550	7	2	-25	
292	1.4600	7	2	-25	
293	1.4650	7	1	-25	
294	1.4700	7	1	-26	
295	1.4750	7	0	-26	
296	1.4800	7	0	-26	
297	1.4850	7	0	-26	
298	1.4900	7	-1	-25	
299	1.4950	7	-1	-25	
300	1.5000	7	-2	-25	
301	1.5050	7	-2	-25	
302	1.5100	7	-2	-25	
303	1.5150	7	-3	-25	
304	1.5200	8	-3	-25	
305	1.5250	8	-4	-24	
306	1.5300	8	-4	-24	
307	1.5350	8	-4	-24	
308	1.5400	8	-5	-24	
309	1.5450	8	-5	-24	
310	1.5500	8	-5	-24	
311	1.5550	8	-6	-23	
312	1.5600	8	-6	-23	
313	1.5650	8	-6	-22	
314	1.5700	8	-6	-22	
315	1.5750	8	-7	-22	
316	1.5800	8	-7	-22	
317	1.5850	9	-8	-21	
318	1.5900	9	-8	-21	
319	1.5950	9	-8	-20	
320	1.6000	9	-8	-20	
321	1.6050	10	-8	-19	
322	1.6100	10	-8	-19	
323	1.6150	10	-9	-18	
324	1.6200	10	-9	-18	
325	1.6250	10	-9	-17	
326	1.6300	10	-9	-17	
327	1.6350	10	-9	-16	
328	1.6400	10	-10	-16	
329	1.6450	10	-10	-15	
330	1.6500	11	-10	-14	
331	1.6550	11	-10	-14	
332	1.6600	11	-10	-14	
333	1.6650	11	-10	-13	
334	1.6700	12	-10	-12	
335	1.6750	12	-10	-12	
336	1.6800	12	-10	-11	
337	1.6850	12	-10	-11	
338	1.6900	12	-10	-10	
339	1.6950	12	-10	-10	
340	1.7000	12	-10	-9	
341	1.7050	12	-10	-8	
342	1.7100	13	-10	-8	
343	1.7150	13	-9	-8	
344	1.7200	13	-9	-7	
345	1.7250	13	-9	-7	
346	1.7300	14	-9	-6	
347	1.7350	14	-9	-6	
348	1.7400	14	-8	-5	
349	1.7450	14	-8	-5	
350	1.7500	14	-8	-4	
351	1.7550	14	-8	-4	
352	1.7600	14	-8	-4	
353	1.7650	14	-8	-3	
354	1.7700	14	-7	-3	
355	1.7750	14	-7	-3	
356	1.7800	14	-7	-2	
357	1.7850	15	-6	-2	
358	1.7900	15	-6	-2	
359	1.7950	15	-6	-2	
360	1.8000	15	-5	-1	
361	1.8050	15	-5	-1	
362	1.8100	15	-5	-1	
363	1.8150	15	-4	-1	
364	1.8200	15	-4	-1	
365	1.8250	16	-4	0	
366	1.8300	16	-3	0	
367	1.8350	16	-3	0	
368	1.8400	16	-2	0	
369	1.8450	16	-2	0	
370	1.8500	16	-2	0	
371	1.8550	16	-1	0	
372	1.8600	16	-1	0	
373	1.8650	16	0	-1	
374	1.8700	16	0	-1	
375	1.8750	16	0	-1	
376	1.8800	16	1	-1	
377	1.8850	16	1	-1	
378	1.8900	16	2	-1	
379	1.8950	16	2	-1	
380	1.9000	16	2	-1	
381	1.9050	16	3	-2	
382	1.9100	15	3	-2	
383	1.9150	15	4	-2	
384	1.9200	15	4	-2	
385	1.9250	15	4	-2	
386	1.9300	15	5	-2	
387	1.9350	15	5	-2	
388	1.9400	15	6	-2	
389	1.9450	15	6	-3	
390	1.9500	14	6	-3	
391	1.9550	14	7	-3	
392	1.9600	14	7	-4	
393	1.9650	14	7	-4	
394	1.9700	14	8	-4	
395	1.9750	14	8	-4	
396	1.9800	14	8	-4	
397	1.9850	14	8	-4	
398	1.9900	14	9	-5	
399	1.9950	14	9	-5	
400	2.0000	14	9	-5	
401	2.0050	13	10	-6	
402	2.0100	13	10	-6	
403	2.0150	13	10	-6	
404	2.0200	13	10	-6	
405	2.0250	12	10	-6	
406	2.0300	12	10	-7	
407	2.0350	12	10	-7	
408	2.0400	12	11	-7	
409	2.0450	12	11	-8	
410	2.0500	12	11	-8	
411	2.0550	12	11	-8	
412	2.0600	12	11	-8	
413	2.0650	11	11	-8	
414	2.0700	11	11	-9	
415	2.0750	11	11	-9	
416	2.0800	11	11	-9	
417	2.0850	10	11	-9	
418	2.0900	10	11	-9	
419	2.0950	10	11	-10	
420	2.1000	10	11	-10	
421	2.1050	10	11	-10	
422	2.1100	10	11	-10	
423	2.1150	10	11	-10	
424	2.1200	10	10	-10	
425	2.1250	9	10	-10	
426	2.1300	9	10	-10	
427	2.1350	9	10	-10	
428	2.1400	9	10	-10	
429	2.1450	9	10	-10	
430	2.1500	8	10	-10	
431	2.1550	8	9	-10	
432	2.1600	8	9	-10	
433	2.1650	8	9	-10	
434	2.1700	8	8	-10	
435	2.1750	8	8	-9	
436	2.1800	8	8	-9	
437	2.1850	8	8	-9	
438	2.1900	8	7	-9	
439	2.1950	8	7	-9	
440	2.2000	8	7	-9	
441	2.2050	8	6	-9	
442	2.2100	7	6	-8	
443	2.2150	7	6	-8	
444	2.2200	7	5	-8	
445	2.2250	7	5	-8	
446	2.2300	7	4	-8	
447	2.2350	7	4	-8	
448	2.2400	7	4	-8	
449	2.2450	7	3	-8	
450	2.2500	7	3	-8	
451	2.2550	7	2	-8	
452	2.2600	7	2	-8	
453	2.2650	7	2	-8	
454	2.2700	7	1	-8	
455	2.2750	7	1	-8	
456	2.2800	7	0	-8	
457	2.2850	7	0	-8	
458	2.2900	7	0	-8	
459	2.2950	7	-1	-8	
460	2.3000	7	-1	-8	
461	2.3050	7	-2	-8	
462	2.3100	7	-2	-8	
463	2.3150	7	-2	-8	
464	2.3200	7	-3	-8	
465	2.3250	8	-3	-8	
466	2.3300	8	-4	-8	
467	2.3350	8	-4	-8	
468	2.3400	8	-4	-8	
469	2.3450	8	-5	-8	
470	2.3500	8	-5	-8	
471	2.3550	8	-6	-8	
472	2.3600	8	-6	-8	
473	2.3650	8	-6	-8	
474	2.3700	8	-6	-8	
475	2.3750	8	-7	-8	
476	2.3800	8	-7	-8	
477	2.3850	8	-7	-8	
478	2.3900	9	-8	-8	
479	2.3950	9	-8	-8	
480	2.4000	9	-8	-8	
481	2.4050	9	-8	-8	
482	2.4100	9	-8	-8	
483	2.4150	10	-8	-8	
484	2.4200	10	-9	-8	
485	2.4250	10	-9	-8	
486	2.4300	10	-9	-8	
487	2.4350	10	-9	-8	
488	2.4400	10	-9	-8	
489	2.4450	10	-9	-8	
490	2.4500	10	-10	-8	
491	2.4550	11	-10	-8	
492	2.4600	11	-10	-8	
493	2.4650	11	-10	-8	
494	2.4700	11	-10	-8	
495	2.4750	12	-10	-8	
496	2.4800	12	-10	-8	
497	2.4850	12	-10	-8	
498	2.4900	12	-10	-8	
499	2.4950	12	-10	-8	
500	2.5000	12	-9	-8	
501	2.5050	12	-9	-8	
502	2.5100	12	-9	-8	
503	2.5150	13	-9	-8	
504	2.5200	13	-9	-8	
505	2.5250	13	-9	-8	
506	2.5300	13	-8	-8	
507	2.5350	14	-8	-8	
508	2.5400	14	-8	-8	
509	2.5450	14	-8	-8	
510	2.5500	14	-8	-8	
511	2.5550	14	-7	-8	
512	2.5600	14	-7	-8	
513	2.5650	14	-7	-8	
514	2.5700	14	-6	-8	
515	2.5750	14	-6	-8	
516	2.5800	14	-6	-8	
517	2.5850	14	-6	-7	
518	2.5900	15	-5	-7	
519	2.5950	15	-5	-7	
520	2.6000	15	-4	-7	
521	2.6050	15	-4	-7	
522	2.6100	15	-4	-7	
523	2.6150	15	-3	-7	
524	2.6200	15	-3	-7	
525	2.6250	15	-2	-7	
526	2.6300	16	-2	-7	
527	2.6350	16	-2	-7	
528	2.6400	16	-1	-7	
529	2.6450	16	-1	-7	
530	2.6500	16	0	-7	
531	2.6550	16	0	-7	
532	2.6600	16	1	-7	
533	2.6650	16	1	-7	
534	2.6700	16	2	-7	
535	2.6750	16	2	-7	
536	2.6800	16	2	-6	
537	2.6850	16	3	-6	
538	2.6900	16	4	-6	
539	2.6950	16	4	-6	
540	2.7000	16	4	-6	
541	2.7050	16	5	-6	
542	2.7100	16	5	-6	
543	2.7150	15	6	-6	
544	2.7200	15	6	-6	
545	2.7250	15	6	-6	
546	2.7300	15	7	-6	
547	2.7350	15	7	-6	
548	2.7400	15	8	-6	
549	2.7450	15	8	-6	
550	2.7500	15	8	-6	
551	2.7550	15	9	-6	
552	2.7600	14	9	-6	
553	2.7650	14	10	-6	
554	2.7700	14	10	-6	
555	2.7750	14	10	-6	
556	2.7800	14	11	-6	
557	2.7850	14	11	-6	
558	2.7900	14	11	-6	
559	2.7950	14	12	-6	
560	2.8000	14	12	-6	
561	2.8050	14	12	-6	
562	2.8100	13	12	-6	
563	2.8150	13	12	-6	
564	2.8200	13	13	-6	
565	2.8250	13	13	-6	
566	2.8300	13	13	-6	
567	2.8350	12	13	-6	
568	2.8400	12	13	-6	
569	2.8450	12	14	-6	
570	2.8500	12	14	-6	
571	2.8550	12	14	-6	
572	2.8600	12	14	-6	
573	2.8650	12	14	-6	
574	2.8700	12	14	-6	
575	2.8750	11	14	-6	
576	2.8800	11	14	-6	
577	2.8850	11	14	-6	
578	2.8900	11	14	-6	
579	2.8950	10	14	-6	
580	2.9000	10	14	-6	
581	2.9050	10	14	-6	
582	2.9100	10	13	-6	
583	2.9150	10	13	-6	
584	2.9200	10	13	-6	
585	2.9250	10	13	-6	
586	2.9300	10	13	-6	
587	2.9350	9	12	-6	
588	2.9400	9	12	-6	
589	2.9450	9	12	-5	
590	2.9500	9	12	-5	
591	2.9550	9	12	-5	
592	2.9600	8	11	-5	
593	2.9650	8	11	-5	
594	2.9700	8	10	-5	
595	2.9750	8	10	-5	
596	2.9800	8	10	-5	
597	2.9850	8	10	-5	
598	2.9900	8	9	-5	
599	2.9950	8	9	-5	
600	3.0000	8	8	-4	
601	3.0050	8	8	-4	
602	3.0100	8	8	-4	
603	3.0150	8	7	-4	
604	3.0200	7	7	-4	
605	3.0250	7	6	-4	
606	3.0300	7	6	-4	
607	3.0350	7	5	-4	
608	3.0400	7	5	-4	
609	3.0450	7	4	-4	
610	3.0500	7	4	-4	
611	3.0550	7	3	-4	
612	3.0600	7	3	-4	
613	3.0650	7	2	-4	
614	3.0700	7	2	-4	
615	3.0750	7	1	-4	
616	3.0800	7	1	-4	
617	3.0850	7	0	-3	
618	3.0900	7	0	-3	
619	3.0950	7	-1	-3	
620	3.1000	7	-1	-3	
621	3.1050	7	-2	-3	
622	3.1100	7	-2	-3	
623	3.1150	7	-3	-3	
624	3.1200	7	-3	-3	
625	3.1250	7	-4	-3	
626	3.1300	7	-4	-3	
627	3.1350	8	-4	-2	
628	3.1400	8	-5	-2	
629	3.1450	8	-6	-2	
630	3.1500	8	-6	-2	
631	3.1550	8	-6	-2	
632	3.1600	8	-7	-2	
633	3.1650	8	-7	-2	
634	3.1700	8	-8	-2	
635	3.1750	8	-8	-2	
636	3.1800	8	-8	-2	
637	3.1850	8	-9	-2	
638	3.1900	8	-9	-2	
639	3.1950	8	-9	-1	
640	3.2000	9	-10	-1	
641	3.2050	9	-10	-1	
642	3.2100	9	-10	-1	
643	3.2150	9	-11	-1	
644	3.2200	10	-11	-1	
645	3.2250	10	-11	-1	
646	3.2300	10	-11	-1	
647	3.2350	10	-12	-1	
648	3.2400	10	-12	-1	
649	3.2450	10	-12	-1	
650	3.2500	10	-12	-1	
651	3.2550	10	-12	-1	
652	3.2600	10	-12	-1	
653	3.2650	11	-12	-1	
654	3.2700	11	-12	-1	
655	3.2750	11	-12	-1	
656	3.2800	11	-12	-1	
657	3.2850	12	-12	-1	
658	3.2900	12	-12	-1	
659	3.2950	12	-12	-1	
660	3.3000	12	-12	-1	
661	3.3050	12	-12	-1	
662	3.3100	12	-12	-1	
663	3.3150	12	-12	-1	
664	3.3200	12	-12	-1	
665	3.3250	13	-12	-1	
666	3.3300	13	-12	-1	
667	3.3350	13	-12	-1	
668	3.3400	13	-12	-1	
669	3.3450	14	-11	-2	
670	3.3500	14	-11	-2	
671	3.3550	14	-11	-2	
672	3.3600	14	-10	-2	
673	3.3650	14	-10	-2	
674	3.3700	14	-10	-2	
675	3.3750	14	-10	-2	
676	3.3800	14	-9	-2	
677	3.3850	14	-9	-2	
678	3.3900	14	-9	-2	
679	3.3950	14	-8	-2	
680	3.4000	15	-8	-2	
681	3.4050	15	-8	-2	
682	3.4100	15	-7	-2	
683	3.4150	15	-7	-2	
684	3.4200	15	-6	-2	
685	3.4250	15	-6	-2	
686	3.4300	15	-5	-2	
687	3.4350	15	-5	-2	
688	3.4400	16	-4	-2	
689	3.4450	16	-4	-2	
690	3.4500	16	-4	-2	
691	3.4550	16	-3	-2	
692	3.4600	16	-2	-2	
693	3.4650	16	-2	-2	
694	3.4700	16	-2	-2	
695	3.4750	16	-1	-2	
696	3.4800	16	0	-2	
697	3.4850	16	0	-2	
698	3.4900	16	0	-2	
699	3.4950	16	1	-2	
700	3.5000	16	2	-2	
701	3.5050	16	2	-2	
702	3.5100	16	3	-2	
703	3.5150	16	3	-2	
704	3.5200	16	4	-2	
705	3.5250	15	4	-2	
706	3.5300	15	5	-2	
707	3.5350	15	5	-2	
708	3.5400	15	6	-2	
709	3.5450	15	6	-2	
710	3.5500	15	6	-2	
711	3.5550	15	7	-2	
712	3.5600	15	8	-2	
713	3.5650	14	8	-2	
714	3.5700	14	8	-2	
715	3.5750	14	9	-2	
716	3.5800	14	9	-2	
717	3.5850	14	10	-2	
718	3.5900	14	10	-2	
719	3.5950	14	10	-2	
720	3.6000	14	11	-2	
721	3.6050	14	11	-2	
722	3.6100	14	11	-2	
723	3.6150	14	12	-2	
724	3.6200	13	12	-2	
725	3.6250	13	12	-2	
726	3.6300	13	12	-2	
727	3.6350	13	13	-2	
728	3.6400	12	13	-2	
729	3.6450	12	13	-2	
730	3.6500	12	13	-2	
731	3.6550	12	14	-2	
732	3.6600	12	14	-2	
733	3.6650	12	14	-2	
734	3.6700	12	14	-2	
735	3.6750	12	14	-2	
736	3.6800	11	14	-2	
737	3.6850	11	14	-2	
738	3.6900	11	14	-2	
739	3.6950	11	14	-2	
740	3.7000	10	14	-2	
741	3.7050	10	14	-2	
742	3.7100	10	14	-1	
743	3.7150	10	14	-1	
744	3.7200	10	14	-1	
745	3.7250	10	14	-1	
746	3.7300	10	14	-1	
747	3.7350	10	14	-1	
748	3.7400	9	13	-1	
749	3.7450	9	13	-1	
750	3.7500	9	13	-1	
751	3.7550	9	13	-1	
752	3.7600	9	12	-1	
753	3.7650	8	12	-1	
754	3.7700	8	12	-1	
755	3.7750	8	12	-1	
756	3.7800	8	12	-1	
757	3.7850	8	11	-1	
758	3.7900	8	11	-1	
759	3.7950	8	10	-2	
760	3.8000	8	10	-2	
761	3.8050	8	10	-2	
762	3.8100	8	9	-2	
763	3.8150	8	9	-2	
764	3.8200	8	8	-2	
765	3.8250	7	8	-2	
766	3.8300	7	8	-2	
767	3.8350	7	7	-2	
768	3.8400	7	7	-2	
769	3.8450	7	6	-2	
770	3.8500	7	6	-2	
771	3.8550	7	5	-2	
772	3.8600	7	5	-1	
773	3.8650	7	4	-1	
774	3.8700	7	4	-1	
775	3.8750	7	4	-1	
776	3.8800	7	3	-1	
777	3.8850	7	2	-1	
778	3.8900	7	2	-1	
779	3.8950	7	2	-1	
780	3.9000	7	1	-1	
781	3.9050	7	0	-1	
782	3.9100	7	0	-1	
783	3.9150	7	-1	-1	
784	3.9200	7	-1	-1	
785	3.9250	7	-2	-1	
786	3.9300	7	-2	-1	
787	3.9350	7	-2	-1	
788	3.9400	8	-3	-1	
789	3.9450	8	-4	-1	
790	3.9500	8	-4	-1	
791	3.9550	8	-4	-1	
792	3.9600	8	-5	-1	
793	3.9650	8	-5	-1	
794	3.9700	8	-6	-1	
795	3.9750	8	-6	-1	
796	3.9800	8	-6	-1	
797	3.9850	8	-7	-1	
798	3.9900	8	-7	-1	
799	3.9950	8	-8	-1	
800	4.0000	8	-8	-1	
801	4.0050	9	-8	-1	
802	4.0100	9	-8	-1	
803	4.0150	9	-9	-1	
804	4.0200	9	-9	-1	
805	4.0250	9	-10	-1	
806	4.0300	10	-10	-1	
807	4.0350	10	-10	-1	
808	4.0400	10	-10	-1	
809	4.0450	10	-10	-1	
810	4.0500	10	-10	-1	
811	4.0550	10	-11	-1	
812	4.0600	10	-11	-1	
813	4.0650	10	-11	-1	
814	4.0700	11	-11	-1	
815	4.0750	11	-11	-1	
816	4.0800	11	-11	-1	
817	4.0850	11	-11	-1	
818	4.0900	12	-11	-1	
819	4.0950	12	-11	-1	
820	4.1000	12	-11	-1	
821	4.1050	12	-11	-1	
822	4.1100	12	-11	-1	
823	4.1150	12	-11	-1	
824	4.1200	12	-11	-1	
825	4.1250	12	-11	-1	
826	4.1300	13	-11	-1	
827	4.1350	13	-11	-1	
828	4.1400	13	-10	-1	
829	4.1450	13	-10	-1	
830	4.1500	14	-10	-1	
831	4.1550	14	-10	-1	
832	4.1600	14	-10	-1	
833	4.1650	14	-9	-1	
834	4.1700	14	-9	-1	
835	4.1750	14	-9	-1	
836	4.1800	14	-8	-1	
837	4.1850	14	-8	-1	
838	4.1900	14	-8	-1	
839	4.1950	14	-8	-1	
840	4.2000	14	-7	-1	
841	4.2050	15	-7	-1	
842	4.2100	15	-6	-1	
843	4.2150	15	-6	-1	
844	4.2200	15	-6	-1	
845	4.2250	15	-5	-1	
846	4.2300	15	-5	-1	
847	4.2350	15	-4	-1	
848	4.2400	15	-4	-1	
849	4.2450	16	-3	-1	
850	4.2500	16	-3	-1	
851	4.2550	16	-2	-1	
852	4.2600	16	-2	-1	
853	4.2650	16	-1	-1	
854	4.2700	16	-1	-1	
855	4.2750	16	0	-1	
856	4.2800	16	0	-1	
857	4.2850	16	1	-1	
858	4.2900	16	1	-1	
859	4.2950	16	2	-1	
860	4.3000	16	2	-1	
861	4.3050	16	3	-1	
862	4.3100	16	3	-1	
863	4.3150	16	4	-1	
864	4.3200	16	4	-1	
865	4.3250	16	5	-1	
866	4.3300	15	5	-1	
867	4.3350	15	6	-1	
868	4.3400	15	6	-1	
869	4.3450	15	7	-1	
870	4.3500	15	7	-1	
871	4.3550	15	8	-1	
872	4.3600	15	8	-1	
873	4.3650	15	9	-1	
874	4.3700	15	9	-1	
875	4.3750	14	10	-1	
876	4.3800	14	10	-2	
877	4.3850	14	10	-2	
878	4.3900	14	11	-2	
879	4.3950	14	11	-2	
880	4.4000	14	12	-2	
881	4.4050	14	12	-2	
882	4.4100	14	12	-2	
883	4.4150	14	12	-2	
884	4.4200	14	13	-2	
885	4.4250	13	13	-2	
886	4.4300	13	13	-2	
887	4.4350	13	14	-2	
888	4.4400	13	14	-2	
889	4.4450	13	14	-2	
890	4.4500	12	14	-2	
891	4.4550	12	14	-2	
892	4.4600	12	14	-2	
893	4.4650	12	14	-2	
894	4.4700	12	15	-2	
895	4.4750	12	15	-2	
896	4.4800	12	15	-2	
897	4.4850	12	15	-2	
898	4.4900	11	15	-2	
899	4.4950	11	15	-2	
900	4.5000	11	15	-2	
901	4.5050	11	15	-2	
902	4.5100	10	15	-2	
903	4.5150	10	15	-2	
904	4.5200	10	14	-3	
905	4.5250	10	14	-3	
906	4.5300	10	14	-3	
907	4.5350	10	14	-3	
908	4.5400	10	14	-3	
909	4.5450	10	14	-3	
910	4.5500	9	14	-3	
911	4.5550	9	13	-3	
912	4.5600	9	13	-3	
913	4.5650	9	13	-3	
914	4.5700	9	12	-3	
915	4.5750	8	12	-3	
916	4.5800	8	12	-3	
917	4.5850	8	11	-3	
918	4.5900	8	11	-3	
919	4.5950	8	10	-3	
920	4.6000	8	10	-3	
921	4.6050	8	10	-3	
922	4.6100	8	9	-4	
923	4.6150	8	9	-4	
924	4.6200	8	8	-4	
925	4.6250	8	8	-4	
926	4.6300	8	8	-4	
927	4.6350	7	7	-4	
928	4.6400	7	6	-4	
929	4.6450	7	6	-4	
930	4.6500	7	6	-4	
931	4.6550	7	5	-4	
932	4.6600	7	4	-4	
933	4.6650	7	4	-4	
934	4.6700	7	3	-4	
935	4.6750	7	3	-4	
936	4.6800	7	2	-4	
937	4.6850	7	2	-4	
938	4.6900	7	1	-4	
939	4.6950	7	0	-4	
940	4.7000	7	0	-4	
941	4.7050	7	-1	-4	
942	4.7100	7	-1	-4	
943	4.7150	7	-2	-4	
944	4.7200	7	-2	-4	
945	4.7250	7	-3	-4	
946	4.7300	7	-4	-4	
947	4.7350	7	-4	-4	
948	4.7400	7	-4	-4	
949	4.7450	7	-5	-4	
950	4.7500	8	-6	-4	
951	4.7550	8	-6	-4	
952	4.7600	8	-6	-4	
953	4.7650	8	-7	-4	
954	4.7700	8	-8	-4	
955	4.7750	8	-8	-4	
956	4.7800	8	-8	-4	
957	4.7850	8	-9	-4	
958	4.7900	8	-9	-4	
959	4.7950	8	-10	-4	
960	4.8000	8	-10	-4	
961	4.8050	8	-10	-4	
962	4.8100	8	-11	-4	
963	4.8150	9	-11	-4	
964	4.8200	9	-12	-4	
965	4.8250	9	-12	-4	
966	4.8300	9	-12	-4	
967	4.8350	10	-12	-4	
968	4.8400	10	-13	-4	
969	4.8450	10	-13	-4	
970	4.8500	10	-13	-4	
971	4.8550	10	-14	-4	
972	4.8600	10	-14	-4	
973	4.8650	10	-14	-4	
974	4.8700	10	-14	-4	
975	4.8750	10	-14	-4	
976	4.8800	11	-14	-4	
977	4.8850	11	-14	-4	
978	4.8900	11	-14	-4	
979	4.8950	11	-14	-4	
980	4.9000	12	-14	-4	
981	4.9050	12	-14	-4	
982	4.9100	12	-14	-4	
983	4.9150	12	-14	-4	
984	4.9200	12	-14	-4	
985	4.9250	12	-14	-4	
986	4.9300	12	-14	-4	
987	4.9350	12	-14	-4	
988	4.9400	13	-14	-4	
989	4.9450	13	-14	-3	
990	4.9500	13	-13	-3	
991	4.9550	13	-13	-3	
992	4.9600	14	-13	-3	
993	4.9650	14	-12	-3	
994	4.9700	14	-12	-3	
995	4.9750	14	-12	-3	
996	4.9800	14	-12	-3	
997	4.9850	14	-11	-3	
998	4.9900	14	-11	-3	
999	4.9950	14	-10	-3	
1000	5.0000	14	-10	-3	
1001	5.0050	14	-10	-3	
1002	5.0100	14	-9	-3	
1003	5.0150	15	-9	-3	
1004	5.0200	15	-8	-3	
1005	5.0250	15	-8	-3	
1006	5.0300	15	-7	-3	
1007	5.0350	15	-7	-3	
1008	5.0400	15	-6	-3	
1009	5.0450	15	-6	-3	
1010	5.0500	15	-5	-3	
1011	5.0550	16	-5	-3	
1012	5.0600	16	-4	-3	
1013	5.0650	16	-4	-3	
1014	5.0700	16	-3	-3	
1015	5.0750	16	-2	-3	
1016	5.0800	16	-2	-3	
1017	5.0850	16	-1	-3	
1018	5.0900	16	-1	-3	
1019	5.0950	16	0	-3	
1020	5.1000	16	0	-3	
1021	5.1050	16	1	-3	
1022	5.1100	16	2	-3	
1023	5.1150	16	2	-3	
1024	5.1200	16	3	-3	
1025	5.1250	16	3	-3	
1026	5.1300	16	4	-3	
1027	5.1350	16	4	-3	
1028	5.1400	15	5	-3	
1029	5.1450	15	6	-4	
1030	5.1500	15	6	-4	
1031	5.1550	15	7	-4	
1032	5.1600	15	7	-4	
1033	5.1650	15	8	-4	
1034	5.1700	15	8	-4	
1035	5.1750	15	9	-4	
1036	5.1800	14	9	-4	
1037	5.1850	14	10	-4	
1038	5.1900	14	10	-4	
1039	5.1950	14	11	-4	
1040	5.2000	14	11	-4	
1041	5.2050	14	12	-4	
1042	5.2100	14	12	-4	
1043	5.2150	14	12	-4	
1044	5.2200	14	13	-4	
1045	5.2250	14	13	-4	
1046	5.2300	14	14	-4	
1047	5.2350	13	14	-4	
1048	5.2400	13	14	-4	
1049	5.2450	13	15	-4	
1050	5.2500	13	15	-4	
1051	5.2550	12	15	-5	
1052	5.2600	12	15	-5	
1053	5.2650	12	16	-5	
1054	5.2700	12	16	-5	
1055	5.2750	12	16	-5	
1056	5.2800	12	16	-5	
1057	5.2850	12	16	-5	
1058	5.2900	12	16	-5	
1059	5.2950	11	16	-5	
1060	5.3000	11	16	-5	
1061	5.3050	11	16	-5	
1062	5.3100	11	16	-6	
1063	5.3150	10	16	-6	
1064	5.3200	10	16	-6	
1065	5.3250	10	16	-6	
1066	5.3300	10	16	-6	
1067	5.3350	10	16	-6	
1068	5.3400	10	16	-6	
1069	5.3450	10	16	-6	
1070	5.3500	10	16	-6	
1071	5.3550	9	16	-6	
1072	5.3600	9	16	-6	
1073	5.3650	9	15	-6	
1074	5.3700	9	15	-6	
1075	5.3750	9	15	-6	
1076	5.3800	8	14	-6	
1077	5.3850	8	14	-6	
1078	5.3900	8	14	-6	
1079	5.3950	8	14	-6	
1080	5.4000	8	13	-6	
1081	5.4050	8	13	-6	
1082	5.4100	8	12	-6	
1083	5.4150	8	12	-6	
1084	5.4200	8	11	-6	
1085	5.4250	8	11	-6	
1086	5.4300	8	10	-6	
1087	5.4350	8	10	-6	
1088	5.4400	8	10	-6	
1089	5.4450	7	9	-6	
1090	5.4500	7	8	-6	
1091	5.4550	7	8	-6	
1092	5.4600	7	8	-6	
1093	5.4650	7	7	-6	
1094	5.4700	7	6	-6	
1095	5.4750	7	6	-6	
1096	5.4800	7	5	-6	
1097	5.4850	7	5	-6	
1098	5.4900	7	4	-6	
1099	5.4950	7	4	-6	
1100	5.5000	7	3	-6	
1101	5.5050	7	2	-6	
1102	5.5100	7	2	-6	
1103	5.5150	7	1	-6	
1104	5.5200	7	1	-6	
1105	5.5250	7	0	-6	
1106	5.5300	7	0	-6	
1107	5.5350	7	-1	-6	
1108	5.5400	7	-2	-6	
1109	5.5450	7	-2	-6	
1110	5.5500	7	-3	-6	
1111	5.5550	8	-3	-6	
1112	5.5600	8	-4	-5	
1113	5.5650	8	-4	-5	
1114	5.5700	8	-5	-5	
1115	5.5750	8	-6	-5	
1116	5.5800	8	-6	-5	
1117	5.5850	8	-6	-5	
1118	5.5900	8	-7	-5	
1119	5.5950	8	-8	-5	
1120	5.6000	8	-8	-4	
1121	5.6050	8	-8	-4	
1122	5.6100	8	-9	-4	
1123	5.6150	8	-9	-4	
1124	5.6200	9	-10	-4	
1125	5.6250	9	-10	-4	
1126	5.6300	9	-10	-4	
1127	5.6350	9	-11	-4	
1128	5.6400	9	-11	-3	
1129	5.6450	10	-11	-3	
1130	5.6500	10	-12	-3	
1131	5.6550	10	-12	-3	
1132	5.6600	10	-12	-3	
1133	5.6650	10	-12	-3	
1134	5.6700	10	-12	-2	
1135	5.6750	10	-13	-2	
1136	5.6800	10	-13	-2	
1137	5.6850	11	-13	-2	
1138	5.6900	11	-13	-2	
1139	5.6950	11	-13	-2	
1140	5.7000	11	-13	-2	
1141	5.7050	12	-13	-1	
1142	5.7100	12	-13	-1	
1143	5.7150	12	-14	-1	
1144	5.7200	12	-14	-1	
1145	5.7250	12	-13	-1	
1146	5.7300	12	-13	0	
1147	5.7350	12	-13	0	
1148	5.7400	12	-13	0	
1149	5.7450	13	-13	0	
1150	5.7500	13	-13	0	
1151	5.7550	13	-13	0	
1152	5.7600	13	-12	0	
1153	5.7650	14	-12	0	
1154	5.7700	14	-12	0	
1155	5.7750	14	-12	1	
1156	5.7800	14	-12	1	
1157	5.7850	14	-11	1	
1158	5.7900	14	-11	1	
1159	5.7950	14	-10	1	
1160	5.8000	14	-10	1	
1161	5.8050	14	-10	2	
1162	5.8100	14	-10	2	
1163	5.8150	14	-9	2	
1164	5.8200	15	-9	2	
1165	5.8250	15	-8	2	
1166	5.8300	15	-8	2	
1167	5.8350	15	-7	2	
1168	5.8400	15	-7	2	
1169	5.8450	15	-6	2	
1170	5.8500	15	-6	2	
1171	5.8550	15	-5	2	
1172	5.8600	16	-5	2	
1173	5.8650	16	-4	2	
1174	5.8700	16	-4	2	
1175	5.8750	16	-3	2	
1176	5.8800	16	-3	2	
1177	5.8850	16	-2	2	
1178	5.8900	16	-2	2	
1179	5.8950	16	-1	2	
1180	5.9000	16	0	2	
1181	5.9050	16	0	2	
1182	5.9100	16	1	2	
1183	5.9150	16	1	2	
1184	5.9200	16	2	2	
1185	5.9250	16	2	2	
1186	5.9300	16	3	2	
1187	5.9350	16	4	2	
1188	5.9400	16	4	2	
1189	5.9450	15	5	2	
1190	5.9500	15	5	2	
1191	5.9550	15	6	2	
1192	5.9600	15	6	2	
1193	5.9650	15	7	2	
1194	5.9700	15	8	2	
1195	5.9750	15	8	2	
1196	5.9800	15	8	2	
1197	5.9850	15	9	2	
1198	5.9900	14	10	2	
1199	5.9950	14	10	1	
1200	6.0000	14	10	1	
1201	6.0050	14	11	1	
1202	6.0100	14	11	1	
1203	6.0150	14	12	1	
1204	6.0200	14	12	1	
1205	6.0250	14	12	0	
1206	6.0300	14	13	0	
1207	6.0350	14	13	0	
1208	6.0400	13	14	0	
1209	6.0450	13	14	0	
1210	6.0500	13	14	0	
1211	6.0550	13	14	0	
1212	6.0600	12	14	-1	
1213	6.0650	12	15	-1	
1214	6.0700	12	15	-1	
1215	6.0750	12	15	-1	
1216	6.0800	12	15	-2	
1217	6.0850	12	16	-2	
1218	6.0900	12	16	-2	
1219	6.0950	12	16	-2	
1220	6.1000	11	16	-2	
1221	6.1050	11	16	-2	
1222	6.1100	11	16	-3	
1223	6.1150	11	16	-3	
1224	6.1200	10	16	-3	
1225	6.1250	10	16	-3	
1226	6.1300	10	16	-4	
1227	6.1350	10	16	-4	
1228	6.1400	10	16	-4	
1229	6.1450	10	15	-4	
1230	6.1500	10	15	-4	
1231	6.1550	10	15	-5	
1232	6.1600	10	15	-5	
1233	6.1650	9	14	-5	
1234	6.1700	9	14	-5	
1235	6.1750	9	14	-6	
1236	6.1800	9	14	-6	
1237	6.1850	9	13	-6	
1238	6.1900	8	13	-6	
1239	6.1950	8	13	-6	
1240	6.2000	8	12	-6	
1241	6.2050	8	12	-7	
1242	6.2100	8	12	-7	
1243	6.2150	8	11	-7	
1244	6.2200	8	11	-7	
1245	6.2250	8	10	-7	
1246	6.2300	8	10	-8	
1247	6.2350	8	9	-8	
1248	6.2400	8	9	-8	
1249	6.2450	8	8	-8	
1250	6.2500	7	8	-8	
1251	6.2550	7	7	-8	
1252	6.2600	7	7	-8	
1253	6.2650	7	6	-8	
1254	6.2700	7	6	-9	
1255	6.2750	7	5	-9	
1256	6.2800	7	4	-9	
1257	6.2850	7	4	-9	
1258	6.2900	7	3	-9	
1259	6.2950	7	3	-9	
1260	6.3000	7	2	-9	
1261	6.3050	7	1	-9	
1262	6.3100	7	1	-9	
1263	6.3150	7	0	-9	
1264	6.3200	7	0	-10	
1265	6.3250	7	-1	-10	
1266	6.3300	7	-2	-10	
1267	6.3350	7	-2	-10	
1268	6.3400	7	-3	-10	
1269	6.3450	7	-4	-10	
1270	6.3500	7	-4	-10	
1271	6.3550	7	-5	-10	
1272	6.3600	7	-5	-10	
1273	6.3650	8	-6	-10	
1274	6.3700	8	-6	-10	
1275	6.3750	8	-7	-9	
1276	6.3800	8	-7	-9	
1277	6.3850	8	-8	-9	
1278	6.3900	8	-8	-9	
1279	6.3950	8	-9	-9	
1280	6.4000	8	-9	-9	
1281	6.4050	8	-10	-9	
1282	6.4100	8	-10	-9	
1283	6.4150	8	-11	-9	
1284	6.4200	8	-11	-9	
1285	6.4250	9	-12	-8	
1286	6.4300	9	-12	-8	
1287	6.4350	9	-12	-8	
1288	6.4400	9	-13	-8	
1289	6.4450	9	-13	-8	
1290	6.4500	10	-13	-8	
1291	6.4550	10	-14	-8	
1292	6.4600	10	-14	-8	
1293	6.4650	10	-14	-7	
1294	6.4700	10	-14	-7	
1295	6.4750	10	-14	-7	
1296	6.4800	10	-15	-7	
1297	6.4850	10	-15	-7	
1298	6.4900	11	-15	-6	
1299	6.4950	11	-15	-6	
1300	6.5000	11	-15	-6	
1301	6.5050	11	-15	-6	
1302	6.5100	12	-15	-6	
1303	6.5150	12	-15	-6	
1304	6.5200	12	-15	-5	
1305	6.5250	12	-15	-5	
1306	6.5300	12	-15	-5	
1307	6.5350	12	-15	-5	
1308	6.5400	12	-15	-4	
1309	6.5450	12	-15	-4	
1310	6.5500	12	-15	-4	
1311	6.5550	13	-14	-4	
1312	6.5600	13	-14	-4	
1313	6.5650	13	-14	-4	
1314	6.5700	13	-14	-3	
1315	6.5750	14	-14	-3	
1316	6.5800	14	-13	-3	
1317	6.5850	14	-13	-3	
1318	6.5900	14	-13	-2	
1319	6.5950	14	-12	-2	
1320	6.6000	14	-12	-2	
1321	6.6050	14	-12	-2	
1322	6.6100	14	-11	-2	
1323	6.6150	14	-11	-2	
1324	6.6200	14	-10	-2	
1325	6.6250	15	-10	-1	
1326	6.6300	15	-9	-1	
1327	6.6350	15	-9	-1	
1328	6.6400	15	-8	-1	
1329	6.6450	15	-8	0	
1330	6.6500	15	-7	0	
1331	6.6550	15	-7	0	
1332	6.6600	15	-6	0	
1333	6.6650	16	-6	0	
1334	6.6700	16	-5	0	
1335	6.6750	16	-4	0	
1336	6.6800	16	-4	0	
1337	6.6850	16	-3	0	
1338	6.6900	16	-2	0	
1339	6.6950	16	-2	1	
1340	6.7000	16	-1	1	
1341	6.7050	16	0	1	
1342	6.7100	16	0	1	
1343	6.7150	16	1	1	
1344	6.7200	16	1	1	
1345	6.7250	16	2	1	
1346	6.7300	16	3	1	
1347	6.7350	16	3	1	
1348	6.7400	16	4	1	
1349	6.7450	16	5	1	
1350	6.7500	16	5	1	
1351	6.7550	15	6	1	
1352	6.7600	15	6	1	
1353	6.7650	15	7	1	
1354	6.7700	15	8	1	
1355	6.7750	15	8	1	
1356	6.7800	15	9	1	
1357	6.7850	15	9	1	
1358	6.7900	15	10	1	
1359	6.7950	14	10	1	
1360	6.8000	14	11	1	
1361	6.8050	14	12	0	
1362	6.8100	14	12	0	
1363	6.8150	14	12	0	
1364	6.8200	14	13	0	
1365	6.8250	14	14	0	
1366	6.8300	14	14	0	
1367	6.8350	14	14	0	
1368	6.8400	14	15	0	
1369	6.8450	14	15	0	
1370	6.8500	13	16	0	
1371	6.8550	13	16	-1	
1372	6.8600	13	16	-1	
1373	6.8650	13	16	-1	
1374	6.8700	12	17	-1	
1375	6.8750	12	17	-1	
1376	6.8800	12	17	-2	
1377	6.8850	12	17	-2	
1378	6.8900	12	18	-2	
1379	6.8950	12	18	-2	
1380	6.9000	12	18	-2	
1381	6.9050	12	18	-2	
1382	6.9100	11	18	-2	
1383	6.9150	11	18	-3	
1384	6.9200	11	18	-3	
1385	6.9250	11	18	-3	
1386	6.9300	10	18	-3	
1387	6.9350	10	18	-4	
1388	6.9400	10	18	-4	
1389	6.9450	10	18	-4	
1390	6.9500	10	18	-4	
1391	6.9550	10	18	-4	
1392	6.9600	10	18	-4	
1393	6.9650	10	17	-5	
1394	6.9700	9	17	-5	
1395	6.9750	9	17	-5	
1396	6.9800	9	17	-5	
1397	6.9850	9	16	-6	
1398	6.9900	9	16	-6	
1399	6.9950	8	16	-6	
1400	7.0000	8	15	-6	
1401	7.0050	8	15	-6	
1402	7.0100	8	15	-6	
1403	7.0150	8	14	-6	
1404	7.0200	8	14	-7	
1405	7.0250	8	13	-7	
1406	7.0300	8	13	-7	
1407	7.0350	8	12	-7	
1408	7.0400	8	12	-7	
1409	7.0450	8	11	-8	
1410	7.0500	8	11	-8	
1411	7.0550	7	10	-8	
1412	7.0600	7	10	-8	
1413	7.0650	7	9	-8	
1414	7.0700	7	9	-8	
1415	7.0750	7	8	-8	
1416	7.0800	7	8	-8	
1417	7.0850	7	7	-8	
1418	7.0900	7	6	-8	
1419	7.0950	7	6	-8	
1420	7.1000	7	5	-8	
1421	7.1050	7	4	-9	
1422	7.1100	7	4	-9	
1423	7.1150	7	3	-9	
1424	7.1200	7	2	-9	
1425	7.1250	7	2	-9	
1426	7.1300	7	1	-9	
1427	7.1350	7	0	-9	
1428	7.1400	7	0	-9	
1429	7.1450	7	-1	-9	
1430	7.1500	7	-2	-9	
1431	7.1550	7	-2	-8	
1432	7.1600	7	-3	-8	
1433	7.1650	7	-3	-8	
1434	7.1700	8	-4	-8	
1435	7.1750	8	-5	-8	
1436	7.1800	8	-5	-8	
1437	7.1850	8	-6	-8	
1438	7.1900	8	-6	-8	
1439	7.1950	8	-7	-8	
1440	7.2000	8	-8	-8	
1441	7.2050	8	-8	-8	
1442	7.2100	8	-9	-8	
1443	7.2150	8	-9	-7	
1444	7.2200	8	-10	-7	
1445	7.2250	8	-10	-7	
1446	7.2300	8	-10	-7	
1447	7.2350	9	-11	-7	
1448	7.2400	9	-12	-6	
1449	7.2450	9	-12	-6	
1450	7.2500	9	-12	-6	
1451	7.2550	10	-13	-6	
1452	7.2600	10	-13	-6	
1453	7.2650	10	-13	-6	
1454	7.2700	10	-14	-5	
1455	7.2750	10	-14	-5	
1456	7.2800	10	-14	-5	
1457	7.2850	10	-14	-5	
1458	7.2900	10	-15	-4	
1459	7.2950	10	-15	-4	
1460	7.3000	11	-15	-4	
1461	7.3050	11	-15	-4	
1462	7.3100	11	-15	-3	
1463	7.3150	11	-15	-3	
1464	7.3200	12	-15	-3	
1465	7.3250	12	-16	-3	
1466	7.3300	12	-16	-2	
1467	7.3350	12	-16	-2	
1468	7.3400	12	-16	-2	
1469	7.3450	12	-15	-2	
1470	7.3500	12	-15	-1	
1471	7.3550	12	-15	-1	
1472	7.3600	13	-15	-1	
1473	7.3650	13	-15	-1	
1474	7.3700	13	-15	0	
1475	7.3750	13	-14	0	
1476	7.3800	14	-14	0	
1477	7.3850	14	-14	0	
1478	7.3900	14	-14	0	
1479	7.3950	14	-14	1	
1480	7.4000	14	-13	1	
1481	7.4050	14	-13	1	
1482	7.4100	14	-12	2	
1483	7.4150	14	-12	2	
1484	7.4200	14	-12	2	
1485	7.4250	14	-11	2	
1486	7.4300	14	-11	2	
1487	7.4350	15	-10	2	
1488	7.4400	15	-10	3	
1489	7.4450	15	-10	3	
1490	7.4500	15	-9	3	
1491	7.4550	15	-8	3	
1492	7.4600	15	-8	3	
1493	7.4650	15	-7	4	
1494	7.4700	15	-7	4	
1495	7.4750	16	-6	4	
1496	7.4800	16	-6	4	
1497	7.4850	16	-5	4	
1498	7.4900	16	-4	4	
1499	7.4950	16	-4	4	
1500	7.5000	16	-3	4	
1501	7.5050	16	-2	4	
1502	7.5100	16	-2	4	
1503	7.5150	16	-1	4	
1504	7.5200	16	-1	4	
1505	7.5250	16	0	4	
1506	7.5300	16	0	4	
1507	7.5350	16	1	4	
1508	7.5400	16	2	4	
1509	7.5450	16	2	4	
1510	7.5500	16	3	4	
1511	7.5550	16	4	4	
1512	7.5600	15	4	4	
1513	7.5650	15	5	4	
1514	7.5700	15	6	4	
1515	7.5750	15	6	4	
1516	7.5800	15	7	4	
1517	7.5850	15	7	4	
1518	7.5900	15	8	4	
1519	7.5950	15	8	4	
1520	7.6000	15	9	4	
1521	7.6050	14	10	3	
1522	7.6100	14	10	3	
1523	7.6150	14	11	3	
1524	7.6200	14	11	3	
1525	7.6250	14	12	2	
1526	7.6300	14	12	2	
1527	7.6350	14	12	2	
1528	7.6400	14	13	2	
1529	7.6450	14	14	2	
1530	7.6500	14	14	2	
1531	7.6550	13	14	1	
1532	7.6600	13	14	1	
1533	7.6650	13	15	1	
1534	7.6700	13	15	0	
1535	7.6750	12	16	0	
1536	7.6800	12	16	0	
1537	7.6850	12	16	0	
1538	7.6900	12	16	-1	
1539	7.6950	12	16	-1	
1540	7.7000	12	16	-1	
1541	7.7050	12	17	-2	
1542	7.7100	12	17	-2	
1543	7.7150	11	17	-2	
1544	7.7200	11	17	-2	
1545	7.7250	11	17	-3	
1546	7.7300	11	17	-3	
1547	7.7350	10	17	-4	
1548	7.7400	10	17	-4	
1549	7.7450	10	17	-4	
1550	7.7500	10	17	-4	
1551	7.7550	10	17	-5	
1552	7.7600	10	17	-5	
1553	7.7650	10	17	-6	
1554	7.7700	10	16	-6	
1555	7.7750	10	16	-6	
1556	7.7800	9	16	-6	
1557	7.7850	9	16	-7	
1558	7.7900	9	16	-7	
1559	7.7950	9	15	-8	
1560	7.8000	8	15	-8	
1561	7.8050	8	14	-8	
1562	7.8100	8	14	-8	
1563	7.8150	8	14	-9	
1564	7.8200	8	14	-9	
1565	7.8250	8	13	-9	
1566	7.8300	8	12	-10	
1567	7.8350	8	12	-10	
1568	7.8400	8	12	-10	
1569	7.8450	8	11	-10	
1570	7.8500	8	11	-10	
1571	7.8550	8	10	-11	
1572	7.8600	8	10	-11	
1573	7.8650	7	9	-11	
1574	7.8700	7	8	-11	
1575	7.8750	7	8	-12	
1576	7.8800	7	7	-12	
1577	7.8850	7	7	-12	
1578	7.8900	7	6	-12	
1579	7.8950	7	6	-12	
1580	7.9000	7	5	-12	
1581	7.9050	7	4	-12	
1582	7.9100	7	4	-12	
1583	7.9150	7	3	-13	
1584	7.9200	7	2	-13	
1585	7.9250	7	2	-13	
1586	7.9300	7	1	-13	
1587	7.9350	7	0	-13	
1588	7.9400	7	0	-13	
1589	7.9450	7	-1	-13	
1590	7.9500	7	-2	-13	
1591	7.9550	7	-2	-13	
1592	7.9600	7	-3	-13	
1593	7.9650	7	-4	-13	
1594	7.9700	7	-4	-13	
1595	7.9750	8	-5	-13	
1596	7.9800	8	-5	-13	
1597	7.9850	8	-6	-13	
1598	7.9900	8	-6	-13	
1599	7.9950	8	-7	-13	
1600	8.0000	8	-8	-12	
1601	8.0050	8	-8	-12	
1602	8.0100	8	-9	-12	
1603	8.0150	8	-9	-12	
1604	8.0200	8	-10	-12	
1605	8.0250	8	-10	-12	
1606	8.0300	8	-11	-12	
1607	8.0350	8	-11	-12	
1608	8.0400	9	-12	-11	
1609	8.0450	9	-12	-11	
1610	8.0500	9	-12	-11	
1611	8.0550	9	-13	-11	
1612	8.0600	9	-13	-10	
1613	8.0650	10	-14	-10	
1614	8.0700	10	-14	-10	
1615	8.0750	10	-14	-10	
1616	8.0800	10	-14	-9	
1617	8.0850	10	-15	-9	
1618	8.0900	10	-15	-9	
1619	8.0950	10	-15	-8	
1620	8.1000	10	-15	-8	
1621	8.1050	11	-16	-8	
1622	8.1100	11	-16	-8	
1623	8.1150	11	-16	-7	
1624	8.1200	11	-16	-7	
1625	8.1250	12	-16	-6	
1626	8.1300	12	-16	-6	
1627	8.1350	12	-16	-6	
1628	8.1400	12	-16	-6	
1629	8.1450	12	-16	-5	
1630	8.1500	12	-16	-5	
1631	8.1550	12	-16	-4	
1632	8.1600	12	-16	-4	
1633	8.1650	13	-15	-4	
1634	8.1700	13	-15	-4	
1635	8.1750	13	-15	-3	
1636	8.1800	13	-15	-3	
1637	8.1850	13	-14	-2	
1638	8.1900	14	-14	-2	
1639	8.1950	14	-14	-2	
1640	8.2000	14	-14	-2	
1641	8.2050	14	-13	-1	
1642	8.2100	14	-13	-1	
1643	8.2150	14	-12	0	
1644	8.2200	14	-12	0	
1645	8.2250	14	-12	0	
1646	8.2300	14	-11	0	
1647	8.2350	14	-11	1	
1648	8.2400	15	-10	1	
1649	8.2450	15	-10	2	
1650	8.2500	15	-9	2	
1651	8.2550	15	-9	2	
1652	8.2600	15	-8	2	
1653	8.2650	15	-8	2	
1654	8.2700	15	-7	3	
1655	8.2750	15	-6	3	
1656	8.2800	16	-6	3	
1657	8.2850	16	-5	4	
1658	8.2900	16	-5	4	
1659	8.2950	16	-4	4	
1660	8.3000	16	-3	4	
1661	8.3050	16	-3	4	
1662	8.3100	16	-2	4	
1663	8.3150	16	-1	4	
1664	8.3200	16	-1	5	
1665	8.3250	16	0	5	
1666	8.3300	16	1	5	
1667	8.3350	16	1	5	
1668	8.3400	16	2	5	
1669	8.3450	16	3	5	
1670	8.3500	16	3	5	
1671	8.3550	16	4	5	
1672	8.3600	16	5	5	
1673	8.3650	16	5	5	
1674	8.3700	15	6	5	
1675	8.3750	15	7	5	
1676	8.3800	15	7	5	
1677	8.3850	15	8	5	
1678	8.3900	15	8	5	
1679	8.3950	15	9	5	
1680	8.4000	15	10	5	
1681	8.4050	15	10	5	
1682	8.4100	14	11	5	
1683	8.4150	14	12	5	
1684	8.4200	14	12	5	
1685	8.4250	14	13	4	
1686	8.4300	14	13	4	
1687	8.4350	14	14	4	
1688	8.4400	14	14	4	
1689	8.4450	14	14	4	
1690	8.4500	14	15	4	
1691	8.4550	14	16	4	
1692	8.4600	14	16	3	
1693	8.4650	13	16	3	
1694	8.4700	13	16	3	
1695	8.4750	13	17	3	
1696	8.4800	13	17	2	
1697	8.4850	12	18	2	
1698	8.4900	12	18	2	
1699	8.4950	12	18	2	
1700	8.5000	12	18	1	
1701	8.5050	12	18	1	
1702	8.5100	12	19	1	
1703	8.5150	12	19	0	
1704	8.5200	12	19	0	
1705	8.5250	11	19	0	
1706	8.5300	11	19	0	
1707	8.5350	11	19	-1	
1708	8.5400	11	19	-1	
1709	8.5450	10	19	-2	
1710	8.5500	10	19	-2	
1711	8.5550	10	19	-2	
1712	8.5600	10	19	-2	
1713	8.5650	10	19	-3	
1714	8.5700	10	18	-3	
1715	8.5750	10	18	-4	
1716	8.5800	10	18	-4	
1717	8.5850	9	18	-4	
1718	8.5900	9	18	-4	
1719	8.5950	9	18	-5	
1720	8.6000	9	17	-5	
1721	8.6050	9	17	-6	
1722	8.6100	8	16	-6	
1723	8.6150	8	16	-6	
1724	8.6200	8	16	-6	
1725	8.6250	8	15	-7	
1726	8.6300	8	15	-7	
1727	8.6350	8	14	-7	
1728	8.6400	8	14	-8	
1729	8.6450	8	14	-8	
1730	8.6500	8	13	-8	
1731	8.6550	8	12	-8	
1732	8.6600	8	12	-9	
1733	8.6650	8	11	-9	
1734	8.6700	8	11	-9	
1735	8.6750	7	10	-9	
1736	8.6800	7	10	-10	
1737	8.6850	7	9	-10	
1738	8.6900	7	8	-10	
1739	8.6950	7	8	-10	
1740	8.7000	7	7	-10	
1741	8.7050	7	6	-10	
1742	8.7100	7	6	-11	
1743	8.7150	7	5	-11	
1744	8.7200	7	4	-11	
1745	8.7250	7	4	-11	
1746	8.7300	7	3	-11	
1747	8.7350	7	2	-11	
1748	8.7400	7	2	-11	
1749	8.7450	7	1	-12	
1750	8.7500	7	0	-12	
1751	8.7550	7	0	-12	
1752	8.7600	7	-1	-12	
1753	8.7650	7	-2	-12	
1754	8.7700	7	-3	-12	
1755	8.7750	7	-3	-12	
1756	8.7800	7	-4	-12	
1757	8.7850	8	-5	-12	
1758	8.7900	8	-5	-12	
1759	8.7950	8	-6	-11	
1760	8.8000	8	-6	-11	
1761	8.8050	8	-7	-11	
1762	8.8100	8	-8	-11	
1763	8.8150	8	-8	-11	
1764	8.8200	8	-9	-11	
1765	8.8250	8	-10	-11	
1766	8.8300	8	-10	-10	
1767	8.8350	8	-11	-10	
1768	8.8400	8	-11	-10	
1769	8.8450	8	-12	-10	
1770	8.8500	9	-12	-10	
1771	8.8550	9	-13	-10	
1772	8.8600	9	-13	-9	
1773	8.8650	9	-14	-9	
1774	8.8700	10	-14	-9	
1775	8.8750	10	-14	-8	
1776	8.8800	10	-15	-8	
1777	8.8850	10	-15	-8	
1778	8.8900	10	-15	-8	
1779	8.8950	10	-16	-8	
1780	8.9000	10	-16	-7	
1781	8.9050	10	-16	-7	
1782	8.9100	10	-16	-6	
1783	8.9150	11	-16	-6	
1784	8.9200	11	-16	-6	
1785	8.9250	11	-17	-6	
1786	8.9300	11	-17	-5	
1787	8.9350	12	-17	-5	
1788	8.9400	12	-17	-4	
1789	8.9450	12	-17	-4	
1790	8.9500	12	-17	-4	
1791	8.9550	12	-17	-4	
1792	8.9600	12	-17	-3	
1793	8.9650	12	-17	-3	
1794	8.9700	12	-17	-2	
1795	8.9750	13	-16	-2	
1796	8.9800	13	-16	-2	
1797	8.9850	13	-16	-2	
1798	8.9900	13	-16	-1	
1799	8.9950	14	-16	-1	
1800	9.0000	14	-16	0	
1801	9.0050	14	-15	0	
1802	9.0100	14	-15	0	
1803	9.0150	14	-14	1	
1804	9.0200	14	-14	1	
1805	9.0250	14	-14	1	
1806	9.0300	14	-13	2	
1807	9.0350	14	-13	2	
1808	9.0400	14	-12	2	
1809	9.0450	14	-12	2	
1810	9.0500	15	-12	3	
1811	9.0550	15	-11	3	
1812	9.0600	15	-10	3	
1813	9.0650	15	-10	4	
1814	9.0700	15	-10	4	
1815	9.0750	15	-9	4	
1816	9.0800	15	-8	4	
1817	9.0850	15	-8	4	
1818	9.0900	16	-7	5	
1819	9.0950	16	-6	5	
1820	9.1000	16	-6	5	
1821	9.1050	16	-5	5	
1822	9.1100	16	-4	5	
1823	9.1150	16	-4	6	
1824	9.1200	16	-3	6	
1825	9.1250	16	-2	6	
1826	9.1300	16	-2	6	
1827	9.1350	16	-1	6	
1828	9.1400	16	0	6	
1829	9.1450	16	0	6	
1830	9.1500	16	1	6	
1831	9.1550	16	2	6	
1832	9.1600	16	2	6	
1833	9.1650	16	3	6	
1834	9.1700	16	4	6	
1835	9.1750	15	4	6	
1836	9.1800	15	5	6	
1837	9.1850	15	6	6	
1838	9.1900	15	6	6	
1839	9.1950	15	7	6	
1840	9.2000	15	8	6	
1841	9.2050	15	8	6	
1842	9.2100	15	9	5	
1843	9.2150	15	10	5	
1844	9.2200	14	10	5	
1845	9.2250	14	11	5	
1846	9.2300	14	11	5	
1847	9.2350	14	12	4	
1848	9.2400	14	12	4	
1849	9.2450	14	13	4	
1850	9.2500	14	13	4	
1851	9.2550	14	14	4	
1852	9.2600	14	14	3	
1853	9.2650	14	15	3	
1854	9.2700	13	15	3	
1855	9.2750	13	16	2	
1856	9.2800	13	16	2	
1857	9.2850	13	16	2	
1858	9.2900	12	17	2	
1859	9.2950	12	17	1	
1860	9.3000	12	17	1	
1861	9.3050	12	18	0	
1862	9.3100	12	18	0	
1863	9.3150	12	18	0	
1864	9.3200	12	18	-1	
1865	9.3250	12	18	-1	
1866	9.3300	11	18	-2	
1867	9.3350	11	18	-2	
1868	9.3400	11	18	-2	
1869	9.3450	11	19	-3	
1870	9.3500	11	19	-3	
1871	9.3550	10	19	-4	
1872	9.3600	10	19	-4	
1873	9.3650	10	18	-4	
1874	9.3700	10	18	-5	
1875	9.3750	10	18	-5	
1876	9.3800	10	18	-6	
1877	9.3850	10	18	-6	
1878	9.3900	10	18	-6	
1879	9.3950	9	18	-7	
1880	9.4000	9	18	-7	
1881	9.4050	9	17	-8	
1882	9.4100	9	17	-8	
1883	9.4150	9	16	-8	
1884	9.4200	8	16	-9	
1885	9.4250	8	16	-9	
1886	9.4300	8	16	-10	
1887	9.4350	8	15	-10	
1888	9.4400	8	15	-10	
1889	9.4450	8	14	-10	
1890	9.4500	8	14	-11	
1891	9.4550	8	13	-11	
1892	9.4600	8	13	-12	
1893	9.4650	8	12	-12	
1894	9.4700	8	12	-12	
1895	9.4750	8	11	-12	
1896	9.4800	7	10	-13	
1897	9.4850	7	10	-13	
1898	9.4900	7	9	-13	
1899	9.4950	7	9	-14	
1900	9.5000	7	8	-14	
1901	9.5050	7	8	-14	
1902	9.5100	7	7	-14	
1903	9.5150	7	6	-14	
1904	9.5200	7	6	-14	
1905	9.5250	7	5	-14	
1906	9.5300	7	4	-15	
1907	9.5350	7	4	-15	
1908	9.5400	7	3	-15	
1909	9.5450	7	2	-15	
1910	9.5500	7	2	-15	
1911	9.5550	7	1	-15	
1912	9.5600	7	0	-15	
1913	9.5650	7	0	-15	
1914	9.5700	7	-1	-15	
1915	9.5750	7	-2	-15	
1916	9.5800	7	-3	-15	
1917	9.5850	7	-3	-15	
1918	9.5900	8	-4	-15	
1919	9.5950	8	-4	-15	
1920	9.6000	8	-5	-15	
1921	9.6050	8	-6	-15	
1922	9.6100	8	-6	-15	
1923	9.6150	8	-7	-14	
1924	9.6200	8	-8	-14	
1925	9.6250	8	-8	-14	
1926	9.6300	8	-9	-14	
1927	9.6350	8	-9	-14	
1928	9.6400	8	-10	-14	
1929	9.6450	8	-10	-14	
1930	9.6500	8	-11	-13	
1931	9.6550	9	-12	-13	
1932	9.6600	9	-12	-13	
1933	9.6650	9	-12	-12	
1934	9.6700	9	-13	-12	
1935	9.6750	9	-13	-12	
1936	9.6800	10	-14	-12	
1937	9.6850	10	-14	-11	
1938	9.6900	10	-14	-11	
1939	9.6950	10	-14	-10	
1940	9.7000	10	-15	-10	
1941	9.7050	10	-15	-10	
1942	9.7100	10	-15	-9	
1943	9.7150	10	-16	-9	
1944	9.7200	11	-16	-8	
1945	9.7250	11	-16	-8	
1946	9.7300	11	-16	-8	
1947	9.7350	11	-16	-7	
1948	9.7400	12	-16	-7	
1949	9.7450	12	-16	-6	
1950	9.7500	12	-16	-6	
1951	9.7550	12	-16	-6	
1952	9.7600	12	-16	-5	
1953	9.7650	12	-16	-4	
1954	9.7700	12	-16	-4	
1955	9.7750	12	-16	-4	
1956	9.7800	13	-16	-3	
1957	9.7850	13	-16	-3	
1958	9.7900	13	-16	-2	
1959	9.7950	13	-16	-2	
1960	9.8000	13	-15	-2	
1961	9.8050	14	-15	-1	
1962	9.8100	14	-15	0	
1963	9.8150	14	-14	0	
1964	9.8200	14	-14	0	
1965	9.8250	14	-14	1	
1966	9.8300	14	-13	1	
1967	9.8350	14	-13	2	
1968	9.8400	14	-12	2	
1969	9.8450	14	-12	2	
1970	9.8500	14	-12	3	
1971	9.8550	15	-11	3	
1972	9.8600	15	-10	4	
1973	9.8650	15	-10	4	
1974	9.8700	15	-10	4	
1975	9.8750	15	-9	4	
1976	9.8800	15	-8	5	
1977	9.8850	15	-8	5	
1978	9.8900	15	-7	6	
1979	9.8950	16	-6	6	
1980	9.9000	16	-6	6	
1981	9.9050	16	-5	6	
1982	9.9100	16	-4	7	
1983	9.9150	16	-4	7	
1984	9.9200	16	-3	7	
1985	9.9250	16	-2	7	
1986	9.9300	16	-2	8	
1987	9.9350	16	-1	8	
1988	9.9400	16	0	8	
1989	9.9450	16	0	8	
1990	9.9500	16	1	8	
1991	9.9550	16	2	8	
1992	9.9600	16	2	8	
1993	9.9650	16	3	8	
1994	9.9700	16	4	8	
1995	9.9750	16	4	8	
1996	9.9800	16	5	8	
1997	9.9850	15	6	8	
1998	9.9900	15	6	8	
1999	9.9950	15	7	8	
2000	10.0000	15	8	8	
2001	10.0050	15	8	8	
2002	10.0100	15	9	8	
2003	10.0150	15	10	8	
2004	10.0200	15	10	8	
2005	10.0250	14	11	8	
2006	10.0300	14	12	8	
2007	10.0350	14	12	8	
2008	10.0400	14	13	8	
2009	10.0450	14	13	7	
2010	10.0500	14	14	7	
2011	10.0550	14	14	7	
2012	10.0600	14	15	7	
2013	10.0650	14	15	6	
2014	10.0700	14	16	6	
2015	10.0750	14	16	6	
2016	10.0800	13	16	6	
2017	10.0850	13	17	5	
2018	10.0900	13	17	5	
2019	10.0950	13	18	5	
2020	10.1000	12	18	4	
2021	10.1050	12	18	4	
2022	10.1100	12	18	4	
2023	10.1150	12	19	3	
2024	10.1200	12	19	3	
2025	10.1250	12	19	2	
2026	10.1300	12	19	2	
2027	10.1350	12	19	2	
2028	10.1400	11	20	1	
2029	10.1450	11	20	1	
2030	10.1500	11	20	0	
2031	10.1550	11	20	0	
2032	10.1600	10	20	0	
2033	10.1650	10	20	-1	
2034	10.1700	10	20	-1	
2035	10.1750	10	20	-2	
2036	10.1800	10	19	-2	
2037	10.1850	10	19	-3	
2038	10.1900	10	19	-3	
2039	10.1950	10	19	-4	
2040	10.2000	9	18	-4	
2041	10.2050	9	18	-4	
2042	10.2100	9	18	-5	
2043	10.2150	9	18	-5	
2044	10.2200	9	17	-6	
2045	10.2250	8	17	-6	
2046	10.2300	8	17	-7	
2047	10.2350	8	16	-7	
2048	10.2400	8	16	-8	
2049	10.2450	8	15	-8	
2050	10.2500	8	15	-8	
2051	10.2550	8	14	-9	
2052	10.2600	8	14	-9	
2053	10.2650	8	13	-10	
2054	10.2700	8	13	-10	
2055	10.2750	8	12	-10	
2056	10.2800	8	12	-10	
2057	10.2850	8	11	-11	
2058	10.2900	7	10	-11	
2059	10.2950	7	10	-12	
2060	10.3000	7	9	-12	
2061	10.3050	7	8	-12	
2062	10.3100	7	8	-12	
2063	10.3150	7	7	-12	
2064	10.3200	7	6	-13	
2065	10.3250	7	6	-13	
2066	10.3300	7	5	-13	
2067	10.3350	7	4	-14	
2068	10.3400	7	4	-14	
2069	10.3450	7	3	-14	
2070	10.3500	7	2	-14	
2071	10.3550	7	2	-14	
2072	10.3600	7	1	-14	
2073	10.3650	7	0	-14	
2074	10.3700	7	-1	-14	
2075	10.3750	7	-1	-14	
2076	10.3800	7	-2	-14	
2077	10.3850	7	-3	-14	
2078	10.3900	7	-4	-14	
2079	10.3950	7	-4	-14	
2080	10.4000	8	-5	-14	
2081	10.4050	8	-6	-14	
2082	10.4100	8	-6	-14	
2083	10.4150	8	-7	-14	
2084	10.4200	8	-8	-14	
2085	10.4250	8	-8	-14	
2086	10.4300	8	-9	-14	
2087	10.4350	8	-10	-14	
2088	10.4400	8	-10	-14	
2089	10.4450	8	-11	-14	
2090	10.4500	8	-11	-14	
2091	10.4550	8	-12	-13	
2092	10.4600	8	-12	-13	
2093	10.4650	9	-13	-13	
2094	10.4700	9	-13	-12	
2095	10.4750	9	-14	-12	
2096	10.4800	9	-14	-12	
2097	10.4850	10	-15	-12	
2098	10.4900	10	-15	-12	
2099	10.4950	10	-16	-11	
2100	10.5000	10	-16	-11	
2101	10.5050	10	-16	-10	
2102	10.5100	10	-16	-10	
2103	10.5150	10	-17	-10	
2104	10.5200	10	-17	-9	
2105	10.5250	10	-17	-9	
2106	10.5300	11	-17	-8	
2107	10.5350	11	-18	-8	
2108	10.5400	11	-18	-8	
2109	10.5450	11	-18	-7	
2110	10.5500	12	-18	-7	
2111	10.5550	12	-18	-6	
2112	10.5600	12	-18	-6	
2113	10.5650	12	-18	-6	
2114	10.5700	12	-18	-5	
2115	10.5750	12	-18	-5	
2116	10.5800	12	-18	-4	
2117	10.5850	12	-18	-4	
2118	10.5900	13	-18	-4	
2119	10.5950	13	-17	-3	
2120	10.6000	13	-17	-2	
