#	time(s)	count A	count B	count C	count D
1	0.0050	8	-1	11	
2	0.0100	8	-1	12	
3	0.0150	8	-2	12	
4	0.0200	8	-2	12	
5	0.0250	8	-3	13	
6	0.0300	8	-3	13	
7	0.0350	8	-4	14	
8	0.0400	8	-4	14	
9	0.0450	8	-5	14	
10	0.0500	8	-5	14	
11	0.0550	8	-6	15	
12	0.0600	8	-6	15	
13	0.0650	8	-7	16	
14	0.0700	8	-7	16	
15	0.0750	8	-8	16	
16	0.0800	8	-8	16	
17	0.0850	8	-9	16	
18	0.0900	8	-9	17	
19	0.0950	8	-10	17	
20	0.1000	9	-10	17	
21	0.1050	9	-11	18	
22	0.1100	9	-11	18	
23	0.1150	9	-12	18	
24	0.1200	9	-12	18	
25	0.1250	9	-12	18	
26	0.1300	9	-13	18	
27	0.1350	9	-13	19	
28	0.1400	9	-14	19	
29	0.1450	10	-14	19	
30	0.1500	10	-14	19	
31	0.1550	10	-15	19	
32	0.1600	10	-15	19	
33	0.1650	10	-16	19	
34	0.1700	10	-16	19	
35	0.1750	10	-16	20	
36	0.1800	10	-17	20	
37	0.1850	10	-17	20	
38	0.1900	10	-18	20	
39	0.1950	10	-18	20	
40	0.2000	10	-18	20	
41	0.2050	10	-18	20	
42	0.2100	10	-19	20	
43	0.2150	10	-19	20	
44	0.2200	11	-19	20	
45	0.2250	11	-20	19	
46	0.2300	11	-20	19	
47	0.2350	11	-20	19	
48	0.2400	11	-20	19	
49	0.2450	11	-20	19	
50	0.2500	11	-21	19	
51	0.2550	12	-21	19	
52	0.2600	12	-21	19	
53	0.2650	12	-21	18	
54	0.2700	12	-22	18	
55	0.2750	12	-22	18	
56	0.2800	12	-22	18	
57	0.2850	12	-22	18	
58	0.2900	12	-22	18	
59	0.2950	12	-22	18	
60	0.3000	12	-22	17	
61	0.3050	12	-22	17	
62	0.3100	12	-22	17	
63	0.3150	12	-23	16	
64	0.3200	12	-23	16	
65	0.3250	13	-23	16	
66	0.3300	13	-23	16	
67	0.3350	13	-23	15	
68	0.3400	13	-23	15	
69	0.3450	13	-23	15	
70	0.3500	13	-23	14	
71	0.3550	13	-23	14	
72	0.3600	13	-23	14	
73	0.3650	14	-23	13	
74	0.3700	14	-23	13	
75	0.3750	14	-23	12	
76	0.3800	14	-22	12	
77	0.3850	14	-22	12	
78	0.3900	14	-22	12	
79	0.3950	14	-22	11	
80	0.4000	14	-22	10	
81	0.4050	14	-22	10	
82	0.4100	14	-22	10	
83	0.4150	14	-22	9	
84	0.4200	14	-22	9	
85	0.4250	14	-21	8	
86	0.4300	14	-21	8	
87	0.4350	14	-21	8	
88	0.4400	14	-21	7	
89	0.4450	14	-20	7	
90	0.4500	14	-20	6	
91	0.4550	14	-20	6	
92	0.4600	14	-20	5	
93	0.4650	15	-20	5	
94	0.4700	15	-19	4	
95	0.4750	15	-19	4	
96	0.4800	15	-19	3	
97	0.4850	15	-18	3	
98	0.4900	15	-18	2	
99	0.4950	15	-18	2	
100	0.5000	15	-18	1	
101	0.5050	15	-17	1	
102	0.5100	15	-17	0	
103	0.5150	15	-16	0	
104	0.5200	15	-16	-1	
105	0.5250	15	-16	-1	
106	0.5300	15	-15	-2	
107	0.5350	15	-15	-2	
108	0.5400	16	-14	-3	
109	0.5450	16	-14	-3	
110	0.5500	16	-14	-4	
111	0.5550	16	-13	-4	
112	0.5600	16	-13	-5	
113	0.5650	16	-12	-6	
114	0.5700	16	-12	-6	
115	0.5750	16	-11	-6	
116	0.5800	16	-11	-7	
117	0.5850	16	-10	-8	
118	0.5900	16	-10	-8	
119	0.5950	16	-10	-8	
120	0.6000	16	-9	-9	
121	0.6050	16	-8	-10	
122	0.6100	16	-8	-10	
123	0.6150	16	-8	-10	
124	0.6200	16	-7	-11	
125	0.6250	16	-6	-12	
126	0.6300	16	-6	-12	
127	0.6350	16	-6	-12	
128	0.6400	16	-5	-13	
129	0.6450	16	-4	-13	
130	0.6500	16	-4	-14	
131	0.6550	16	-3	-14	
132	0.6600	16	-3	-15	
133	0.6650	16	-2	-15	
134	0.6700	16	-2	-16	
135	0.6750	15	-1	-16	
136	0.6800	15	-1	-16	
137	0.6850	15	0	-17	
138	0.6900	15	0	-17	
139	0.6950	15	1	-18	
140	0.7000	15	2	-18	
141	0.7050	15	2	-18	
142	0.7100	15	3	-19	
143	0.7150	15	3	-19	
144	0.7200	15	4	-20	
145	0.7250	15	4	-20	
146	0.7300	15	5	-20	
147	0.7350	15	5	-21	
148	0.7400	15	6	-21	
149	0.7450	15	6	-21	
150	0.7500	14	7	-22	
151	0.7550	14	7	-22	
152	0.7600	14	8	-22	
153	0.7650	14	8	-22	
154	0.7700	14	9	-23	
155	0.7750	14	10	-23	
156	0.7800	14	10	-23	
157	0.7850	14	10	-24	
158	0.7900	14	11	-24	
159	0.7950	14	12	-24	
160	0.8000	14	12	-24	
161	0.8050	14	12	-24	
162	0.8100	14	13	-25	
163	0.8150	14	14	-25	
164	0.8200	14	14	-25	
165	0.8250	14	14	-25	
166	0.8300	14	15	-25	
167	0.8350	14	15	-26	
168	0.8400	14	16	-26	
169	0.8450	14	16	-26	
170	0.8500	13	17	-26	
171	0.8550	13	17	-26	
172	0.8600	13	18	-26	
173	0.8650	13	18	-26	
174	0.8700	13	18	-26	
175	0.8750	13	19	-26	
176	0.8800	13	19	-26	
177	0.8850	13	20	-26	
178	0.8900	12	20	-26	
179	0.8950	12	20	-26	
180	0.9000	12	20	-26	
181	0.9050	12	21	-26	
182	0.9100	12	21	-26	
183	0.9150	12	22	-26	
184	0.9200	12	22	-26	
185	0.9250	12	22	-26	
186	0.9300	12	22	-26	
187	0.9350	12	23	-26	
188	0.9400	12	23	-26	
189	0.9450	12	23	-26	
190	0.9500	12	24	-26	
191	0.9550	12	24	-26	
192	0.9600	11	24	-26	
193	0.9650	11	24	-25	
194	0.9700	11	24	-25	
195	0.9750	11	24	-25	
196	0.9800	11	25	-25	
197	0.9850	11	25	-25	
198	0.9900	11	25	-24	
199	0.9950	11	25	-24	
200	1.0000	10	25	-24	
201	1.0050	10	26	-24	
202	1.0100	10	26	-24	
203	1.0150	10	26	-23	
204	1.0200	10	26	-23	
205	1.0250	10	26	-23	
206	1.0300	10	26	-22	
207	1.0350	10	26	-22	
208	1.0400	10	26	-22	
209	1.0450	10	26	-22	
210	1.0500	10	26	-21	
211	1.0550	10	26	-21	
212	1.0600	10	26	-20	
213	1.0650	10	26	-20	
214	1.0700	10	26	-20	
215	1.0750	9	26	-20	
216	1.0800	9	26	-19	
217	1.0850	9	26	-19	
218	1.0900	9	26	-18	
219	1.0950	9	26	-18	
220	1.1000	9	25	-18	
221	1.1050	9	25	-17	
222	1.1100	9	25	-16	
223	1.1150	8	25	-16	
224	1.1200	8	25	-16	
225	1.1250	8	25	-15	
226	1.1300	8	24	-15	
227	1.1350	8	24	-14	
228	1.1400	8	24	-14	
229	1.1450	8	24	-14	
230	1.1500	8	24	-13	
231	1.1550	8	23	-12	
232	1.1600	8	23	-12	
233	1.1650	8	23	-12	
234	1.1700	8	22	-11	
235	1.1750	8	22	-11	
236	1.1800	8	22	-10	
237	1.1850	8	22	-10	
238	1.1900	8	21	-9	
239	1.1950	8	21	-9	
240	1.2000	8	21	-8	
241	1.2050	8	20	-8	
242	1.2100	8	20	-7	
243	1.2150	8	20	-6	
244	1.2200	8	19	-6	
245	1.2250	7	19	-6	
246	1.2300	7	18	-5	
247	1.2350	7	18	-4	
248	1.2400	7	18	-4	
249	1.2450	7	17	-4	
250	1.2500	7	17	-3	
251	1.2550	7	16	-2	
252	1.2600	7	16	-2	
253	1.2650	7	16	-1	
254	1.2700	7	15	-1	
255	1.2750	7	15	0	
256	1.2800	7	14	0	
257	1.2850	7	14	1	
258	1.2900	7	13	1	
259	1.2950	7	13	2	
260	1.3000	7	12	2	
261	1.3050	7	12	3	
262	1.3100	7	11	3	
263	1.3150	7	11	4	
264	1.3200	7	10	4	
265	1.3250	7	10	5	
266	1.3300	7	9	5	
267	1.3350	7	8	6	
268	1.3400	7	8	6	
269	1.3450	7	8	7	
270	1.3500	7	7	7	
271	1.3550	7	6	8	
272	1.3600	7	6	8	
273	1.3650	7	5	8	
274	1.3700	7	5	9	
275	1.3750	7	4	9	
276	1.3800	7	4	10	
277	1.3850	7	3	10	
278	1.3900	7	2	11	
279	1.3950	7	2	11	
280	1.4000	7	2	12	
281	1.4050	7	1	12	
282	1.4100	7	0	12	
283	1.4150	7	0	13	
284	1.4200	7	-1	13	
285	1.4250	7	-1	14	
286	1.4300	7	-2	14	
287	1.4350	7	-2	14	
288	1.4400	8	-3	14	
289	1.4450	8	-4	15	
290	1.4500	8	-4	15	
291	1.4550	8	-5	16	
292	1.4600	8	-5	16	
293	1.4650	8	-6	16	
294	1.4700	8	-6	16	
295	1.4750	8	-7	16	
296	1.4800	8	-7	17	
297	1.4850	8	-8	17	
298	1.4900	8	-8	17	
299	1.4950	8	-9	18	
300	1.5000	8	-9	18	
301	1.5050	8	-10	18	
302	1.5100	8	-10	18	
303	1.5150	8	-11	18	
304	1.5200	8	-11	18	
305	1.5250	8	-12	19	
306	1.5300	8	-12	19	
307	1.5350	8	-13	19	
308	1.5400	8	-13	19	
309	1.5450	8	-14	19	
310	1.5500	9	-14	19	
311	1.5550	9	-15	20	
312	1.5600	9	-15	20	
313	1.5650	9	-16	20	
314	1.5700	9	-16	20	
315	1.5750	9	-16	20	
316	1.5800	9	-17	20	
317	1.5850	9	-17	20	
318	1.5900	10	-18	20	
319	1.5950	10	-18	20	
320	1.6000	10	-18	20	
321	1.6050	10	-19	20	
322	1.6100	10	-19	20	
323	1.6150	10	-19	20	
324	1.6200	10	-20	20	
325	1.6250	10	-20	20	
326	1.6300	10	-20	20	
327	1.6350	10	-21	20	
328	1.6400	10	-21	19	
329	1.6450	10	-21	19	
330	1.6500	10	-22	19	
331	1.6550	10	-22	19	
332	1.6600	10	-22	19	
333	1.6650	11	-22	19	
334	1.6700	11	-22	18	
335	1.6750	11	-23	18	
336	1.6800	11	-23	18	
337	1.6850	11	-23	18	
338	1.6900	11	-23	18	
339	1.6950	11	-23	18	
340	1.7000	12	-24	17	
341	1.7050	12	-24	17	
342	1.7100	12	-24	17	
343	1.7150	12	-24	16	
344	1.7200	12	-24	16	
345	1.7250	12	-24	16	
346	1.7300	12	-24	16	
347	1.7350	12	-24	15	
348	1.7400	12	-24	15	
349	1.7450	12	-24	15	
350	1.7500	12	-24	14	
351	1.7550	12	-24	14	
352	1.7600	12	-24	14	
353	1.7650	12	-24	13	
354	1.7700	12	-24	13	
355	1.7750	13	-24	12	
356	1.7800	13	-24	12	
357	1.7850	13	-24	12	
358	1.7900	13	-24	11	
359	1.7950	13	-24	11	
360	1.8000	13	-24	10	
361	1.8050	13	-24	10	
362	1.8100	13	-24	10	
363	1.8150	14	-24	9	
364	1.8200	14	-24	9	
365	1.8250	14	-24	8	
366	1.8300	14	-23	8	
367	1.8350	14	-23	7	
368	1.8400	14	-23	7	
369	1.8450	14	-23	6	
370	1.8500	14	-22	6	
371	1.8550	14	-22	6	
372	1.8600	14	-22	5	
373	1.8650	14	-22	4	
374	1.8700	14	-22	4	
375	1.8750	14	-21	4	
376	1.8800	14	-21	3	
377	1.8850	14	-21	2	
378	1.8900	14	-20	2	
379	1.8950	14	-20	2	
380	1.9000	14	-20	1	
381	1.9050	14	-20	0	
382	1.9100	14	-19	0	
383	1.9150	15	-19	-1	
384	1.9200	15	-18	-1	
385	1.9250	15	-18	-2	
386	1.9300	15	-18	-2	
387	1.9350	15	-17	-3	
388	1.9400	15	-17	-3	
389	1.9450	15	-16	-4	
390	1.9500	15	-16	-4	
391	1.9550	15	-16	-5	
392	1.9600	15	-15	-6	
393	1.9650	15	-15	-6	
394	1.9700	15	-14	-6	
395	1.9750	15	-14	-7	
396	1.9800	15	-14	-8	
397	1.9850	15	-13	-8	
398	1.9900	16	-12	-8	
399	1.9950	16	-12	-9	
400	2.0000	16	-12	-10	
401	2.0050	16	-11	-10	
402	2.0100	16	-10	-10	
403	2.0150	16	-10	-11	
404	2.0200	16	-10	-12	
405	2.0250	16	-9	-12	
406	2.0300	16	-8	-12	
407	2.0350	16	-8	-13	
408	2.0400	16	-8	-14	
409	2.0450	16	-7	-14	
410	2.0500	16	-6	-14	
411	2.0550	16	-6	-15	
412	2.0600	16	-5	-15	
413	2.0650	16	-5	-16	
414	2.0700	16	-4	-16	
415	2.0750	16	-4	-16	
416	2.0800	16	-3	-17	
417	2.0850	16	-2	-18	
418	2.0900	16	-2	-18	
419	2.0950	16	-1	-18	
420	2.1000	16	-1	-19	
421	2.1050	16	0	-19	
422	2.1100	16	0	-20	
423	2.1150	16	1	-20	
424	2.1200	15	2	-20	
425	2.1250	15	2	-20	
426	2.1300	15	3	-21	
427	2.1350	15	3	-21	
428	2.1400	15	4	-22	
429	2.1450	15	4	-22	
430	2.1500	15	5	-22	
431	2.1550	15	6	-22	
432	2.1600	15	6	-23	
433	2.1650	15	7	-23	
434	2.1700	15	7	-23	
435	2.1750	15	8	-24	
436	2.1800	15	8	-24	
437	2.1850	15	9	-24	
438	2.1900	15	9	-24	
439	2.1950	15	10	-24	
440	2.2000	14	10	-25	
441	2.2050	14	11	-25	
442	2.2100	14	12	-25	
443	2.2150	14	12	-25	
444	2.2200	14	12	-26	
445	2.2250	14	13	-26	
446	2.2300	14	14	-26	
447	2.2350	14	14	-26	
448	2.2400	14	15	-26	
449	2.2450	14	15	-26	
450	2.2500	14	16	-26	
451	2.2550	14	16	-26	
452	2.2600	14	16	-26	
453	2.2650	14	17	-26	
454	2.2700	14	18	-26	
455	2.2750	14	18	-26	
456	2.2800	14	18	-26	
457	2.2850	14	19	-26	
458	2.2900	14	19	-26	
459	2.2950	14	20	-26	
460	2.3000	13	20	-26	
461	2.3050	13	20	-26	
462	2.3100	13	21	-26	
463	2.3150	13	21	-26	
464	2.3200	13	22	-26	
465	2.3250	13	22	-26	
466	2.3300	13	22	-26	
467	2.3350	12	23	-26	
468	2.3400	12	23	-26	
469	2.3450	12	23	-26	
470	2.3500	12	24	-26	
471	2.3550	12	24	-26	
472	2.3600	12	24	-26	
473	2.3650	12	24	-25	
474	2.3700	12	25	-25	
475	2.3750	12	25	-25	
476	2.3800	12	25	-25	
477	2.3850	12	26	-24	
478	2.3900	12	26	-24	
479	2.3950	12	26	-24	
480	2.4000	12	26	-24	
481	2.4050	12	26	-24	
482	2.4100	11	26	-23	
483	2.4150	11	27	-23	
484	2.4200	11	27	-23	
485	2.4250	11	27	-22	
486	2.4300	11	27	-22	
487	2.4350	11	27	-22	
488	2.4400	11	27	-22	
489	2.4450	10	27	-21	
490	2.4500	10	28	-21	
491	2.4550	10	28	-20	
492	2.4600	10	28	-20	
493	2.4650	10	28	-20	
494	2.4700	10	28	-19	
495	2.4750	10	28	-19	
496	2.4800	10	28	-19	
497	2.4850	10	28	-18	
498	2.4900	10	28	-18	
499	2.4950	10	28	-18	
500	2.5000	10	28	-17	
501	2.5050	10	27	-16	
502	2.5100	10	27	-16	
503	2.5150	10	27	-16	
504	2.5200	9	27	-15	
505	2.5250	9	27	-15	
506	2.5300	9	27	-14	
507	2.5350	9	27	-14	
508	2.5400	9	26	-13	
509	2.5450	9	26	-13	
510	2.5500	9	26	-12	
511	2.5550	9	26	-12	
512	2.5600	8	26	-12	
513	2.5650	8	26	-11	
514	2.5700	8	25	-10	
515	2.5750	8	25	-10	
516	2.5800	8	25	-10	
517	2.5850	8	25	-9	
518	2.5900	8	24	-8	
519	2.5950	8	24	-8	
520	2.6000	8	24	-8	
521	2.6050	8	23	-7	
522	2.6100	8	23	-6	
523	2.6150	8	23	-6	
524	2.6200	8	22	-5	
525	2.6250	8	22	-5	
526	2.6300	8	22	-4	
527	2.6350	8	21	-4	
528	2.6400	8	21	-3	
529	2.6450	8	20	-3	
530	2.6500	8	20	-2	
531	2.6550	8	20	-2	
532	2.6600	8	19	-1	
533	2.6650	8	19	-1	
534	2.6700	8	18	0	
535	2.6750	7	18	0	
536	2.6800	7	18	1	
537	2.6850	7	17	1	
538	2.6900	7	16	2	
539	2.6950	7	16	2	
540	2.7000	7	16	3	
541	2.7050	7	15	3	
542	2.7100	7	14	4	
543	2.7150	7	14	4	
544	2.7200	7	14	5	
545	2.7250	7	13	5	
546	2.7300	7	12	6	
547	2.7350	7	12	6	
548	2.7400	7	11	7	
549	2.7450	7	11	7	
550	2.7500	7	10	8	
551	2.7550	7	10	8	
552	2.7600	7	9	8	
553	2.7650	7	8	9	
554	2.7700	7	8	10	
555	2.7750	7	8	10	
556	2.7800	7	7	10	
557	2.7850	7	6	11	
558	2.7900	7	6	11	
559	2.7950	7	5	12	
560	2.8000	7	4	12	
561	2.8050	7	4	12	
562	2.8100	7	3	13	
563	2.8150	7	3	13	
564	2.8200	7	2	14	
565	2.8250	7	2	14	
566	2.8300	7	1	14	
567	2.8350	7	0	14	
568	2.8400	7	0	15	
569	2.8450	7	-1	15	
570	2.8500	7	-2	16	
571	2.8550	7	-2	16	
572	2.8600	7	-3	16	
573	2.8650	7	-3	16	
574	2.8700	7	-4	16	
575	2.8750	7	-4	17	
576	2.8800	7	-5	17	
577	2.8850	7	-6	17	
578	2.8900	8	-6	18	
579	2.8950	8	-7	18	
580	2.9000	8	-7	18	
581	2.9050	8	-8	18	
582	2.9100	8	-8	18	
583	2.9150	8	-9	18	
584	2.9200	8	-10	19	
585	2.9250	8	-10	19	
586	2.9300	8	-11	19	
587	2.9350	8	-11	19	
588	2.9400	8	-12	19	
589	2.9450	8	-12	20	
590	2.9500	8	-13	20	
591	2.9550	8	-13	20	
592	2.9600	8	-14	20	
593	2.9650	8	-14	20	
594	2.9700	8	-15	20	
595	2.9750	8	-15	20	
596	2.9800	8	-16	20	
597	2.9850	8	-16	20	
598	2.9900	8	-17	20	
599	2.9950	8	-17	20	
600	3.0000	9	-18	20	
601	3.0050	9	-18	20	
602	3.0100	9	-18	20	
603	3.0150	9	-19	20	
604	3.0200	9	-19	20	
605	3.0250	9	-20	20	
606	3.0300	9	-20	20	
607	3.0350	9	-20	19	
608	3.0400	10	-21	19	
609	3.0450	10	-21	19	
610	3.0500	10	-22	19	
611	3.0550	10	-22	19	
612	3.0600	10	-22	19	
613	3.0650	10	-22	18	
614	3.0700	10	-23	18	
615	3.0750	10	-23	18	
616	3.0800	10	-23	18	
617	3.0850	10	-24	18	
618	3.0900	10	-24	18	
619	3.0950	10	-24	17	
620	3.1000	10	-24	17	
621	3.1050	10	-25	17	
622	3.1100	10	-25	16	
623	3.1150	11	-25	16	
624	3.1200	11	-25	16	
625	3.1250	11	-25	16	
626	3.1300	11	-26	15	
627	3.1350	11	-26	15	
628	3.1400	11	-26	15	
629	3.1450	11	-26	14	
630	3.1500	12	-26	14	
631	3.1550	12	-26	14	
632	3.1600	12	-26	13	
633	3.1650	12	-26	13	
634	3.1700	12	-26	12	
635	3.1750	12	-26	12	
636	3.1800	12	-26	12	
637	3.1850	12	-26	11	
638	3.1900	12	-26	11	
639	3.1950	12	-26	10	
640	3.2000	12	-26	10	
641	3.2050	12	-26	10	
642	3.2100	12	-26	9	
643	3.2150	12	-26	9	
644	3.2200	12	-26	8	
645	3.2250	13	-26	8	
646	3.2300	13	-26	8	
647	3.2350	13	-26	7	
648	3.2400	13	-26	6	
649	3.2450	13	-26	6	
650	3.2500	13	-25	6	
651	3.2550	13	-25	5	
652	3.2600	13	-25	4	
653	3.2650	14	-25	4	
654	3.2700	14	-25	4	
655	3.2750	14	-24	3	
656	3.2800	14	-24	2	
657	3.2850	14	-24	2	
658	3.2900	14	-24	2	
659	3.2950	14	-23	1	
660	3.3000	14	-23	0	
661	3.3050	14	-23	0	
662	3.3100	14	-22	0	
663	3.3150	14	-22	-1	
664	3.3200	14	-22	-2	
665	3.3250	14	-22	-2	
666	3.3300	14	-21	-3	
667	3.3350	14	-21	-3	
668	3.3400	14	-20	-4	
669	3.3450	14	-20	-4	
670	3.3500	14	-20	-5	
671	3.3550	14	-19	-5	
672	3.3600	15	-19	-6	
673	3.3650	15	-18	-6	
674	3.3700	15	-18	-7	
675	3.3750	15	-18	-7	
676	3.3800	15	-17	-8	
677	3.3850	15	-17	-8	
678	3.3900	15	-16	-9	
679	3.3950	15	-16	-9	
680	3.4000	15	-15	-10	
681	3.4050	15	-15	-10	
682	3.4100	15	-14	-11	
683	3.4150	15	-14	-11	
684	3.4200	15	-13	-12	
685	3.4250	15	-13	-12	
686	3.4300	15	-12	-13	
687	3.4350	15	-12	-13	
688	3.4400	16	-11	-14	
689	3.4450	16	-11	-14	
690	3.4500	16	-10	-15	
691	3.4550	16	-10	-15	
692	3.4600	16	-9	-16	
693	3.4650	16	-8	-16	
694	3.4700	16	-8	-16	
695	3.4750	16	-7	-17	
696	3.4800	16	-7	-17	
697	3.4850	16	-6	-18	
698	3.4900	16	-6	-18	
699	3.4950	16	-5	-18	
700	3.5000	16	-4	-19	
701	3.5050	16	-4	-19	
702	3.5100	16	-3	-20	
703	3.5150	16	-2	-20	
704	3.5200	16	-2	-20	
705	3.5250	16	-1	-21	
706	3.5300	16	-1	-21	
707	3.5350	16	0	-22	
708	3.5400	16	0	-22	
709	3.5450	16	1	-22	
710	3.5500	16	2	-22	
711	3.5550	16	2	-23	
712	3.5600	16	3	-23	
713	3.5650	16	4	-23	
714	3.5700	16	4	-24	
715	3.5750	15	5	-24	
716	3.5800	15	5	-24	
717	3.5850	15	6	-24	
718	3.5900	15	6	-24	
719	3.5950	15	7	-25	
720	3.6000	15	8	-25	
721	3.6050	15	8	-25	
722	3.6100	15	9	-25	
723	3.6150	15	10	-26	
724	3.6200	15	10	-26	
725	3.6250	15	11	-26	
726	3.6300	15	11	-26	
727	3.6350	15	12	-26	
728	3.6400	15	12	-26	
729	3.6450	15	13	-26	
730	3.6500	14	14	-26	
731	3.6550	14	14	-26	
732	3.6600	14	14	-26	
733	3.6650	14	15	-27	
734	3.6700	14	16	-27	
735	3.6750	14	16	-27	
736	3.6800	14	16	-27	
737	3.6850	14	17	-27	
738	3.6900	14	18	-27	
739	3.6950	14	18	-27	
740	3.7000	14	18	-27	
741	3.7050	14	19	-27	
742	3.7100	14	20	-27	
743	3.7150	14	20	-26	
744	3.7200	14	20	-26	
745	3.7250	14	21	-26	
746	3.7300	14	21	-26	
747	3.7350	14	22	-26	
748	3.7400	14	22	-26	
749	3.7450	14	22	-26	
750	3.7500	13	23	-26	
751	3.7550	13	23	-26	
752	3.7600	13	24	-26	
753	3.7650	13	24	-25	
754	3.7700	13	24	-25	
755	3.7750	13	24	-25	
756	3.7800	13	25	-25	
757	3.7850	12	25	-24	
758	3.7900	12	26	-24	
759	3.7950	12	26	-24	
760	3.8000	12	26	-24	
761	3.8050	12	26	-24	
762	3.8100	12	27	-23	
763	3.8150	12	27	-23	
764	3.8200	12	27	-22	
765	3.8250	12	27	-22	
766	3.8300	12	28	-22	
767	3.8350	12	28	-22	
768	3.8400	12	28	-21	
769	3.8450	12	28	-21	
770	3.8500	12	28	-21	
771	3.8550	12	28	-20	
772	3.8600	11	28	-20	
773	3.8650	11	28	-20	
774	3.8700	11	29	-19	
775	3.8750	11	29	-19	
776	3.8800	11	29	-18	
777	3.8850	11	29	-18	
778	3.8900	11	29	-18	
779	3.8950	10	29	-17	
780	3.9000	10	29	-17	
781	3.9050	10	29	-16	
782	3.9100	10	29	-16	
783	3.9150	10	29	-15	
784	3.9200	10	29	-15	
785	3.9250	10	29	-14	
786	3.9300	10	29	-14	
787	3.9350	10	29	-14	
788	3.9400	10	29	-13	
789	3.9450	10	28	-12	
790	3.9500	10	28	-12	
791	3.9550	10	28	-12	
792	3.9600	10	28	-11	
793	3.9650	10	28	-10	
794	3.9700	9	28	-10	
795	3.9750	9	28	-10	
796	3.9800	9	28	-9	
797	3.9850	9	27	-8	
798	3.9900	9	27	-8	
799	3.9950	9	27	-8	
800	4.0000	9	26	-7	
801	4.0050	9	26	-6	
802	4.0100	8	26	-6	
803	4.0150	8	26	-5	
804	4.0200	8	26	-5	
805	4.0250	8	25	-4	
806	4.0300	8	25	-4	
807	4.0350	8	24	-3	
808	4.0400	8	24	-3	
809	4.0450	8	24	-2	
810	4.0500	8	24	-2	
811	4.0550	8	23	-1	
812	4.0600	8	23	-1	
813	4.0650	8	22	0	
814	4.0700	8	22	0	
815	4.0750	8	22	1	
816	4.0800	8	21	1	
817	4.0850	8	21	2	
818	4.0900	8	20	2	
819	4.0950	8	20	3	
820	4.1000	8	19	4	
821	4.1050	8	19	4	
822	4.1100	8	18	4	
823	4.1150	8	18	5	
824	4.1200	7	17	6	
825	4.1250	7	17	6	
826	4.1300	7	16	6	
827	4.1350	7	16	7	
828	4.1400	7	15	7	
829	4.1450	7	15	8	
830	4.1500	7	14	8	
831	4.1550	7	14	9	
832	4.1600	7	13	9	
833	4.1650	7	12	10	
834	4.1700	7	12	10	
835	4.1750	7	11	10	
836	4.1800	7	11	11	
837	4.1850	7	10	11	
838	4.1900	7	10	12	
839	4.1950	7	9	12	
840	4.2000	7	8	12	
841	4.2050	7	8	13	
842	4.2100	7	7	13	
843	4.2150	7	6	14	
844	4.2200	7	6	14	
845	4.2250	7	5	14	
846	4.2300	7	5	14	
847	4.2350	7	4	15	
848	4.2400	7	4	15	
849	4.2450	7	3	16	
850	4.2500	7	2	16	
851	4.2550	7	2	16	
852	4.2600	7	1	16	
853	4.2650	7	0	17	
854	4.2700	7	0	17	
855	4.2750	7	-1	17	
856	4.2800	7	-2	17	
857	4.2850	7	-2	18	
858	4.2900	7	-3	18	
859	4.2950	7	-3	18	
860	4.3000	7	-4	18	
861	4.3050	7	-5	18	
862	4.3100	7	-5	18	
863	4.3150	7	-6	19	
864	4.3200	7	-6	19	
865	4.3250	7	-7	19	
866	4.3300	7	-8	19	
867	4.3350	8	-8	19	
868	4.3400	8	-9	19	
869	4.3450	8	-10	20	
870	4.3500	8	-10	20	
871	4.3550	8	-11	20	
872	4.3600	8	-11	20	
873	4.3650	8	-12	20	
874	4.3700	8	-12	20	
875	4.3750	8	-13	20	
876	4.3800	8	-14	20	
877	4.3850	8	-14	20	
878	4.3900	8	-14	20	
879	4.3950	8	-15	20	
880	4.4000	8	-16	20	
881	4.4050	8	-16	20	
882	4.4100	8	-17	20	
883	4.4150	8	-17	20	
884	4.4200	8	-18	20	
885	4.4250	8	-18	19	
886	4.4300	8	-19	19	
887	4.4350	8	-19	19	
888	4.4400	8	-20	19	
889	4.4450	9	-20	19	
890	4.4500	9	-20	19	
891	4.4550	9	-21	18	
892	4.4600	9	-21	18	
893	4.4650	9	-22	18	
894	4.4700	9	-22	18	
895	4.4750	9	-22	18	
896	4.4800	9	-23	18	
897	4.4850	9	-23	17	
898	4.4900	10	-24	17	
899	4.4950	10	-24	17	
900	4.5000	10	-24	16	
901	4.5050	10	-24	16	
902	4.5100	10	-25	16	
903	4.5150	10	-25	16	
904	4.5200	10	-26	15	
905	4.5250	10	-26	15	
906	4.5300	10	-26	15	
907	4.5350	10	-26	14	
908	4.5400	10	-26	14	
909	4.5450	10	-27	14	
910	4.5500	10	-27	13	
911	4.5550	10	-27	13	
912	4.5600	10	-27	12	
913	4.5650	11	-27	12	
914	4.5700	11	-28	12	
915	4.5750	11	-28	12	
916	4.5800	11	-28	11	
917	4.5850	11	-28	11	
918	4.5900	11	-28	10	
919	4.5950	11	-28	10	
920	4.6000	12	-28	10	
921	4.6050	12	-28	9	
922	4.6100	12	-28	8	
923	4.6150	12	-28	8	
924	4.6200	12	-28	8	
925	4.6250	12	-28	7	
926	4.6300	12	-28	7	
927	4.6350	12	-28	6	
928	4.6400	12	-28	6	
929	4.6450	12	-28	5	
930	4.6500	12	-28	5	
931	4.6550	12	-28	4	
932	4.6600	12	-28	4	
933	4.6650	12	-28	3	
934	4.6700	13	-28	3	
935	4.6750	13	-28	2	
936	4.6800	13	-27	2	
937	4.6850	13	-27	1	
938	4.6900	13	-27	1	
939	4.6950	13	-27	0	
940	4.7000	13	-27	0	
941	4.7050	13	-26	-1	
942	4.7100	14	-26	-2	
943	4.7150	14	-26	-2	
944	4.7200	14	-26	-2	
945	4.7250	14	-25	-3	
946	4.7300	14	-25	-4	
947	4.7350	14	-25	-4	
948	4.7400	14	-24	-4	
949	4.7450	14	-24	-5	
950	4.7500	14	-24	-6	
951	4.7550	14	-23	-6	
952	4.7600	14	-23	-6	
953	4.7650	14	-23	-7	
954	4.7700	14	-22	-8	
955	4.7750	14	-22	-8	
956	4.7800	14	-22	-9	
957	4.7850	14	-21	-9	
958	4.7900	14	-21	-10	
959	4.7950	14	-20	-10	
960	4.8000	14	-20	-11	
961	4.8050	14	-19	-11	
962	4.8100	15	-19	-12	
963	4.8150	15	-18	-12	
964	4.8200	15	-18	-13	
965	4.8250	15	-17	-13	
966	4.8300	15	-17	-14	
967	4.8350	15	-16	-14	
968	4.8400	15	-16	-14	
969	4.8450	15	-15	-15	
970	4.8500	15	-15	-16	
971	4.8550	15	-14	-16	
972	4.8600	15	-14	-16	
973	4.8650	15	-13	-17	
974	4.8700	15	-12	-17	
975	4.8750	15	-12	-18	
976	4.8800	15	-11	-18	
977	4.8850	15	-11	-18	
978	4.8900	16	-10	-19	
979	4.8950	16	-10	-19	
980	4.9000	16	-9	-20	
981	4.9050	16	-8	-20	
982	4.9100	16	-8	-20	
983	4.9150	16	-7	-21	
984	4.9200	16	-6	-21	
985	4.9250	16	-6	-21	
986	4.9300	16	-5	-22	
987	4.9350	16	-4	-22	
988	4.9400	16	-4	-22	
989	4.9450	16	-3	-22	
990	4.9500	16	-2	-23	
991	4.9550	16	-2	-23	
992	4.9600	16	-1	-24	
993	4.9650	16	-1	-24	
994	4.9700	16	0	-24	
995	4.9750	16	1	-24	
996	4.9800	16	1	-24	
997	4.9850	16	2	-24	
998	4.9900	16	3	-25	
999	4.9950	16	3	-25	
1000	5.0000	16	4	-25	
1001	5.0050	16	5	-26	
1002	5.0100	16	5	-26	
1003	5.0150	16	6	-26	
1004	5.0200	16	6	-26	
1005	5.0250	15	7	-26	
1006	5.0300	15	8	-26	
1007	5.0350	15	8	-26	
1008	5.0400	15	9	-26	
1009	5.0450	15	10	-26	
1010	5.0500	15	10	-26	
1011	5.0550	15	11	-26	
1012	5.0600	15	12	-27	
1013	5.0650	15	12	-27	
1014	5.0700	15	13	-27	
1015	5.0750	15	13	-27	
1016	5.0800	15	14	-27	
1017	5.0850	15	14	-27	
1018	5.0900	15	15	-27	
1019	5.0950	15	16	-27	
1020	5.1000	15	16	-27	
1021	5.1050	14	17	-26	
1022	5.1100	14	17	-26	
1023	5.1150	14	18	-26	
1024	5.1200	14	18	-26	
1025	5.1250	14	19	-26	
1026	5.1300	14	20	-26	
1027	5.1350	14	20	-26	
1028	5.1400	14	20	-26	
1029	5.1450	14	21	-26	
1030	5.1500	14	22	-26	
1031	5.1550	14	22	-26	
1032	5.1600	14	22	-25	
1033	5.1650	14	23	-25	
1034	5.1700	14	23	-25	
1035	5.1750	14	24	-25	
1036	5.1800	14	24	-24	
1037	5.1850	14	24	-24	
1038	5.1900	14	25	-24	
1039	5.1950	14	25	-24	
1040	5.2000	14	26	-24	
1041	5.2050	13	26	-23	
1042	5.2100	13	26	-23	
1043	5.2150	13	27	-22	
1044	5.2200	13	27	-22	
1045	5.2250	13	28	-22	
1046	5.2300	13	28	-22	
1047	5.2350	13	28	-21	
1048	5.2400	12	28	-21	
1049	5.2450	12	28	-20	
1050	5.2500	12	29	-20	
1051	5.2550	12	29	-20	
1052	5.2600	12	29	-20	
1053	5.2650	12	30	-19	
1054	5.2700	12	30	-19	
1055	5.2750	12	30	-18	
1056	5.2800	12	30	-18	
1057	5.2850	12	30	-18	
1058	5.2900	12	30	-17	
1059	5.2950	12	30	-17	
1060	5.3000	12	30	-16	
1061	5.3050	12	31	-16	
1062	5.3100	12	31	-15	
1063	5.3150	11	31	-15	
1064	5.3200	11	31	-14	
1065	5.3250	11	31	-14	
1066	5.3300	11	31	-14	
1067	5.3350	11	31	-13	
1068	5.3400	11	31	-12	
1069	5.3450	11	31	-12	
1070	5.3500	10	31	-12	
1071	5.3550	10	31	-11	
1072	5.3600	10	31	-10	
1073	5.3650	10	31	-10	
1074	5.3700	10	31	-10	
1075	5.3750	10	31	-9	
1076	5.3800	10	30	-8	
1077	5.3850	10	30	-8	
1078	5.3900	10	30	-8	
1079	5.3950	10	30	-7	
1080	5.4000	10	30	-6	
1081	5.4050	10	30	-6	
1082	5.4100	10	30	-5	
1083	5.4150	10	29	-5	
1084	5.4200	10	29	-4	
1085	5.4250	9	29	-4	
1086	5.4300	9	29	-3	
1087	5.4350	9	28	-3	
1088	5.4400	9	28	-2	
1089	5.4450	9	28	-2	
1090	5.4500	9	28	-1	
1091	5.4550	9	27	-1	
1092	5.4600	9	27	0	
1093	5.4650	9	26	0	
1094	5.4700	8	26	1	
1095	5.4750	8	26	2	
1096	5.4800	8	25	2	
1097	5.4850	8	25	2	
1098	5.4900	8	25	3	
1099	5.4950	8	24	4	
1100	5.5000	8	24	4	
1101	5.5050	8	23	4	
1102	5.5100	8	23	5	
1103	5.5150	8	22	6	
1104	5.5200	8	22	6	
1105	5.5250	8	22	6	
1106	5.5300	8	21	7	
1107	5.5350	8	20	7	
1108	5.5400	8	20	8	
1109	5.5450	8	20	8	
1110	5.5500	8	19	9	
1111	5.5550	8	18	9	
1112	5.5600	8	18	10	
1113	5.5650	8	17	10	
1114	5.5700	8	17	10	
1115	5.5750	8	16	11	
1116	5.5800	7	16	11	
1117	5.5850	7	15	12	
1118	5.5900	7	14	12	
1119	5.5950	7	14	12	
1120	5.6000	7	13	13	
1121	5.6050	7	13	13	
1122	5.6100	7	12	14	
1123	5.6150	7	12	14	
1124	5.6200	7	11	14	
1125	5.6250	7	10	15	
1126	5.6300	7	10	15	
1127	5.6350	7	9	15	
1128	5.6400	7	8	16	
1129	5.6450	7	8	16	
1130	5.6500	7	7	16	
1131	5.6550	7	6	16	
1132	5.6600	7	6	17	
1133	5.6650	7	5	17	
1134	5.6700	7	4	17	
1135	5.6750	7	4	18	
1136	5.6800	7	3	18	
1137	5.6850	7	2	18	
1138	5.6900	7	2	18	
1139	5.6950	7	1	18	
1140	5.7000	7	0	18	
1141	5.7050	7	0	19	
1142	5.7100	7	-1	19	
1143	5.7150	7	-2	19	
1144	5.7200	7	-2	19	
1145	5.7250	7	-3	19	
1146	5.7300	7	-4	19	
1147	5.7350	7	-4	20	
1148	5.7400	7	-5	20	
1149	5.7450	7	-6	20	
1150	5.7500	7	-6	20	
1151	5.7550	7	-7	20	
1152	5.7600	7	-7	20	
1153	5.7650	7	-8	20	
1154	5.7700	7	-9	20	
1155	5.7750	7	-9	20	
1156	5.7800	7	-10	20	
1157	5.7850	7	-10	20	
1158	5.7900	7	-11	20	
1159	5.7950	8	-12	20	
1160	5.8000	8	-12	20	
1161	5.8050	8	-13	20	
1162	5.8100	8	-14	20	
1163	5.8150	8	-14	20	
1164	5.8200	8	-15	19	
1165	5.8250	8	-15	19	
1166	5.8300	8	-16	19	
1167	5.8350	8	-16	19	
1168	5.8400	8	-17	19	
1169	5.8450	8	-18	19	
1170	5.8500	8	-18	18	
1171	5.8550	8	-18	18	
1172	5.8600	8	-19	18	
1173	5.8650	8	-20	18	
1174	5.8700	8	-20	18	
1175	5.8750	8	-20	18	
1176	5.8800	8	-21	17	
1177	5.8850	8	-21	17	
1178	5.8900	8	-22	17	
1179	5.8950	8	-22	16	
1180	5.9000	8	-23	16	
1181	5.9050	9	-23	16	
1182	5.9100	9	-24	16	
1183	5.9150	9	-24	16	
1184	5.9200	9	-24	15	
1185	5.9250	9	-25	15	
1186	5.9300	9	-25	14	
1187	5.9350	9	-26	14	
1188	5.9400	9	-26	14	
1189	5.9450	10	-26	14	
1190	5.9500	10	-26	13	
1191	5.9550	10	-27	13	
1192	5.9600	10	-27	12	
1193	5.9650	10	-27	12	
1194	5.9700	10	-28	12	
1195	5.9750	10	-28	11	
1196	5.9800	10	-28	11	
1197	5.9850	10	-28	10	
1198	5.9900	10	-28	10	
1199	5.9950	10	-29	10	
1200	6.0000	10	-29	9	
1201	6.0050	10	-29	8	
1202	6.0100	10	-29	8	
1203	6.0150	10	-29	8	
1204	6.0200	11	-29	7	
1205	6.0250	11	-30	7	
1206	6.0300	11	-30	6	
1207	6.0350	11	-30	6	
1208	6.0400	11	-30	5	
1209	6.0450	11	-30	5	
1210	6.0500	11	-30	4	
1211	6.0550	12	-30	4	
1212	6.0600	12	-30	3	
1213	6.0650	12	-30	3	
1214	6.0700	12	-30	2	
1215	6.0750	12	-30	2	
1216	6.0800	12	-30	1	
1217	6.0850	12	-30	1	
1218	6.0900	12	-30	0	
1219	6.0950	12	-30	0	
1220	6.1000	12	-29	-1	
1221	6.1050	12	-29	-2	
1222	6.1100	12	-29	-2	
1223	6.1150	12	-29	-2	
1224	6.1200	12	-29	-3	
1225	6.1250	12	-28	-4	
1226	6.1300	13	-28	-4	
1227	6.1350	13	-28	-4	
1228	6.1400	13	-28	-5	
1229	6.1450	13	-28	-6	
1230	6.1500	13	-28	-6	
1231	6.1550	13	-27	-6	
1232	6.1600	13	-27	-7	
1233	6.1650	14	-27	-8	
1234	6.1700	14	-26	-8	
1235	6.1750	14	-26	-9	
1236	6.1800	14	-26	-9	
1237	6.1850	14	-25	-10	
1238	6.1900	14	-25	-10	
1239	6.1950	14	-24	-11	
1240	6.2000	14	-24	-11	
1241	6.2050	14	-24	-12	
1242	6.2100	14	-23	-12	
1243	6.2150	14	-23	-12	
1244	6.2200	14	-22	-13	
1245	6.2250	14	-22	-14	
1246	6.2300	14	-22	-14	
1247	6.2350	14	-21	-14	
1248	6.2400	14	-21	-15	
1249	6.2450	14	-20	-15	
1250	6.2500	14	-20	-16	
1251	6.2550	14	-19	-16	
1252	6.2600	14	-19	-17	
1253	6.2650	15	-18	-17	
1254	6.2700	15	-18	-18	
1255	6.2750	15	-17	-18	
1256	6.2800	15	-16	-18	
1257	6.2850	15	-16	-19	
1258	6.2900	15	-16	-19	
1259	6.2950	15	-15	-20	
1260	6.3000	15	-14	-20	
1261	6.3050	15	-14	-20	
1262	6.3100	15	-13	-21	
1263	6.3150	15	-12	-21	
1264	6.3200	15	-12	-21	
1265	6.3250	15	-11	-22	
1266	6.3300	15	-11	-22	
1267	6.3350	15	-10	-22	
1268	6.3400	16	-9	-23	
1269	6.3450	16	-9	-23	
1270	6.3500	16	-8	-23	
1271	6.3550	16	-7	-24	
1272	6.3600	16	-7	-24	
1273	6.3650	16	-6	-24	
1274	6.3700	16	-6	-24	
1275	6.3750	16	-5	-24	
1276	6.3800	16	-4	-25	
1277	6.3850	16	-4	-25	
1278	6.3900	16	-3	-25	
1279	6.3950	16	-2	-25	
1280	6.4000	16	-1	-26	
1281	6.4050	16	-1	-26	
1282	6.4100	16	0	-26	
1283	6.4150	16	1	-26	
1284	6.4200	16	1	-26	
1285	6.4250	16	2	-26	
1286	6.4300	16	3	-26	
1287	6.4350	16	3	-26	
1288	6.4400	16	4	-26	
1289	6.4450	16	5	-27	
1290	6.4500	16	6	-27	
1291	6.4550	16	6	-27	
1292	6.4600	16	7	-27	
1293	6.4650	16	7	-27	
1294	6.4700	16	8	-27	
1295	6.4750	16	9	-27	
1296	6.4800	15	9	-27	
1297	6.4850	15	10	-27	
1298	6.4900	15	11	-27	
1299	6.4950	15	11	-27	
1300	6.5000	15	12	-27	
1301	6.5050	15	13	-27	
1302	6.5100	15	13	-27	
1303	6.5150	15	14	-26	
1304	6.5200	15	14	-26	
1305	6.5250	15	15	-26	
1306	6.5300	15	16	-26	
1307	6.5350	15	16	-26	
1308	6.5400	15	17	-26	
1309	6.5450	15	18	-26	
1310	6.5500	15	18	-26	
1311	6.5550	14	19	-26	
1312	6.5600	14	19	-26	
1313	6.5650	14	20	-25	
1314	6.5700	14	20	-25	
1315	6.5750	14	21	-25	
1316	6.5800	14	21	-24	
1317	6.5850	14	22	-24	
1318	6.5900	14	22	-24	
1319	6.5950	14	23	-24	
1320	6.6000	14	24	-24	
1321	6.6050	14	24	-23	
1322	6.6100	14	24	-23	
1323	6.6150	14	25	-23	
1324	6.6200	14	25	-22	
1325	6.6250	14	26	-22	
1326	6.6300	14	26	-22	
1327	6.6350	14	26	-22	
1328	6.6400	14	27	-21	
1329	6.6450	14	27	-21	
1330	6.6500	13	28	-20	
1331	6.6550	13	28	-20	
1332	6.6600	13	28	-20	
1333	6.6650	13	29	-19	
1334	6.6700	13	29	-19	
1335	6.6750	13	29	-18	
1336	6.6800	13	30	-18	
1337	6.6850	13	30	-18	
1338	6.6900	12	30	-17	
1339	6.6950	12	30	-17	
1340	6.7000	12	31	-16	
1341	6.7050	12	31	-16	
1342	6.7100	12	31	-15	
1343	6.7150	12	31	-15	
1344	6.7200	12	32	-14	
1345	6.7250	12	32	-14	
1346	6.7300	12	32	-14	
1347	6.7350	12	32	-13	
1348	6.7400	12	32	-12	
1349	6.7450	12	32	-12	
1350	6.7500	12	32	-12	
1351	6.7550	12	32	-11	
1352	6.7600	11	32	-10	
1353	6.7650	11	32	-10	
1354	6.7700	11	32	-10	
1355	6.7750	11	32	-9	
1356	6.7800	11	32	-8	
1357	6.7850	11	32	-8	
1358	6.7900	11	32	-8	
1359	6.7950	11	32	-7	
1360	6.8000	10	32	-6	
1361	6.8050	10	32	-6	
1362	6.8100	10	32	-5	
1363	6.8150	10	32	-5	
1364	6.8200	10	32	-4	
1365	6.8250	10	32	-4	
1366	6.8300	10	32	-3	
1367	6.8350	10	32	-3	
1368	6.8400	10	32	-2	
1369	6.8450	10	31	-2	
1370	6.8500	10	31	-1	
1371	6.8550	10	31	-1	
1372	6.8600	10	30	0	
1373	6.8650	10	30	0	
1374	6.8700	9	30	1	
1375	6.8750	9	30	2	
1376	6.8800	9	30	2	
1377	6.8850	9	29	2	
1378	6.8900	9	29	3	
1379	6.8950	9	28	4	
1380	6.9000	9	28	4	
1381	6.9050	9	28	4	
1382	6.9100	9	28	5	
1383	6.9150	8	27	6	
1384	6.9200	8	27	6	
1385	6.9250	8	26	6	
1386	6.9300	8	26	7	
1387	6.9350	8	26	8	
1388	6.9400	8	25	8	
1389	6.9450	8	24	8	
1390	6.9500	8	24	9	
1391	6.9550	8	24	10	
1392	6.9600	8	23	10	
1393	6.9650	8	23	10	
1394	6.9700	8	22	11	
1395	6.9750	8	22	11	
1396	6.9800	8	21	12	
1397	6.9850	8	20	12	
1398	6.9900	8	20	12	
1399	6.9950	8	20	13	
1400	7.0000	8	19	13	
1401	7.0050	8	18	14	
1402	7.0100	8	18	14	
1403	7.0150	8	17	14	
1404	7.0200	8	16	15	
1405	7.0250	7	16	15	
1406	7.0300	7	15	16	
1407	7.0350	7	15	16	
1408	7.0400	7	14	16	
1409	7.0450	7	13	16	
1410	7.0500	7	13	17	
1411	7.0550	7	12	17	
1412	7.0600	7	12	17	
1413	7.0650	7	11	18	
1414	7.0700	7	10	18	
1415	7.0750	7	10	18	
1416	7.0800	7	9	18	
1417	7.0850	7	8	18	
1418	7.0900	7	8	19	
1419	7.0950	7	7	19	
1420	7.1000	7	6	19	
1421	7.1050	7	5	19	
1422	7.1100	7	5	20	
1423	7.1150	7	4	20	
1424	7.1200	7	3	20	
1425	7.1250	7	3	20	
1426	7.1300	7	2	20	
1427	7.1350	7	1	20	
1428	7.1400	7	0	20	
1429	7.1450	7	0	20	
1430	7.1500	7	-1	20	
1431	7.1550	7	-2	20	
1432	7.1600	7	-2	21	
1433	7.1650	7	-3	21	
1434	7.1700	7	-4	21	
1435	7.1750	7	-4	21	
1436	7.1800	7	-5	21	
1437	7.1850	7	-6	21	
1438	7.1900	7	-6	21	
1439	7.1950	7	-7	21	
1440	7.2000	7	-8	21	
1441	7.2050	7	-8	21	
1442	7.2100	7	-9	20	
1443	7.2150	7	-10	20	
1444	7.2200	7	-10	20	
1445	7.2250	7	-11	20	
1446	7.2300	7	-12	20	
1447	7.2350	7	-12	20	
1448	7.2400	8	-13	20	
1449	7.2450	8	-14	20	
1450	7.2500	8	-14	20	
1451	7.2550	8	-15	20	
1452	7.2600	8	-15	19	
1453	7.2650	8	-16	19	
1454	7.2700	8	-16	19	
1455	7.2750	8	-17	19	
1456	7.2800	8	-18	18	
1457	7.2850	8	-18	18	
1458	7.2900	8	-19	18	
1459	7.2950	8	-19	18	
1460	7.3000	8	-20	18	
1461	7.3050	8	-20	17	
1462	7.3100	8	-21	17	
1463	7.3150	8	-22	16	
1464	7.3200	8	-22	16	
1465	7.3250	8	-22	16	
1466	7.3300	8	-23	16	
1467	7.3350	8	-23	15	
1468	7.3400	8	-24	15	
1469	7.3450	8	-24	14	
1470	7.3500	9	-25	14	
1471	7.3550	9	-25	14	
1472	7.3600	9	-26	14	
1473	7.3650	9	-26	13	
1474	7.3700	9	-26	13	
1475	7.3750	9	-27	12	
1476	7.3800	9	-27	12	
1477	7.3850	9	-27	11	
1478	7.3900	9	-28	11	
1479	7.3950	10	-28	10	
1480	7.4000	10	-28	10	
1481	7.4050	10	-28	10	
1482	7.4100	10	-29	9	
1483	7.4150	10	-29	9	
1484	7.4200	10	-29	8	
1485	7.4250	10	-30	8	
1486	7.4300	10	-30	7	
1487	7.4350	10	-30	7	
1488	7.4400	10	-30	6	
1489	7.4450	10	-30	6	
1490	7.4500	10	-30	5	
1491	7.4550	10	-31	5	
1492	7.4600	10	-31	4	
1493	7.4650	11	-31	4	
1494	7.4700	11	-31	3	
1495	7.4750	11	-31	3	
1496	7.4800	11	-31	2	
1497	7.4850	11	-31	2	
1498	7.4900	11	-31	1	
1499	7.4950	11	-31	0	
1500	7.5000	11	-31	0	
1501	7.5050	12	-31	-1	
1502	7.5100	12	-31	-1	
1503	7.5150	12	-31	-2	
1504	7.5200	12	-31	-2	
1505	7.5250	12	-31	-3	
1506	7.5300	12	-31	-3	
1507	7.5350	12	-31	-4	
1508	7.5400	12	-31	-4	
1509	7.5450	12	-31	-5	
1510	7.5500	12	-30	-6	
1511	7.5550	12	-30	-6	
1512	7.5600	12	-30	-6	
1513	7.5650	12	-30	-7	
1514	7.5700	12	-30	-8	
1515	7.5750	13	-30	-8	
1516	7.5800	13	-29	-9	
1517	7.5850	13	-29	-9	
1518	7.5900	13	-29	-10	
1519	7.5950	13	-28	-10	
1520	7.6000	13	-28	-11	
1521	7.6050	13	-28	-12	
1522	7.6100	13	-28	-12	
1523	7.6150	14	-27	-12	
1524	7.6200	14	-27	-13	
1525	7.6250	14	-26	-14	
1526	7.6300	14	-26	-14	
1527	7.6350	14	-26	-14	
1528	7.6400	14	-25	-15	
1529	7.6450	14	-25	-16	
1530	7.6500	14	-24	-16	
1531	7.6550	14	-24	-16	
1532	7.6600	14	-24	-17	
1533	7.6650	14	-23	-17	
1534	7.6700	14	-23	-18	
1535	7.6750	14	-22	-18	
1536	7.6800	14	-22	-19	
1537	7.6850	14	-21	-19	
1538	7.6900	14	-21	-20	
1539	7.6950	14	-20	-20	
1540	7.7000	14	-20	-20	
1541	7.7050	14	-19	-21	
1542	7.7100	14	-18	-21	
1543	7.7150	15	-18	-22	
1544	7.7200	15	-18	-22	
1545	7.7250	15	-17	-22	
1546	7.7300	15	-16	-22	
1547	7.7350	15	-16	-23	
1548	7.7400	15	-15	-23	
1549	7.7450	15	-14	-24	
1550	7.7500	15	-14	-24	
1551	7.7550	15	-13	-24	
1552	7.7600	15	-12	-24	
1553	7.7650	15	-12	-25	
1554	7.7700	15	-11	-25	
1555	7.7750	15	-11	-25	
1556	7.7800	15	-10	-26	
1557	7.7850	15	-9	-26	
1558	7.7900	16	-9	-26	
1559	7.7950	16	-8	-26	
1560	7.8000	16	-7	-26	
1561	7.8050	16	-6	-27	
1562	7.8100	16	-6	-27	
1563	7.8150	16	-5	-27	
1564	7.8200	16	-4	-27	
1565	7.8250	16	-4	-27	
1566	7.8300	16	-3	-28	
1567	7.8350	16	-2	-28	
1568	7.8400	16	-2	-28	
1569	7.8450	16	-1	-28	
1570	7.8500	16	0	-28	
1571	7.8550	16	0	-28	
1572	7.8600	16	1	-28	
1573	7.8650	16	2	-28	
1574	7.8700	16	2	-28	
1575	7.8750	16	3	-28	
1576	7.8800	16	4	-28	
1577	7.8850	16	5	-28	
1578	7.8900	16	6	-28	
1579	7.8950	16	6	-28	
1580	7.9000	16	7	-28	
1581	7.9050	16	8	-28	
1582	7.9100	16	8	-28	
1583	7.9150	16	9	-28	
1584	7.9200	16	10	-28	
1585	7.9250	15	10	-28	
1586	7.9300	15	11	-28	
1587	7.9350	15	12	-28	
1588	7.9400	15	12	-28	
1589	7.9450	15	13	-28	
1590	7.9500	15	14	-27	
1591	7.9550	15	14	-27	
1592	7.9600	15	15	-27	
1593	7.9650	15	16	-27	
1594	7.9700	15	16	-27	
1595	7.9750	15	17	-26	
1596	7.9800	15	18	-26	
1597	7.9850	15	18	-26	
1598	7.9900	15	19	-26	
1599	7.9950	15	19	-26	
1600	8.0000	15	20	-25	
1601	8.0050	14	20	-25	
1602	8.0100	14	21	-25	
1603	8.0150	14	22	-24	
1604	8.0200	14	22	-24	
1605	8.0250	14	23	-24	
1606	8.0300	14	23	-24	
1607	8.0350	14	24	-23	
1608	8.0400	14	24	-23	
1609	8.0450	14	25	-22	
1610	8.0500	14	25	-22	
1611	8.0550	14	26	-22	
1612	8.0600	14	26	-21	
1613	8.0650	14	27	-21	
1614	8.0700	14	27	-20	
1615	8.0750	14	28	-20	
1616	8.0800	14	28	-20	
1617	8.0850	14	28	-19	
1618	8.0900	14	29	-19	
1619	8.0950	14	29	-18	
1620	8.1000	13	30	-18	
1621	8.1050	13	30	-18	
1622	8.1100	13	30	-17	
1623	8.1150	13	30	-16	
1624	8.1200	13	31	-16	
1625	8.1250	13	31	-16	
1626	8.1300	13	31	-15	
1627	8.1350	12	32	-15	
1628	8.1400	12	32	-14	
1629	8.1450	12	32	-14	
1630	8.1500	12	32	-13	
1631	8.1550	12	32	-13	
1632	8.1600	12	33	-12	
1633	8.1650	12	33	-12	
1634	8.1700	12	33	-11	
1635	8.1750	12	33	-10	
1636	8.1800	12	33	-10	
1637	8.1850	12	34	-10	
1638	8.1900	12	34	-9	
1639	8.1950	12	34	-8	
1640	8.2000	12	34	-8	
1641	8.2050	12	34	-7	
1642	8.2100	11	34	-7	
1643	8.2150	11	34	-6	
1644	8.2200	11	34	-6	
1645	8.2250	11	34	-5	
1646	8.2300	11	34	-4	
1647	8.2350	11	34	-4	
1648	8.2400	11	34	-4	
1649	8.2450	10	34	-3	
1650	8.2500	10	34	-2	
1651	8.2550	10	34	-2	
1652	8.2600	10	34	-1	
1653	8.2650	10	33	-1	
1654	8.2700	10	33	0	
1655	8.2750	10	33	0	
1656	8.2800	10	33	1	
1657	8.2850	10	33	2	
1658	8.2900	10	32	2	
1659	8.2950	10	32	3	
1660	8.3000	10	32	3	
1661	8.3050	10	32	4	
1662	8.3100	10	32	4	
1663	8.3150	10	31	5	
1664	8.3200	9	31	5	
1665	8.3250	9	30	6	
1666	8.3300	9	30	6	
1667	8.3350	9	30	7	
1668	8.3400	9	30	8	
1669	8.3450	9	29	8	
1670	8.3500	9	29	8	
1671	8.3550	9	28	9	
1672	8.3600	8	28	9	
1673	8.3650	8	28	10	
1674	8.3700	8	27	10	
1675	8.3750	8	27	11	
1676	8.3800	8	26	11	
1677	8.3850	8	26	12	
1678	8.3900	8	25	12	
1679	8.3950	8	25	12	
1680	8.4000	8	24	13	
1681	8.4050	8	24	14	
1682	8.4100	8	23	14	
1683	8.4150	8	23	14	
1684	8.4200	8	22	15	
1685	8.4250	8	22	15	
1686	8.4300	8	21	16	
1687	8.4350	8	20	16	
1688	8.4400	8	20	16	
1689	8.4450	8	19	16	
1690	8.4500	8	19	17	
1691	8.4550	8	18	17	
1692	8.4600	8	18	18	
1693	8.4650	8	17	18	
1694	8.4700	7	16	18	
1695	8.4750	7	16	18	
1696	8.4800	7	15	19	
1697	8.4850	7	14	19	
1698	8.4900	7	14	19	
1699	8.4950	7	13	20	
1700	8.5000	7	12	20	
1701	8.5050	7	12	20	
1702	8.5100	7	11	20	
1703	8.5150	7	10	20	
1704	8.5200	7	10	20	
1705	8.5250	7	9	21	
1706	8.5300	7	8	21	
1707	8.5350	7	8	21	
1708	8.5400	7	7	21	
1709	8.5450	7	6	21	
1710	8.5500	7	5	22	
1711	8.5550	7	5	22	
1712	8.5600	7	4	22	
1713	8.5650	7	3	22	
1714	8.5700	7	2	22	
1715	8.5750	7	2	22	
1716	8.5800	7	1	22	
1717	8.5850	7	0	22	
1718	8.5900	7	0	22	
1719	8.5950	7	-1	22	
1720	8.6000	7	-2	22	
1721	8.6050	7	-2	22	
1722	8.6100	7	-3	22	
1723	8.6150	7	-4	22	
1724	8.6200	7	-5	22	
1725	8.6250	7	-6	22	
1726	8.6300	7	-6	22	
1727	8.6350	7	-7	22	
1728	8.6400	7	-8	22	
1729	8.6450	7	-8	22	
1730	8.6500	7	-9	21	
1731	8.6550	7	-10	21	
1732	8.6600	7	-10	21	
1733	8.6650	7	-11	21	
1734	8.6700	7	-12	21	
1735	8.6750	7	-12	20	
1736	8.6800	7	-13	20	
1737	8.6850	8	-14	20	
1738	8.6900	8	-14	20	
1739	8.6950	8	-15	20	
1740	8.7000	8	-16	20	
1741	8.7050	8	-16	19	
1742	8.7100	8	-17	19	
1743	8.7150	8	-18	19	
1744	8.7200	8	-18	18	
1745	8.7250	8	-19	18	
1746	8.7300	8	-19	18	
1747	8.7350	8	-20	18	
1748	8.7400	8	-20	17	
1749	8.7450	8	-21	17	
1750	8.7500	8	-22	16	
1751	8.7550	8	-22	16	
1752	8.7600	8	-22	16	
1753	8.7650	8	-23	15	
1754	8.7700	8	-24	15	
1755	8.7750	8	-24	14	
1756	8.7800	8	-24	14	
1757	8.7850	8	-25	14	
1758	8.7900	8	-25	13	
1759	8.7950	9	-26	13	
1760	8.8000	9	-26	12	
1761	8.8050	9	-27	12	
1762	8.8100	9	-27	12	
1763	8.8150	9	-28	11	
1764	8.8200	9	-28	10	
1765	8.8250	9	-28	10	
1766	8.8300	9	-28	10	
1767	8.8350	9	-29	9	
1768	8.8400	10	-29	8	
1769	8.8450	10	-30	8	
1770	8.8500	10	-30	8	
1771	8.8550	10	-30	7	
1772	8.8600	10	-30	6	
1773	8.8650	10	-31	6	
1774	8.8700	10	-31	6	
1775	8.8750	10	-31	5	
1776	8.8800	10	-31	4	
1777	8.8850	10	-32	4	
1778	8.8900	10	-32	3	
1779	8.8950	10	-32	3	
1780	8.9000	10	-32	2	
1781	8.9050	10	-32	2	
1782	8.9100	10	-32	1	
1783	8.9150	11	-32	0	
1784	8.9200	11	-32	0	
1785	8.9250	11	-32	-1	
1786	8.9300	11	-32	-1	
1787	8.9350	11	-32	-2	
1788	8.9400	11	-32	-2	
1789	8.9450	11	-32	-3	
1790	8.9500	12	-32	-4	
1791	8.9550	12	-32	-4	
1792	8.9600	12	-32	-5	
1793	8.9650	12	-32	-5	
1794	8.9700	12	-32	-6	
1795	8.9750	12	-32	-6	
1796	8.9800	12	-32	-7	
1797	8.9850	12	-32	-8	
1798	8.9900	12	-32	-8	
1799	8.9950	12	-32	-9	
1800	9.0000	12	-32	-9	
1801	9.0050	12	-31	-10	
1802	9.0100	12	-31	-10	
1803	9.0150	12	-31	-11	
1804	9.0200	13	-31	-12	
1805	9.0250	13	-30	-12	
1806	9.0300	13	-30	-12	
1807	9.0350	13	-30	-13	
1808	9.0400	13	-30	-14	
1809	9.0450	13	-29	-14	
1810	9.0500	13	-29	-15	
1811	9.0550	13	-29	-15	
1812	9.0600	14	-28	-16	
1813	9.0650	14	-28	-16	
1814	9.0700	14	-28	-17	
1815	9.0750	14	-27	-17	
1816	9.0800	14	-27	-18	
1817	9.0850	14	-26	-18	
1818	9.0900	14	-26	-19	
1819	9.0950	14	-25	-19	
1820	9.1000	14	-25	-20	
1821	9.1050	14	-24	-20	
1822	9.1100	14	-24	-20	
1823	9.1150	14	-24	-21	
1824	9.1200	14	-23	-21	
1825	9.1250	14	-22	-22	
1826	9.1300	14	-22	-22	
1827	9.1350	14	-21	-22	
1828	9.1400	14	-21	-23	
1829	9.1450	14	-20	-23	
1830	9.1500	14	-20	-24	
1831	9.1550	14	-19	-24	
1832	9.1600	15	-18	-24	
1833	9.1650	15	-18	-25	
1834	9.1700	15	-17	-25	
1835	9.1750	15	-17	-26	
1836	9.1800	15	-16	-26	
1837	9.1850	15	-15	-26	
1838	9.1900	15	-15	-26	
1839	9.1950	15	-14	-27	
1840	9.2000	15	-14	-27	
1841	9.2050	15	-13	-27	
1842	9.2100	15	-12	-28	
1843	9.2150	15	-11	-28	
1844	9.2200	15	-11	-28	
1845	9.2250	15	-10	-28	
1846	9.2300	15	-9	-28	
1847	9.2350	16	-9	-28	
1848	9.2400	16	-8	-29	
1849	9.2450	16	-7	-29	
1850	9.2500	16	-6	-29	
1851	9.2550	16	-6	-29	
1852	9.2600	16	-5	-29	
1853	9.2650	16	-4	-29	
1854	9.2700	16	-4	-30	
1855	9.2750	16	-3	-30	
1856	9.2800	16	-2	-30	
1857	9.2850	16	-1	-30	
1858	9.2900	16	-1	-30	
1859	9.2950	16	0	-30	
1860	9.3000	16	1	-30	
1861	9.3050	16	2	-30	
1862	9.3100	16	2	-30	
1863	9.3150	16	3	-30	
1864	9.3200	16	4	-30	
1865	9.3250	16	4	-30	
1866	9.3300	16	5	-30	
1867	9.3350	16	6	-30	
1868	9.3400	16	7	-30	
1869	9.3450	16	8	-30	
1870	9.3500	16	8	-29	
1871	9.3550	16	9	-29	
1872	9.3600	16	10	-29	
1873	9.3650	16	10	-29	
1874	9.3700	16	11	-29	
1875	9.3750	15	12	-29	
1876	9.3800	15	12	-28	
1877	9.3850	15	13	-28	
1878	9.3900	15	14	-28	
1879	9.3950	15	14	-28	
1880	9.4000	15	15	-28	
1881	9.4050	15	16	-28	
1882	9.4100	15	16	-27	
1883	9.4150	15	17	-27	
1884	9.4200	15	18	-27	
1885	9.4250	15	18	-26	
1886	9.4300	15	19	-26	
1887	9.4350	15	20	-26	
1888	9.4400	15	20	-26	
1889	9.4450	15	21	-25	
1890	9.4500	14	22	-25	
1891	9.4550	14	22	-24	
1892	9.4600	14	23	-24	
1893	9.4650	14	23	-24	
1894	9.4700	14	24	-23	
1895	9.4750	14	24	-23	
1896	9.4800	14	25	-22	
1897	9.4850	14	26	-22	
1898	9.4900	14	26	-22	
1899	9.4950	14	26	-21	
1900	9.5000	14	27	-21	
1901	9.5050	14	28	-20	
1902	9.5100	14	28	-20	
1903	9.5150	14	28	-19	
1904	9.5200	14	29	-19	
1905	9.5250	14	29	-18	
1906	9.5300	14	30	-18	
1907	9.5350	14	30	-18	
1908	9.5400	14	30	-17	
1909	9.5450	13	31	-16	
1910	9.5500	13	31	-16	
1911	9.5550	13	32	-15	
1912	9.5600	13	32	-15	
1913	9.5650	13	32	-14	
1914	9.5700	13	32	-14	
1915	9.5750	13	33	-13	
1916	9.5800	13	33	-13	
1917	9.5850	12	33	-12	
1918	9.5900	12	34	-12	
1919	9.5950	12	34	-11	
1920	9.6000	12	34	-10	
1921	9.6050	12	34	-10	
1922	9.6100	12	34	-9	
1923	9.6150	12	34	-9	
1924	9.6200	12	34	-8	
1925	9.6250	12	35	-8	
1926	9.6300	12	35	-7	
1927	9.6350	12	35	-6	
1928	9.6400	12	35	-6	
1929	9.6450	12	35	-5	
1930	9.6500	12	35	-5	
1931	9.6550	11	35	-4	
1932	9.6600	11	35	-4	
1933	9.6650	11	35	-3	
1934	9.6700	11	35	-2	
1935	9.6750	11	35	-2	
1936	9.6800	11	35	-1	
1937	9.6850	11	35	0	
1938	9.6900	11	35	0	
1939	9.6950	10	35	1	
1940	9.7000	10	35	1	
1941	9.7050	10	34	2	
1942	9.7100	10	34	2	
1943	9.7150	10	34	3	
1944	9.7200	10	34	4	
1945	9.7250	10	34	4	
1946	9.7300	10	34	5	
1947	9.7350	10	34	5	
1948	9.7400	10	33	6	
1949	9.7450	10	33	6	
1950	9.7500	10	33	7	
1951	9.7550	10	32	8	
1952	9.7600	10	32	8	
1953	9.7650	9	32	8	
1954	9.7700	9	32	9	
1955	9.7750	9	31	10	
1956	9.7800	9	31	10	
1957	9.7850	9	30	11	
1958	9.7900	9	30	11	
1959	9.7950	9	30	12	
1960	9.8000	9	29	12	
1961	9.8050	9	29	13	
1962	9.8100	8	28	13	
1963	9.8150	8	28	14	
1964	9.8200	8	27	14	
1965	9.8250	8	27	14	
1966	9.8300	8	26	15	
1967	9.8350	8	26	15	
1968	9.8400	8	26	16	
1969	9.8450	8	25	16	
1970	9.8500	8	24	16	
1971	9.8550	8	24	17	
1972	9.8600	8	23	17	
1973	9.8650	8	23	18	
1974	9.8700	8	22	18	
1975	9.8750	8	22	18	
1976	9.8800	8	21	19	
1977	9.8850	8	20	19	
1978	9.8900	8	20	20	
1979	9.8950	8	19	20	
1980	9.9000	8	18	20	
1981	9.9050	8	18	20	
1982	9.9100	8	17	21	
1983	9.9150	8	16	21	
1984	9.9200	7	16	21	
1985	9.9250	7	15	22	
1986	9.9300	7	14	22	
1987	9.9350	7	14	22	
1988	9.9400	7	13	22	
1989	9.9450	7	12	22	
1990	9.9500	7	12	22	
1991	9.9550	7	11	22	
1992	9.9600	7	10	23	
1993	9.9650	7	10	23	
1994	9.9700	7	9	23	
1995	9.9750	7	8	23	
1996	9.9800	7	7	23	
1997	9.9850	7	7	23	
1998	9.9900	7	6	24	
1999	9.9950	7	5	24	
2000	10.0000	7	4	24	
2001	10.0050	7	4	24	
2002	10.0100	7	3	24	
2003	10.0150	7	2	24	
2004	10.0200	7	2	24	
2005	10.0250	7	1	24	
2006	10.0300	7	0	24	
2007	10.0350	7	-1	24	
2008	10.0400	7	-2	24	
2009	10.0450	7	-2	24	
2010	10.0500	7	-3	23	
2011	10.0550	7	-4	23	
2012	10.0600	7	-4	23	
2013	10.0650	7	-5	23	
2014	10.0700	7	-6	23	
2015	10.0750	7	-7	23	
2016	10.0800	7	-7	22	
2017	10.0850	7	-8	22	
2018	10.0900	7	-9	22	
2019	10.0950	7	-10	22	
2020	10.1000	7	-10	22	
2021	10.1050	7	-11	22	
2022	10.1100	7	-12	21	
2023	10.1150	7	-12	21	
2024	10.1200	7	-13	21	
2025	10.1250	7	-14	21	
2026	10.1300	7	-14	20	
2027	10.1350	8	-15	20	
2028	10.1400	8	-16	20	
2029	10.1450	8	-16	20	
2030	10.1500	8	-17	19	
2031	10.1550	8	-18	19	
2032	10.1600	8	-18	18	
2033	10.1650	8	-19	18	
2034	10.1700	8	-19	18	
2035	10.1750	8	-20	17	
2036	10.1800	8	-20	17	
2037	10.1850	8	-21	16	
2038	10.1900	8	-22	16	
2039	10.1950	8	-22	16	
2040	10.2000	8	-23	15	
2041	10.2050	8	-23	15	
2042	10.2100	8	-24	14	
2043	10.2150	8	-24	14	
2044	10.2200	8	-25	14	
2045	10.2250	8	-25	13	
2046	10.2300	8	-26	12	
2047	10.2350	8	-26	12	
2048	10.2400	8	-27	12	
2049	10.2450	9	-27	11	
2050	10.2500	9	-28	10	
2051	10.2550	9	-28	10	
2052	10.2600	9	-28	10	
2053	10.2650	9	-29	9	
2054	10.2700	9	-29	8	
2055	10.2750	9	-30	8	
2056	10.2800	9	-30	8	
2057	10.2850	9	-30	7	
2058	10.2900	10	-30	6	
2059	10.2950	10	-31	6	
2060	10.3000	10	-31	5	
2061	10.3050	10	-31	4	
2062	10.3100	10	-32	4	
2063	10.3150	10	-32	4	
2064	10.3200	10	-32	3	
2065	10.3250	10	-32	2	
2066	10.3300	10	-32	2	
2067	10.3350	10	-33	1	
2068	10.3400	10	-33	0	
2069	10.3450	10	-33	0	
2070	10.3500	10	-33	-1	
2071	10.3550	10	-33	-1	
2072	10.3600	11	-33	-2	
2073	10.3650	11	-33	-2	
2074	10.3700	11	-33	-3	
2075	10.3750	11	-34	-4	
2076	10.3800	11	-34	-4	
2077	10.3850	11	-34	-5	
2078	10.3900	11	-34	-6	
2079	10.3950	12	-34	-6	
2080	10.4000	12	-34	-7	
2081	10.4050	12	-33	-7	
2082	10.4100	12	-33	-8	
2083	10.4150	12	-33	-8	
2084	10.4200	12	-33	-9	
2085	10.4250	12	-33	-10	
2086	10.4300	12	-33	-10	
2087	10.4350	12	-33	-11	
2088	10.4400	12	-32	-11	
2089	10.4450	12	-32	-12	
2090	10.4500	12	-32	-12	
2091	10.4550	12	-32	-13	
2092	10.4600	12	-32	-14	
2093	10.4650	12	-32	-14	
2094	10.4700	13	-31	-15	
2095	10.4750	13	-31	-15	
2096	10.4800	13	-31	-16	
2097	10.4850	13	-30	-16	
2098	10.4900	13	-30	-17	
2099	10.4950	13	-30	-18	
2100	10.5000	13	-30	-18	
2101	10.5050	13	-29	-18	
2102	10.5100	14	-29	-19	
2103	10.5150	14	-28	-20	
2104	10.5200	14	-28	-20	
2105	10.5250	14	-28	-20	
2106	10.5300	14	-27	-21	
2107	10.5350	14	-26	-21	
2108	10.5400	14	-26	-22	
2109	10.5450	14	-26	-22	
2110	10.5500	14	-25	-23	
2111	10.5550	14	-25	-23	
2112	10.5600	14	-24	-24	
2113	10.5650	14	-24	-24	
2114	10.5700	14	-23	-24	
2115	10.5750	14	-22	-25	
2116	10.5800	14	-22	-25	
2117	10.5850	14	-22	-26	
2118	10.5900	14	-21	-26	
2119	10.5950	14	-20	-26	
2120	10.6000	14	-20	-26	
2121	10.6050	14	-19	-27	
2122	10.6100	15	-18	-27	
2123	10.6150	15	-18	-28	
2124	10.6200	15	-17	-28	
2125	10.6250	15	-16	-28	
2126	10.6300	15	-16	-28	
2127	10.6350	15	-15	-29	
2128	10.6400	15	-14	-29	
2129	10.6450	15	-14	-29	
2130	10.6500	15	-13	-29	
2131	10.6550	15	-12	-30	
2132	10.6600	15	-12	-30	
2133	10.6650	15	-11	-30	
2134	10.6700	15	-10	-30	
2135	10.6750	15	-10	-30	
2136	10.6800	15	-9	-30	
2137	10.6850	16	-8	-31	
2138	10.6900	16	-8	-31	
2139	10.6950	16	-7	-31	
2140	10.7000	16	-6	-31	
2141	10.7050	16	-5	-31	
2142	10.7100	16	-4	-31	
2143	10.7150	16	-4	-31	
2144	10.7200	16	-3	-31	
2145	10.7250	16	-2	-31	
2146	10.7300	16	-2	-31	
2147	10.7350	16	-1	-31	
2148	10.7400	16	0	-31	
2149	10.7450	16	1	-31	
2150	10.7500	16	2	-31	
2151	10.7550	16	2	-31	
2152	10.7600	16	3	-31	
2153	10.7650	16	4	-31	
2154	10.7700	16	4	-31	
2155	10.7750	16	5	-31	
2156	10.7800	16	6	-31	
2157	10.7850	16	7	-31	
2158	10.7900	16	8	-30	
2159	10.7950	16	8	-30	
2160	10.8000	16	9	-30	
2161	10.8050	16	10	-30	
2162	10.8100	16	10	-30	
2163	10.8150	16	11	-30	
2164	10.8200	15	12	-29	
2165	10.8250	15	13	-29	
2166	10.8300	15	13	-29	
2167	10.8350	15	14	-29	
2168	10.8400	15	15	-28	
2169	10.8450	15	16	-28	
2170	10.8500	15	16	-28	
2171	10.8550	15	17	-28	
2172	10.8600	15	18	-27	
2173	10.8650	15	18	-27	
2174	10.8700	15	19	-26	
2175	10.8750	15	20	-26	
2176	10.8800	15	20	-26	
2177	10.8850	15	21	-26	
2178	10.8900	15	21	-25	
2179	10.8950	14	22	-25	
2180	10.9000	14	22	-24	
2181	10.9050	14	23	-24	
2182	10.9100	14	24	-24	
2183	10.9150	14	24	-23	
2184	10.9200	14	25	-22	
2185	10.9250	14	26	-22	
2186	10.9300	14	26	-22	
2187	10.9350	14	26	-21	
2188	10.9400	14	27	-21	
2189	10.9450	14	28	-20	
2190	10.9500	14	28	-20	
2191	10.9550	14	28	-19	
2192	10.9600	14	29	-19	
2193	10.9650	14	30	-18	
2194	10.9700	14	30	-18	
2195	10.9750	14	30	-17	
2196	10.9800	14	31	-16	
2197	10.9850	14	31	-16	
2198	10.9900	14	32	-16	
2199	10.9950	13	32	-15	
2200	11.0000	13	32	-14	
2201	11.0050	13	32	-14	
2202	11.0100	13	33	-13	
2203	11.0150	13	33	-13	
2204	11.0200	13	34	-12	
2205	11.0250	13	34	-12	
2206	11.0300	12	34	-11	
2207	11.0350	12	34	-10	
2208	11.0400	12	34	-10	
2209	11.0450	12	35	-9	
2210	11.0500	12	35	-8	
2211	11.0550	12	35	-8	
2212	11.0600	12	35	-7	
2213	11.0650	12	35	-6	
2214	11.0700	12	36	-6	
2215	11.0750	12	36	-5	
2216	11.0800	12	36	-5	
2217	11.0850	12	36	-4	
2218	11.0900	12	36	-4	
2219	11.0950	12	36	-3	
2220	11.1000	12	36	-2	
2221	11.1050	11	36	-2	
2222	11.1100	11	36	-1	
2223	11.1150	11	36	0	
2224	11.1200	11	36	0	
2225	11.1250	11	36	1	
2226	11.1300	11	36	2	
2227	11.1350	11	36	2	
2228	11.1400	10	36	3	
2229	11.1450	10	36	3	
2230	11.1500	10	36	4	
2231	11.1550	10	35	4	
2232	11.1600	10	35	5	
2233	11.1650	10	35	6	
2234	11.1700	10	35	6	
2235	11.1750	10	34	7	
2236	11.1800	10	34	8	
2237	11.1850	10	34	8	
2238	11.1900	10	34	9	
2239	11.1950	10	34	9	
2240	11.2000	10	33	10	
2241	11.2050	10	33	10	
2242	11.2100	10	33	11	
2243	11.2150	9	32	12	
2244	11.2200	9	32	12	
2245	11.2250	9	32	12	
2246	11.2300	9	31	13	
2247	11.2350	9	31	14	
2248	11.2400	9	30	14	
2249	11.2450	9	30	14	
2250	11.2500	9	30	15	
2251	11.2550	9	29	16	
2252	11.2600	8	29	16	
2253	11.2650	8	28	16	
2254	11.2700	8	28	17	
2255	11.2750	8	27	17	
2256	11.2800	8	27	18	
2257	11.2850	8	26	18	
2258	11.2900	8	26	18	
2259	11.2950	8	25	19	
2260	11.3000	8	24	19	
2261	11.3050	8	24	20	
2262	11.3100	8	23	20	
2263	11.3150	8	23	20	
2264	11.3200	8	22	21	
2265	11.3250	8	22	21	
2266	11.3300	8	21	22	
2267	11.3350	8	20	22	
2268	11.3400	8	20	22	
2269	11.3450	8	19	22	
2270	11.3500	8	18	22	
2271	11.3550	8	18	23	
2272	11.3600	8	17	23	
2273	11.3650	7	16	23	
2274	11.3700	7	16	24	
2275	11.3750	7	15	24	
2276	11.3800	7	14	24	
2277	11.3850	7	14	24	
2278	11.3900	7	13	24	
2279	11.3950	7	12	24	
2280	11.4000	7	11	24	
2281	11.4050	7	10	25	
2282	11.4100	7	10	25	
2283	11.4150	7	9	25	
2284	11.4200	7	8	25	
2285	11.4250	7	8	25	
2286	11.4300	7	7	25	
2287	11.4350	7	6	25	
2288	11.4400	7	5	25	
2289	11.4450	7	4	25	
2290	11.4500	7	4	25	
2291	11.4550	7	3	25	
2292	11.4600	7	2	25	
2293	11.4650	7	2	25	
2294	11.4700	7	1	25	
2295	11.4750	7	0	25	
2296	11.4800	7	-1	25	
2297	11.4850	7	-2	25	
2298	11.4900	7	-2	25	
2299	11.4950	7	-3	24	
2300	11.5000	7	-4	24	
2301	11.5050	7	-5	24	
2302	11.5100	7	-6	24	
2303	11.5150	7	-6	24	
2304	11.5200	7	-7	24	
2305	11.5250	7	-8	24	
2306	11.5300	7	-8	23	
2307	11.5350	7	-9	23	
2308	11.5400	7	-10	23	
2309	11.5450	7	-10	22	
2310	11.5500	7	-11	22	
2311	11.5550	7	-12	22	
2312	11.5600	7	-13	22	
2313	11.5650	7	-13	21	
2314	11.5700	7	-14	21	
2315	11.5750	7	-15	21	
2316	11.5800	7	-16	20	
2317	11.5850	8	-16	20	
2318	11.5900	8	-17	20	
2319	11.5950	8	-18	19	
2320	11.6000	8	-18	19	
2321	11.6050	8	-19	18	
2322	11.6100	8	-19	18	
2323	11.6150	8	-20	18	
2324	11.6200	8	-21	17	
2325	11.6250	8	-21	17	
2326	11.6300	8	-22	16	
2327	11.6350	8	-22	16	
2328	11.6400	8	-23	15	
2329	11.6450	8	-24	15	
2330	11.6500	8	-24	14	
2331	11.6550	8	-24	14	
2332	11.6600	8	-25	13	
2333	11.6650	8	-26	13	
2334	11.6700	8	-26	12	
2335	11.6750	8	-26	12	
2336	11.6800	8	-27	11	
2337	11.6850	8	-28	10	
2338	11.6900	8	-28	10	
2339	11.6950	9	-28	10	
2340	11.7000	9	-29	9	
2341	11.7050	9	-29	8	
2342	11.7100	9	-30	8	
2343	11.7150	9	-30	7	
2344	11.7200	9	-30	6	
2345	11.7250	9	-31	6	
2346	11.7300	9	-31	5	
2347	11.7350	10	-31	5	
2348	11.7400	10	-32	4	
2349	11.7450	10	-32	4	
2350	11.7500	10	-32	3	
2351	11.7550	10	-32	2	
2352	11.7600	10	-33	2	
2353	11.7650	10	-33	1	
2354	11.7700	10	-33	0	
2355	11.7750	10	-33	0	
2356	11.7800	10	-34	-1	
2357	11.7850	10	-34	-2	
2358	11.7900	10	-34	-2	
2359	11.7950	10	-34	-3	
2360	11.8000	10	-34	-3	
2361	11.8050	10	-34	-4	
2362	11.8100	11	-34	-4	
2363	11.8150	11	-34	-5	
2364	11.8200	11	-34	-6	
2365	11.8250	11	-34	-6	
2366	11.8300	11	-34	-7	
2367	11.8350	11	-34	-8	
2368	11.8400	11	-34	-8	
2369	11.8450	12	-34	-9	
2370	11.8500	12	-34	-10	
2371	11.8550	12	-34	-10	
2372	11.8600	12	-34	-11	
2373	11.8650	12	-34	-12	
2374	11.8700	12	-34	-12	
2375	11.8750	12	-34	-13	
2376	11.8800	12	-34	-13	
2377	11.8850	12	-33	-14	
2378	11.8900	12	-33	-14	
2379	11.8950	12	-33	-15	
2380	11.9000	12	-33	-16	
2381	11.9050	12	-32	-16	
2382	11.9100	12	-32	-17	
2383	11.9150	12	-32	-18	
2384	11.9200	13	-32	-18	
2385	11.9250	13	-32	-18	
2386	11.9300	13	-31	-19	
2387	11.9350	13	-31	-20	
2388	11.9400	13	-30	-20	
2389	11.9450	13	-30	-21	
2390	11.9500	13	-30	-21	
2391	11.9550	13	-29	-22	
2392	11.9600	14	-29	-22	
2393	11.9650	14	-28	-23	
2394	11.9700	14	-28	-23	
2395	11.9750	14	-28	-24	
2396	11.9800	14	-27	-24	
2397	11.9850	14	-27	-24	
2398	11.9900	14	-26	-25	
2399	11.9950	14	-26	-25	
2400	12.0000	14	-25	-26	
2401	12.0050	14	-25	-26	
2402	12.0100	14	-24	-27	
2403	12.0150	14	-24	-27	
2404	12.0200	14	-23	-28	
2405	12.0250	14	-22	-28	
2406	12.0300	14	-22	-28	
2407	12.0350	14	-21	-28	
2408	12.0400	14	-21	-29	
2409	12.0450	14	-20	-29	
2410	12.0500	14	-20	-30	
2411	12.0550	15	-19	-30	
2412	12.0600	15	-18	-30	
2413	12.0650	15	-18	-30	
2414	12.0700	15	-17	-30	
2415	12.0750	15	-16	-31	
2416	12.0800	15	-16	-31	
2417	12.0850	15	-15	-31	
2418	12.0900	15	-14	-32	
2419	12.0950	15	-14	-32	
2420	12.1000	15	-13	-32	
2421	12.1050	15	-12	-32	
2422	12.1100	15	-11	-32	
2423	12.1150	15	-11	-32	
2424	12.1200	15	-10	-32	
2425	12.1250	15	-9	-32	
2426	12.1300	16	-8	-32	
2427	12.1350	16	-8	-33	
2428	12.1400	16	-7	-33	
2429	12.1450	16	-6	-33	
2430	12.1500	16	-6	-33	
2431	12.1550	16	-5	-33	
2432	12.1600	16	-4	-33	
2433	12.1650	16	-3	-33	
2434	12.1700	16	-2	-33	
2435	12.1750	16	-2	-33	
2436	12.1800	16	-1	-33	
2437	12.1850	16	0	-33	
2438	12.1900	16	1	-33	
2439	12.1950	16	2	-33	
2440	12.2000	16	2	-32	
2441	12.2050	16	3	-32	
2442	12.2100	16	4	-32	
2443	12.2150	16	5	-32	
2444	12.2200	16	5	-32	
2445	12.2250	16	6	-32	
2446	12.2300	16	7	-32	
2447	12.2350	16	8	-32	
2448	12.2400	16	8	-31	
2449	12.2450	16	9	-31	
2450	12.2500	16	10	-31	
2451	12.2550	16	11	-30	
2452	12.2600	16	11	-30	
2453	12.2650	16	12	-30	
2454	12.2700	15	13	-30	
2455	12.2750	15	14	-30	
2456	12.2800	15	14	-29	
2457	12.2850	15	15	-29	
2458	12.2900	15	16	-28	
2459	12.2950	15	16	-28	
2460	12.3000	15	17	-28	
2461	12.3050	15	18	-28	
2462	12.3100	15	18	-27	
2463	12.3150	15	19	-27	
2464	12.3200	15	20	-26	
2465	12.3250	15	20	-26	
2466	12.3300	15	21	-26	
2467	12.3350	15	22	-25	
2468	12.3400	15	22	-24	
2469	12.3450	14	23	-24	
2470	12.3500	14	24	-24	
2471	12.3550	14	24	-23	
2472	12.3600	14	25	-23	
2473	12.3650	14	25	-22	
2474	12.3700	14	26	-22	
2475	12.3750	14	26	-21	
2476	12.3800	14	27	-21	
2477	12.3850	14	28	-20	
2478	12.3900	14	28	-20	
2479	12.3950	14	28	-19	
2480	12.4000	14	29	-18	
2481	12.4050	14	30	-18	
2482	12.4100	14	30	-18	
2483	12.4150	14	30	-17	
2484	12.4200	14	31	-16	
2485	12.4250	14	31	-16	
2486	12.4300	14	32	-15	
2487	12.4350	14	32	-14	
2488	12.4400	13	32	-14	
2489	12.4450	13	33	-13	
2490	12.4500	13	33	-13	
2491	12.4550	13	34	-12	
2492	12.4600	13	34	-12	
2493	12.4650	13	34	-11	
2494	12.4700	13	34	-10	
2495	12.4750	13	35	-10	
2496	12.4800	12	35	-9	
2497	12.4850	12	35	-8	
2498	12.4900	12	36	-8	
2499	12.4950	12	36	-7	
2500	12.5000	12	36	-6	
2501	12.5050	12	36	-6	
2502	12.5100	12	36	-5	
2503	12.5150	12	36	-4	
2504	12.5200	12	36	-4	
2505	12.5250	12	36	-3	
2506	12.5300	12	37	-2	
2507	12.5350	12	37	-2	
2508	12.5400	12	37	-1	
2509	12.5450	12	37	0	
2510	12.5500	11	37	0	
2511	12.5550	11	37	1	
2512	12.5600	11	37	2	
2513	12.5650	11	37	2	
2514	12.5700	11	37	3	
2515	12.5750	11	37	3	
2516	12.5800	11	36	4	
2517	12.5850	11	36	5	
2518	12.5900	10	36	5	
2519	12.5950	10	36	6	
2520	12.6000	10	36	6	
2521	12.6050	10	36	7	
2522	12.6100	10	36	8	
2523	12.6150	10	36	8	
2524	12.6200	10	35	9	
2525	12.6250	10	35	10	
2526	12.6300	10	35	10	
2527	12.6350	10	35	11	
2528	12.6400	10	34	11	
2529	12.6450	10	34	12	
2530	12.6500	10	34	12	
2531	12.6550	10	33	13	
2532	12.6600	9	33	14	
2533	12.6650	9	33	14	
2534	12.6700	9	32	14	
2535	12.6750	9	32	15	
2536	12.6800	9	32	16	
2537	12.6850	9	31	16	
2538	12.6900	9	31	17	
2539	12.6950	9	30	17	
2540	12.7000	9	30	18	
2541	12.7050	8	29	18	
2542	12.7100	8	29	18	
2543	12.7150	8	28	19	
2544	12.7200	8	28	20	
2545	12.7250	8	27	20	
2546	12.7300	8	27	20	
2547	12.7350	8	26	21	
2548	12.7400	8	26	21	
2549	12.7450	8	25	22	
2550	12.7500	8	24	22	
2551	12.7550	8	24	22	
2552	12.7600	8	23	22	
2553	12.7650	8	23	23	
2554	12.7700	8	22	23	
2555	12.7750	8	22	24	
2556	12.7800	8	21	24	
2557	12.7850	8	20	24	
2558	12.7900	8	20	24	
2559	12.7950	8	19	24	
2560	12.8000	8	18	25	
2561	12.8050	8	17	25	
2562	12.8100	8	17	25	
2563	12.8150	7	16	26	
2564	12.8200	7	15	26	
2565	12.8250	7	14	26	
2566	12.8300	7	14	26	
2567	12.8350	7	13	26	
2568	12.8400	7	12	26	
2569	12.8450	7	12	26	
2570	12.8500	7	11	26	
2571	12.8550	7	10	26	
2572	12.8600	7	9	27	
2573	12.8650	7	8	27	
2574	12.8700	7	8	27	
2575	12.8750	7	7	27	
2576	12.8800	7	6	27	
2577	12.8850	7	6	27	
2578	12.8900	7	5	27	
2579	12.8950	7	4	27	
2580	12.9000	7	3	27	
2581	12.9050	7	2	27	
2582	12.9100	7	2	27	
2583	12.9150	7	1	26	
2584	12.9200	7	0	26	
2585	12.9250	7	-1	26	
2586	12.9300	7	-2	26	
2587	12.9350	7	-2	26	
2588	12.9400	7	-3	26	
2589	12.9450	7	-4	26	
2590	12.9500	7	-5	26	
2591	12.9550	7	-6	25	
2592	12.9600	7	-6	25	
2593	12.9650	7	-7	25	
2594	12.9700	7	-8	25	
2595	12.9750	7	-8	24	
2596	12.9800	7	-9	24	
2597	12.9850	7	-10	24	
2598	12.9900	7	-11	24	
2599	12.9950	7	-11	23	
2600	13.0000	7	-12	23	
2601	13.0050	7	-13	22	
2602	13.0100	7	-14	22	
2603	13.0150	7	-14	22	
2604	13.0200	7	-15	22	
2605	13.0250	7	-16	21	
2606	13.0300	8	-16	21	
2607	13.0350	8	-17	20	
2608	13.0400	8	-18	20	
2609	13.0450	8	-18	20	
2610	13.0500	8	-19	19	
2611	13.0550	8	-20	18	
2612	13.0600	8	-20	18	
2613	13.0650	8	-21	18	
2614	13.0700	8	-22	17	
2615	13.0750	8	-22	17	
2616	13.0800	8	-23	16	
2617	13.0850	8	-23	16	
2618	13.0900	8	-24	15	
2619	13.0950	8	-24	15	
2620	13.1000	8	-25	14	
2621	13.1050	8	-26	14	
2622	13.1100	8	-26	13	
2623	13.1150	8	-27	12	
2624	13.1200	8	-27	12	
2625	13.1250	8	-28	11	
2626	13.1300	8	-28	10	
2627	13.1350	8	-28	10	
2628	13.1400	8	-29	10	
2629	13.1450	9	-30	9	
2630	13.1500	9	-30	8	
2631	13.1550	9	-30	8	
2632	13.1600	9	-31	7	
2633	13.1650	9	-31	6	
2634	13.1700	9	-31	6	
2635	13.1750	9	-32	5	
2636	13.1800	9	-32	4	
2637	13.1850	10	-32	4	
2638	13.1900	10	-32	3	
2639	13.1950	10	-33	2	
2640	13.2000	10	-33	2	
2641	13.2050	10	-33	1	
2642	13.2100	10	-34	0	
2643	13.2150	10	-34	0	
2644	13.2200	10	-34	-1	
2645	13.2250	10	-34	-2	
2646	13.2300	10	-34	-2	
2647	13.2350	10	-34	-3	
2648	13.2400	10	-35	-4	
2649	13.2450	10	-35	-4	
2650	13.2500	10	-35	-5	
2651	13.2550	10	-35	-6	
2652	13.2600	11	-35	-6	
2653	13.2650	11	-35	-7	
2654	13.2700	11	-35	-8	
2655	13.2750	11	-35	-8	
2656	13.2800	11	-35	-9	
2657	13.2850	11	-35	-10	
2658	13.2900	11	-35	-10	
2659	13.2950	12	-35	-11	
2660	13.3000	12	-35	-12	
2661	13.3050	12	-35	-12	
2662	13.3100	12	-35	-13	
2663	13.3150	12	-35	-14	
2664	13.3200	12	-34	-14	
2665	13.3250	12	-34	-15	
2666	13.3300	12	-34	-15	
2667	13.3350	12	-34	-16	
2668	13.3400	12	-34	-16	
2669	13.3450	12	-34	-17	
2670	13.3500	12	-33	-18	
2671	13.3550	12	-33	-18	
2672	13.3600	12	-33	-19	
2673	13.3650	12	-32	-20	
2674	13.3700	13	-32	-20	
2675	13.3750	13	-32	-21	
2676	13.3800	13	-32	-21	
2677	13.3850	13	-31	-22	
2678	13.3900	13	-31	-22	
2679	13.3950	13	-30	-23	
2680	13.4000	13	-30	-23	
2681	13.4050	14	-30	-24	
2682	13.4100	14	-29	-24	
2683	13.4150	14	-29	-25	
2684	13.4200	14	-28	-26	
2685	13.4250	14	-28	-26	
2686	13.4300	14	-27	-26	
2687	13.4350	14	-27	-27	
2688	13.4400	14	-26	-27	
2689	13.4450	14	-26	-28	
2690	13.4500	14	-25	-28	
2691	13.4550	14	-25	-28	
2692	13.4600	14	-24	-29	
2693	13.4650	14	-24	-29	
2694	13.4700	14	-23	-30	
2695	13.4750	14	-22	-30	
2696	13.4800	14	-22	-30	
2697	13.4850	14	-21	-31	
2698	13.4900	14	-21	-31	
2699	13.4950	14	-20	-31	
2700	13.5000	14	-19	-32	
2701	13.5050	15	-19	-32	
2702	13.5100	15	-18	-32	
2703	13.5150	15	-17	-32	
2704	13.5200	15	-17	-33	
2705	13.5250	15	-16	-33	
2706	13.5300	15	-15	-33	
2707	13.5350	15	-14	-33	
2708	13.5400	15	-14	-34	
2709	13.5450	15	-13	-34	
2710	13.5500	15	-12	-34	
2711	13.5550	15	-12	-34	
2712	13.5600	15	-11	-34	
2713	13.5650	15	-10	-34	
2714	13.5700	15	-10	-34	
2715	13.5750	15	-9	-34	
2716	13.5800	15	-8	-34	
2717	13.5850	16	-7	-34	
2718	13.5900	16	-6	-34	
2719	13.5950	16	-6	-34	
2720	13.6000	16	-5	-34	
2721	13.6050	16	-4	-34	
2722	13.6100	16	-3	-34	
2723	13.6150	16	-2	-34	
2724	13.6200	16	-2	-34	
2725	13.6250	16	-1	-34	
2726	13.6300	16	0	-34	
2727	13.6350	16	1	-34	
2728	13.6400	16	1	-34	
2729	13.6450	16	2	-34	
2730	13.6500	16	3	-34	
2731	13.6550	16	4	-34	
2732	13.6600	16	4	-34	
2733	13.6650	16	5	-33	
2734	13.6700	16	6	-33	
2735	13.6750	16	7	-33	
2736	13.6800	16	8	-33	
2737	13.6850	16	8	-32	
2738	13.6900	16	9	-32	
2739	13.6950	16	10	-32	
2740	13.7000	16	11	-32	
2741	13.7050	16	12	-32	
2742	13.7100	16	12	-31	
2743	13.7150	15	13	-31	
2744	13.7200	15	14	-30	
2745	13.7250	15	14	-30	
2746	13.7300	15	15	-30	
2747	13.7350	15	16	-30	
2748	13.7400	15	17	-29	
2749	13.7450	15	17	-29	
2750	13.7500	15	18	-28	
2751	13.7550	15	19	-28	
2752	13.7600	15	19	-28	
2753	13.7650	15	20	-27	
2754	13.7700	15	21	-26	
2755	13.7750	15	21	-26	
2756	13.7800	15	22	-26	
2757	13.7850	15	23	-25	
2758	13.7900	15	23	-25	
2759	13.7950	14	24	-24	
2760	13.8000	14	24	-24	
2761	13.8050	14	25	-23	
2762	13.8100	14	26	-22	
2763	13.8150	14	26	-22	
2764	13.8200	14	27	-22	
2765	13.8250	14	28	-21	
2766	13.8300	14	28	-20	
2767	13.8350	14	28	-20	
2768	13.8400	14	29	-19	
2769	13.8450	14	30	-18	
2770	13.8500	14	30	-18	
2771	13.8550	14	30	-17	
2772	13.8600	14	31	-17	
2773	13.8650	14	31	-16	
2774	13.8700	14	32	-16	
2775	13.8750	14	32	-15	
2776	13.8800	14	32	-14	
2777	13.8850	14	33	-14	
2778	13.8900	13	33	-13	
2779	13.8950	13	34	-12	
2780	13.9000	13	34	-12	
2781	13.9050	13	34	-11	
2782	13.9100	13	35	-10	
2783	13.9150	13	35	-10	
2784	13.9200	13	35	-9	
2785	13.9250	13	36	-8	
2786	13.9300	12	36	-8	
2787	13.9350	12	36	-7	
2788	13.9400	12	36	-6	
2789	13.9450	12	36	-6	
2790	13.9500	12	36	-5	
2791	13.9550	12	37	-4	
2792	13.9600	12	37	-4	
2793	13.9650	12	37	-3	
2794	13.9700	12	37	-2	
2795	13.9750	12	37	-2	
2796	13.9800	12	37	-1	
2797	13.9850	12	37	0	
2798	13.9900	12	37	0	
2799	13.9950	12	38	1	
2800	14.0000	11	38	2	
2801	14.0050	11	38	3	
2802	14.0100	11	38	3	
2803	14.0150	11	37	4	
2804	14.0200	11	37	5	
2805	14.0250	11	37	5	
2806	14.0300	11	37	6	
2807	14.0350	10	37	6	
2808	14.0400	10	37	7	
2809	14.0450	10	37	8	
2810	14.0500	10	37	8	
2811	14.0550	10	36	9	
2812	14.0600	10	36	10	
2813	14.0650	10	36	10	
2814	14.0700	10	36	11	
2815	14.0750	10	36	12	
2816	14.0800	10	35	12	
2817	14.0850	10	35	13	
2818	14.0900	10	35	13	
2819	14.0950	10	34	14	
2820	14.1000	10	34	14	
2821	14.1050	10	34	15	
2822	14.1100	9	33	16	
2823	14.1150	9	33	16	
2824	14.1200	9	33	17	
2825	14.1250	9	32	17	
2826	14.1300	9	32	18	
2827	14.1350	9	31	18	
2828	14.1400	9	31	19	
2829	14.1450	9	30	19	
2830	14.1500	8	30	20	
2831	14.1550	8	30	20	
2832	14.1600	8	29	21	
2833	14.1650	8	28	21	
2834	14.1700	8	28	22	
2835	14.1750	8	28	22	
2836	14.1800	8	27	22	
2837	14.1850	8	26	23	
2838	14.1900	8	26	23	
2839	14.1950	8	25	24	
2840	14.2000	8	24	24	
2841	14.2050	8	24	24	
2842	14.2100	8	23	24	
2843	14.2150	8	23	25	
2844	14.2200	8	22	25	
2845	14.2250	8	21	26	
2846	14.2300	8	21	26	
2847	14.2350	8	20	26	
2848	14.2400	8	19	26	
2849	14.2450	8	19	26	
2850	14.2500	8	18	27	
2851	14.2550	8	17	27	
2852	14.2600	7	16	27	
2853	14.2650	7	16	27	
2854	14.2700	7	15	27	
2855	14.2750	7	14	28	
2856	14.2800	7	14	28	
2857	14.2850	7	13	28	
2858	14.2900	7	12	28	
2859	14.2950	7	11	28	
2860	14.3000	7	10	28	
2861	14.3050	7	10	28	
2862	14.3100	7	9	28	
2863	14.3150	7	8	28	
2864	14.3200	7	8	28	
2865	14.3250	7	7	28	
2866	14.3300	7	6	28	
2867	14.3350	7	5	28	
2868	14.3400	7	4	28	
2869	14.3450	7	4	28	
2870	14.3500	7	3	28	
2871	14.3550	7	2	28	
2872	14.3600	7	1	28	
2873	14.3650	7	0	28	
2874	14.3700	7	0	28	
2875	14.3750	7	-1	27	
2876	14.3800	7	-2	27	
2877	14.3850	7	-3	27	
2878	14.3900	7	-4	27	
2879	14.3950	7	-4	26	
2880	14.4000	7	-5	26	
2881	14.4050	7	-6	26	
2882	14.4100	7	-7	26	
2883	14.4150	7	-8	26	
2884	14.4200	7	-8	25	
2885	14.4250	7	-9	25	
2886	14.4300	7	-10	25	
2887	14.4350	7	-10	24	
2888	14.4400	7	-11	24	
2889	14.4450	7	-12	24	
2890	14.4500	7	-13	23	
2891	14.4550	7	-14	23	
2892	14.4600	7	-14	22	
2893	14.4650	7	-15	22	
2894	14.4700	7	-16	22	
2895	14.4750	7	-16	21	
2896	14.4800	8	-17	21	
2897	14.4850	8	-18	20	
2898	14.4900	8	-18	20	
2899	14.4950	8	-19	20	
2900	14.5000	8	-20	19	
2901	14.5050	8	-20	18	
2902	14.5100	8	-21	18	
2903	14.5150	8	-22	18	
2904	14.5200	8	-22	17	
2905	14.5250	8	-23	16	
2906	14.5300	8	-24	16	
2907	14.5350	8	-24	15	
2908	14.5400	8	-25	15	
2909	14.5450	8	-25	14	
2910	14.5500	8	-26	14	
2911	14.5550	8	-26	13	
2912	14.5600	8	-27	12	
2913	14.5650	8	-28	12	
2914	14.5700	8	-28	11	
2915	14.5750	8	-28	10	
2916	14.5800	8	-29	10	
2917	14.5850	8	-29	9	
2918	14.5900	9	-30	9	
2919	14.5950	9	-30	8	
2920	14.6000	9	-31	8	
2921	14.6050	9	-31	7	
2922	14.6100	9	-32	6	
2923	14.6150	9	-32	5	
2924	14.6200	9	-32	5	
2925	14.6250	9	-32	4	
2926	14.6300	10	-33	3	
2927	14.6350	10	-33	3	
2928	14.6400	10	-33	2	
2929	14.6450	10	-34	1	
2930	14.6500	10	-34	0	
2931	14.6550	10	-34	0	
2932	14.6600	10	-34	-1	
2933	14.6650	10	-34	-2	
2934	14.6700	10	-35	-2	
2935	14.6750	10	-35	-3	
2936	14.6800	10	-35	-4	
2937	14.6850	10	-35	-4	
2938	14.6900	10	-35	-5	
2939	14.6950	10	-36	-6	
2940	14.7000	10	-36	-6	
2941	14.7050	11	-36	-7	
2942	14.7100	11	-36	-8	
2943	14.7150	11	-36	-8	
2944	14.7200	11	-36	-9	
2945	14.7250	11	-36	-10	
2946	14.7300	11	-36	-10	
2947	14.7350	11	-36	-11	
2948	14.7400	12	-36	-12	
2949	14.7450	12	-36	-12	
2950	14.7500	12	-36	-13	
2951	14.7550	12	-35	-14	
2952	14.7600	12	-35	-14	
2953	14.7650	12	-35	-15	
2954	14.7700	12	-35	-16	
2955	14.7750	12	-35	-16	
2956	14.7800	12	-35	-17	
2957	14.7850	12	-34	-18	
2958	14.7900	12	-34	-18	
2959	14.7950	12	-34	-19	
2960	14.8000	12	-34	-20	
2961	14.8050	12	-34	-20	
2962	14.8100	12	-33	-21	
2963	14.8150	13	-33	-22	
2964	14.8200	13	-32	-22	
2965	14.8250	13	-32	-22	
2966	14.8300	13	-32	-23	
2967	14.8350	13	-32	-24	
2968	14.8400	13	-31	-24	
2969	14.8450	13	-31	-25	
2970	14.8500	13	-30	-25	
2971	14.8550	14	-30	-26	
2972	14.8600	14	-30	-26	
2973	14.8650	14	-29	-27	
2974	14.8700	14	-28	-27	
2975	14.8750	14	-28	-28	
2976	14.8800	14	-28	-28	
2977	14.8850	14	-27	-28	
2978	14.8900	14	-26	-29	
2979	14.8950	14	-26	-30	
2980	14.9000	14	-26	-30	
2981	14.9050	14	-25	-30	
2982	14.9100	14	-24	-31	
2983	14.9150	14	-24	-31	
2984	14.9200	14	-23	-32	
2985	14.9250	14	-22	-32	
2986	14.9300	14	-22	-32	
2987	14.9350	14	-21	-32	
2988	14.9400	14	-21	-33	
2989	14.9450	14	-20	-33	
2990	14.9500	15	-19	-33	
2991	14.9550	15	-19	-34	
2992	14.9600	15	-18	-34	
2993	14.9650	15	-17	-34	
2994	14.9700	15	-16	-34	
2995	14.9750	15	-16	-34	
2996	14.9800	15	-15	-35	
2997	14.9850	15	-14	-35	
2998	14.9900	15	-14	-35	
2999	14.9950	15	-13	-35	
3000	15.0000	15	-12	-35	
3001	15.0050	15	-12	-35	
3002	15.0100	15	-11	-36	
3003	15.0150	15	-10	-36	
3004	15.0200	15	-9	-36	
3005	15.0250	15	-8	-36	
3006	15.0300	16	-8	-36	
3007	15.0350	16	-7	-36	
3008	15.0400	16	-6	-36	
3009	15.0450	16	-5	-36	
3010	15.0500	16	-4	-36	
3011	15.0550	16	-4	-36	
3012	15.0600	16	-3	-36	
3013	15.0650	16	-2	-36	
3014	15.0700	16	-1	-36	
3015	15.0750	16	0	-36	
3016	15.0800	16	0	-35	
3017	15.0850	16	1	-35	
3018	15.0900	16	2	-35	
3019	15.0950	16	3	-35	
3020	15.1000	16	4	-35	
3021	15.1050	16	4	-34	
3022	15.1100	16	5	-34	
3023	15.1150	16	6	-34	
3024	15.1200	16	7	-34	
3025	15.1250	16	8	-34	
3026	15.1300	16	8	-34	
3027	15.1350	16	9	-33	
3028	15.1400	16	10	-33	
3029	15.1450	16	11	-32	
3030	15.1500	16	11	-32	
3031	15.1550	16	12	-32	
3032	15.1600	16	13	-32	
3033	15.1650	15	14	-31	
3034	15.1700	15	14	-31	
3035	15.1750	15	15	-30	
3036	15.1800	15	16	-30	
3037	15.1850	15	17	-30	
3038	15.1900	15	17	-29	
3039	15.1950	15	18	-29	
3040	15.2000	15	19	-28	
3041	15.2050	15	20	-28	
3042	15.2100	15	20	-28	
3043	15.2150	15	21	-27	
3044	15.2200	15	22	-26	
3045	15.2250	15	22	-26	
3046	15.2300	15	23	-26	
3047	15.2350	15	24	-25	
3048	15.2400	14	24	-24	
3049	15.2450	14	25	-24	
3050	15.2500	14	25	-23	
3051	15.2550	14	26	-23	
3052	15.2600	14	26	-22	
3053	15.2650	14	27	-22	
3054	15.2700	14	28	-21	
3055	15.2750	14	28	-20	
3056	15.2800	14	29	-20	
3057	15.2850	14	29	-19	
3058	15.2900	14	30	-19	
3059	15.2950	14	30	-18	
3060	15.3000	14	31	-18	
3061	15.3050	14	31	-17	
3062	15.3100	14	32	-16	
3063	15.3150	14	32	-16	
3064	15.3200	14	33	-15	
3065	15.3250	14	33	-14	
3066	15.3300	14	34	-14	
3067	15.3350	13	34	-13	
3068	15.3400	13	34	-12	
3069	15.3450	13	34	-11	
3070	15.3500	13	35	-11	
3071	15.3550	13	35	-10	
3072	15.3600	13	36	-9	
3073	15.3650	13	36	-8	
3074	15.3700	13	36	-8	
3075	15.3750	12	36	-7	
3076	15.3800	12	36	-6	
3077	15.3850	12	37	-6	
3078	15.3900	12	37	-5	
3079	15.3950	12	37	-4	
3080	15.4000	12	37	-4	
3081	15.4050	12	38	-3	
3082	15.4100	12	38	-2	
3083	15.4150	12	38	-2	
3084	15.4200	12	38	-1	
3085	15.4250	12	38	0	
3086	15.4300	12	38	1	
3087	15.4350	12	38	1	
3088	15.4400	12	38	2	
3089	15.4450	12	38	3	
3090	15.4500	11	38	4	
3091	15.4550	11	38	4	
3092	15.4600	11	38	5	
3093	15.4650	11	38	6	
3094	15.4700	11	38	6	
3095	15.4750	11	38	7	
3096	15.4800	11	38	8	
3097	15.4850	10	38	8	
3098	15.4900	10	37	9	
3099	15.4950	10	37	10	
3100	15.5000	10	37	10	
3101	15.5050	10	37	11	
3102	15.5100	10	37	12	
3103	15.5150	10	36	12	
3104	15.5200	10	36	13	
3105	15.5250	10	36	14	
3106	15.5300	10	36	14	
3107	15.5350	10	35	15	
3108	15.5400	10	35	15	
3109	15.5450	10	35	16	
3110	15.5500	10	34	16	
3111	15.5550	10	34	17	
3112	15.5600	9	34	18	
3113	15.5650	9	33	18	
3114	15.5700	9	33	18	
3115	15.5750	9	32	19	
3116	15.5800	9	32	20	
3117	15.5850	9	32	20	
3118	15.5900	9	31	21	
3119	15.5950	9	30	21	
3120	15.6000	8	30	22	
3121	15.6050	8	30	22	
3122	15.6100	8	29	22	
3123	15.6150	8	28	23	
3124	15.6200	8	28	24	
3125	15.6250	8	27	24	
3126	15.6300	8	27	24	
3127	15.6350	8	26	25	
3128	15.6400	8	26	25	
3129	15.6450	8	25	25	
3130	15.6500	8	24	26	
3131	15.6550	8	24	26	
3132	15.6600	8	23	26	
3133	15.6650	8	22	27	
3134	15.6700	8	22	27	
3135	15.6750	8	21	27	
3136	15.6800	8	20	28	
3137	15.6850	8	20	28	
3138	15.6900	8	19	28	
3139	15.6950	8	18	28	
3140	15.7000	8	18	28	
3141	15.7050	8	17	29	
3142	15.7100	7	16	29	
3143	15.7150	7	16	29	
3144	15.7200	7	15	29	
3145	15.7250	7	14	29	
3146	15.7300	7	13	29	
3147	15.7350	7	12	30	
3148	15.7400	7	12	30	
3149	15.7450	7	11	30	
3150	15.7500	7	10	30	
3151	15.7550	7	9	30	
3152	15.7600	7	8	30	
3153	15.7650	7	8	30	
3154	15.7700	7	7	30	
3155	15.7750	7	6	30	
3156	15.7800	7	5	30	
3157	15.7850	7	5	30	
3158	15.7900	7	4	30	
3159	15.7950	7	3	29	
3160	15.8000	7	2	29	
3161	15.8050	7	1	29	
3162	15.8100	7	0	29	
3163	15.8150	7	0	29	
3164	15.8200	7	-1	29	
3165	15.8250	7	-2	28	
3166	15.8300	7	-3	28	
3167	15.8350	7	-4	28	
3168	15.8400	7	-4	28	
3169	15.8450	7	-5	28	
3170	15.8500	7	-6	27	
3171	15.8550	7	-7	27	
3172	15.8600	7	-8	27	
3173	15.8650	7	-8	26	
3174	15.8700	7	-9	26	
3175	15.8750	7	-10	26	
3176	15.8800	7	-10	26	
3177	15.8850	7	-11	25	
3178	15.8900	7	-12	25	
3179	15.8950	7	-13	24	
3180	15.9000	7	-14	24	
3181	15.9050	7	-14	24	
3182	15.9100	7	-15	23	
3183	15.9150	7	-16	23	
3184	15.9200	7	-16	22	
3185	15.9250	8	-17	22	
3186	15.9300	8	-18	21	
3187	15.9350	8	-19	21	
3188	15.9400	8	-19	20	
3189	15.9450	8	-20	20	
3190	15.9500	8	-21	19	
3191	15.9550	8	-21	19	
3192	15.9600	8	-22	18	
3193	15.9650	8	-22	18	
3194	15.9700	8	-23	17	
3195	15.9750	8	-24	16	
3196	15.9800	8	-24	16	
3197	15.9850	8	-25	15	
3198	15.9900	8	-26	15	
3199	15.9950	8	-26	14	
3200	16.0000	8	-27	14	
3201	16.0050	8	-27	13	
3202	16.0100	8	-28	12	
3203	16.0150	8	-28	12	
3204	16.0200	8	-29	11	
3205	16.0250	8	-29	10	
3206	16.0300	8	-30	10	
3207	16.0350	9	-30	9	
3208	16.0400	9	-30	8	
3209	16.0450	9	-31	8	
3210	16.0500	9	-31	7	
3211	16.0550	9	-32	6	
3212	16.0600	9	-32	6	
3213	16.0650	9	-32	5	
3214	16.0700	9	-33	4	
3215	16.0750	9	-33	3	
3216	16.0800	10	-34	3	
3217	16.0850	10	-34	2	
3218	16.0900	10	-34	1	
3219	16.0950	10	-34	0	
3220	16.1000	10	-35	0	
3221	16.1050	10	-35	-1	
3222	16.1100	10	-35	-2	
3223	16.1150	10	-35	-2	
3224	16.1200	10	-36	-3	
3225	16.1250	10	-36	-4	
3226	16.1300	10	-36	-5	
3227	16.1350	10	-36	-5	
3228	16.1400	10	-36	-6	
3229	16.1450	10	-36	-7	
3230	16.1500	10	-36	-8	
3231	16.1550	11	-36	-8	
3232	16.1600	11	-36	-9	
3233	16.1650	11	-36	-10	
3234	16.1700	11	-36	-10	
3235	16.1750	11	-36	-11	
3236	16.1800	11	-36	-12	
3237	16.1850	11	-36	-12	
3238	16.1900	12	-36	-13	
3239	16.1950	12	-36	-14	
3240	16.2000	12	-36	-14	
3241	16.2050	12	-36	-15	
3242	16.2100	12	-36	-16	
3243	16.2150	12	-36	-17	
3244	16.2200	12	-36	-17	
3245	16.2250	12	-35	-18	
3246	16.2300	12	-35	-19	
3247	16.2350	12	-35	-19	
3248	16.2400	12	-35	-20	
3249	16.2450	12	-34	-20	
3250	16.2500	12	-34	-21	
3251	16.2550	12	-34	-22	
3252	16.2600	13	-34	-22	
3253	16.2650	13	-33	-23	
3254	16.2700	13	-33	-24	
3255	16.2750	13	-33	-24	
3256	16.2800	13	-32	-25	
3257	16.2850	13	-32	-25	
3258	16.2900	13	-32	-26	
3259	16.2950	13	-31	-26	
3260	16.3000	14	-31	-27	
3261	16.3050	14	-30	-27	
3262	16.3100	14	-30	-28	
3263	16.3150	14	-29	-28	
3264	16.3200	14	-29	-29	
3265	16.3250	14	-28	-29	
3266	16.3300	14	-28	-30	
3267	16.3350	14	-27	-30	
3268	16.3400	14	-27	-31	
3269	16.3450	14	-26	-31	
3270	16.3500	14	-26	-32	
3271	16.3550	14	-25	-32	
3272	16.3600	14	-24	-32	
3273	16.3650	14	-24	-32	
3274	16.3700	14	-23	-33	
3275	16.3750	14	-23	-33	
3276	16.3800	14	-22	-34	
3277	16.3850	14	-21	-34	
3278	16.3900	14	-21	-34	
3279	16.3950	14	-20	-34	
3280	16.4000	15	-19	-35	
3281	16.4050	15	-19	-35	
3282	16.4100	15	-18	-35	
3283	16.4150	15	-17	-36	
3284	16.4200	15	-16	-36	
3285	16.4250	15	-16	-36	
3286	16.4300	15	-15	-36	
3287	16.4350	15	-14	-36	
3288	16.4400	15	-14	-36	
3289	16.4450	15	-13	-36	
3290	16.4500	15	-12	-36	
3291	16.4550	15	-11	-37	
3292	16.4600	15	-10	-37	
3293	16.4650	15	-10	-37	
3294	16.4700	15	-9	-37	
3295	16.4750	16	-8	-37	
3296	16.4800	16	-8	-37	
3297	16.4850	16	-7	-37	
3298	16.4900	16	-6	-37	
3299	16.4950	16	-5	-37	
3300	16.5000	16	-4	-37	
3301	16.5050	16	-4	-37	
3302	16.5100	16	-3	-37	
3303	16.5150	16	-2	-37	
3304	16.5200	16	-1	-36	
3305	16.5250	16	0	-36	
3306	16.5300	16	1	-36	
3307	16.5350	16	2	-36	
3308	16.5400	16	2	-36	
3309	16.5450	16	3	-36	
3310	16.5500	16	4	-36	
3311	16.5550	16	5	-35	
3312	16.5600	16	6	-35	
3313	16.5650	16	6	-35	
3314	16.5700	16	7	-34	
3315	16.5750	16	8	-34	
3316	16.5800	16	9	-34	
3317	16.5850	16	10	-34	
3318	16.5900	16	10	-33	
3319	16.5950	16	11	-33	
3320	16.6000	16	12	-33	
3321	16.6050	16	13	-32	
3322	16.6100	15	14	-32	
3323	16.6150	15	14	-32	
3324	16.6200	15	15	-31	
3325	16.6250	15	16	-31	
3326	16.6300	15	16	-30	
3327	16.6350	15	17	-30	
3328	16.6400	15	18	-30	
3329	16.6450	15	19	-29	
3330	16.6500	15	20	-28	
3331	16.6550	15	20	-28	
3332	16.6600	15	21	-28	
3333	16.6650	15	22	-27	
3334	16.6700	15	22	-26	
3335	16.6750	15	23	-26	
3336	16.6800	15	24	-26	
3337	16.6850	15	24	-25	
3338	16.6900	14	25	-24	
3339	16.6950	14	26	-24	
3340	16.7000	14	26	-23	
3341	16.7050	14	27	-22	
3342	16.7100	14	27	-22	
3343	16.7150	14	28	-21	
3344	16.7200	14	28	-21	
3345	16.7250	14	29	-20	
3346	16.7300	14	30	-20	
3347	16.7350	14	30	-19	
3348	16.7400	14	30	-18	
3349	16.7450	14	31	-18	
3350	16.7500	14	32	-17	
3351	16.7550	14	32	-16	
3352	16.7600	14	32	-16	
3353	16.7650	14	33	-15	
3354	16.7700	14	33	-14	
3355	16.7750	14	34	-13	
3356	16.7800	14	34	-13	
3357	16.7850	13	34	-12	
3358	16.7900	13	35	-11	
3359	16.7950	13	35	-10	
3360	16.8000	13	36	-10	
3361	16.8050	13	36	-9	
3362	16.8100	13	36	-8	
3363	16.8150	13	36	-8	
3364	16.8200	13	37	-7	
3365	16.8250	12	37	-6	
3366	16.8300	12	37	-6	
3367	16.8350	12	38	-5	
3368	16.8400	12	38	-4	
3369	16.8450	12	38	-3	
3370	16.8500	12	38	-2	
3371	16.8550	12	38	-2	
3372	16.8600	12	38	-1	
3373	16.8650	12	38	0	
3374	16.8700	12	38	0	
3375	16.8750	12	38	1	
3376	16.8800	12	39	2	
3377	16.8850	12	39	2	
3378	16.8900	12	39	3	
3379	16.8950	11	39	4	
3380	16.9000	11	39	5	
3381	16.9050	11	39	6	
3382	16.9100	11	38	6	
3383	16.9150	11	38	7	
3384	16.9200	11	38	8	
3385	16.9250	11	38	8	
3386	16.9300	10	38	9	
3387	16.9350	10	38	10	
3388	16.9400	10	38	10	
3389	16.9450	10	38	11	
3390	16.9500	10	38	12	
3391	16.9550	10	37	12	
3392	16.9600	10	37	13	
3393	16.9650	10	37	14	
3394	16.9700	10	37	14	
3395	16.9750	10	36	15	
3396	16.9800	10	36	16	
3397	16.9850	10	36	16	
3398	16.9900	10	36	17	
3399	16.9950	10	35	17	
3400	17.0000	10	35	18	
3401	17.0050	9	34	18	
3402	17.0100	9	34	19	
3403	17.0150	9	34	20	
3404	17.0200	9	33	20	
3405	17.0250	9	33	21	
3406	17.0300	9	32	21	
3407	17.0350	9	32	22	
3408	17.0400	9	31	22	
3409	17.0450	9	31	23	
3410	17.0500	8	30	23	
3411	17.0550	8	30	24	
3412	17.0600	8	29	24	
3413	17.0650	8	29	24	
3414	17.0700	8	28	25	
3415	17.0750	8	28	25	
3416	17.0800	8	27	26	
3417	17.0850	8	26	26	
3418	17.0900	8	26	26	
3419	17.0950	8	25	27	
3420	17.1000	8	24	27	
3421	17.1050	8	24	28	
3422	17.1100	8	23	28	
3423	17.1150	8	22	28	
3424	17.1200	8	22	28	
3425	17.1250	8	21	29	
3426	17.1300	8	20	29	
3427	17.1350	8	20	29	
3428	17.1400	8	19	29	
3429	17.1450	8	18	30	
3430	17.1500	8	18	30	
3431	17.1550	8	17	30	
3432	17.1600	7	16	30	
3433	17.1650	7	15	30	
3434	17.1700	7	15	30	
3435	17.1750	7	14	30	
3436	17.1800	7	13	30	
3437	17.1850	7	12	30	
3438	17.1900	7	12	31	
3439	17.1950	7	11	31	
3440	17.2000	7	10	31	
3441	17.2050	7	9	31	
3442	17.2100	7	8	31	
3443	17.2150	7	8	31	
3444	17.2200	7	7	31	
3445	17.2250	7	6	31	
3446	17.2300	7	5	30	
3447	17.2350	7	4	30	
3448	17.2400	7	4	30	
3449	17.2450	7	3	30	
3450	17.2500	7	2	30	
3451	17.2550	7	1	30	
3452	17.2600	7	0	30	
3453	17.2650	7	-1	30	
3454	17.2700	7	-1	30	
3455	17.2750	7	-2	29	
3456	17.2800	7	-3	29	
3457	17.2850	7	-4	29	
3458	17.2900	7	-5	28	
3459	17.2950	7	-6	28	
3460	17.3000	7	-6	28	
3461	17.3050	7	-7	28	
3462	17.3100	7	-8	27	
3463	17.3150	7	-9	27	
3464	17.3200	7	-10	27	
3465	17.3250	7	-10	26	
3466	17.3300	7	-11	26	
3467	17.3350	7	-12	26	
3468	17.3400	7	-12	25	
3469	17.3450	7	-13	25	
3470	17.3500	7	-14	24	
3471	17.3550	7	-15	24	
3472	17.3600	7	-16	23	
3473	17.3650	7	-16	23	
3474	17.3700	7	-17	22	
3475	17.3750	8	-18	22	
3476	17.3800	8	-18	22	
3477	17.3850	8	-19	21	
3478	17.3900	8	-20	20	
3479	17.3950	8	-20	20	
3480	17.4000	8	-21	19	
3481	17.4050	8	-22	19	
3482	17.4100	8	-22	18	
3483	17.4150	8	-23	18	
3484	17.4200	8	-24	17	
3485	17.4250	8	-24	16	
3486	17.4300	8	-25	16	
3487	17.4350	8	-26	15	
3488	17.4400	8	-26	14	
3489	17.4450	8	-26	14	
3490	17.4500	8	-27	13	
3491	17.4550	8	-28	12	
3492	17.4600	8	-28	12	
3493	17.4650	8	-29	11	
3494	17.4700	8	-29	10	
3495	17.4750	8	-30	10	
3496	17.4800	8	-30	9	
3497	17.4850	9	-30	8	
3498	17.4900	9	-31	8	
3499	17.4950	9	-32	7	
3500	17.5000	9	-32	6	
3501	17.5050	9	-32	6	
3502	17.5100	9	-33	5	
3503	17.5150	9	-33	4	
3504	17.5200	9	-33	3	
3505	17.5250	10	-34	2	
3506	17.5300	10	-34	2	
3507	17.5350	10	-34	1	
3508	17.5400	10	-34	0	
3509	17.5450	10	-35	0	
3510	17.5500	10	-35	-1	
3511	17.5550	10	-35	-2	
3512	17.5600	10	-36	-3	
3513	17.5650	10	-36	-3	
3514	17.5700	10	-36	-4	
3515	17.5750	10	-36	-5	
3516	17.5800	10	-36	-6	
3517	17.5850	10	-36	-6	
3518	17.5900	10	-36	-7	
3519	17.5950	10	-36	-8	
3520	17.6000	11	-36	-9	
3521	17.6050	11	-36	-10	
3522	17.6100	11	-37	-10	
3523	17.6150	11	-37	-11	
3524	17.6200	11	-37	-12	
3525	17.6250	11	-37	-12	
3526	17.6300	11	-37	-13	
3527	17.6350	12	-36	-14	
3528	17.6400	12	-36	-14	
3529	17.6450	12	-36	-15	
3530	17.6500	12	-36	-16	
3531	17.6550	12	-36	-17	
3532	17.6600	12	-36	-17	
3533	17.6650	12	-36	-18	
3534	17.6700	12	-36	-19	
3535	17.6750	12	-36	-19	
3536	17.6800	12	-35	-20	
3537	17.6850	12	-35	-21	
3538	17.6900	12	-35	-21	
3539	17.6950	12	-34	-22	
3540	17.7000	12	-34	-22	
3541	17.7050	12	-34	-23	
3542	17.7100	13	-34	-24	
3543	17.7150	13	-33	-24	
3544	17.7200	13	-33	-25	
3545	17.7250	13	-33	-26	
3546	17.7300	13	-32	-26	
3547	17.7350	13	-32	-27	
3548	17.7400	13	-32	-27	
3549	17.7450	13	-31	-28	
3550	17.7500	14	-31	-28	
3551	17.7550	14	-30	-29	
3552	17.7600	14	-30	-30	
3553	17.7650	14	-29	-30	
3554	17.7700	14	-29	-30	
3555	17.7750	14	-28	-31	
3556	17.7800	14	-28	-31	
3557	17.7850	14	-27	-32	
3558	17.7900	14	-27	-32	
3559	17.7950	14	-26	-32	
3560	17.8000	14	-26	-33	
