#	time(s)	count A	count B	count C	count D
1	0.0050	16	21	16	
2	0.0100	16	22	16	
3	0.0150	16	22	16	
4	0.0200	16	22	16	
5	0.0250	16	22	16	
6	0.0300	16	22	16	
7	0.0350	16	22	16	
8	0.0400	16	22	16	
9	0.0450	16	22	16	
10	0.0500	16	22	16	
11	0.0550	16	22	16	
12	0.0600	16	22	16	
13	0.0650	16	22	16	
14	0.0700	16	22	16	
15	0.0750	16	22	16	
16	0.0800	16	22	16	
17	0.0850	16	22	16	
18	0.0900	16	22	16	
19	0.0950	16	22	16	
20	0.1000	16	22	15	
21	0.1050	16	22	15	
22	0.1100	15	22	15	
23	0.1150	15	22	15	
24	0.1200	15	22	15	
25	0.1250	15	22	14	
26	0.1300	15	22	14	
27	0.1350	15	22	14	
28	0.1400	15	22	14	
29	0.1450	15	21	14	
30	0.1500	15	21	14	
31	0.1550	15	21	13	
32	0.1600	15	21	13	
33	0.1650	15	21	13	
34	0.1700	15	21	12	
35	0.1750	15	20	12	
36	0.1800	15	20	12	
37	0.1850	14	20	12	
38	0.1900	14	20	12	
39	0.1950	14	20	11	
40	0.2000	14	20	11	
41	0.2050	14	19	11	
42	0.2100	14	19	10	
43	0.2150	14	19	10	
44	0.2200	14	18	10	
45	0.2250	14	18	10	
46	0.2300	14	18	9	
47	0.2350	14	18	9	
48	0.2400	14	18	8	
49	0.2450	14	17	8	
50	0.2500	14	17	8	
51	0.2550	14	17	8	
52	0.2600	14	16	7	
53	0.2650	14	16	7	
54	0.2700	14	16	6	
55	0.2750	14	16	6	
56	0.2800	14	15	6	
57	0.2850	13	15	6	
58	0.2900	13	14	5	
59	0.2950	13	14	5	
60	0.3000	13	14	4	
61	0.3050	13	13	4	
62	0.3100	13	13	4	
63	0.3150	13	13	3	
64	0.3200	13	12	3	
65	0.3250	12	12	2	
66	0.3300	12	12	2	
67	0.3350	12	11	2	
68	0.3400	12	11	1	
69	0.3450	12	10	1	
70	0.3500	12	10	0	
71	0.3550	12	10	0	
72	0.3600	12	9	0	
73	0.3650	12	9	-1	
74	0.3700	12	8	-1	
75	0.3750	12	8	-2	
76	0.3800	12	8	-2	
77	0.3850	12	7	-2	
78	0.3900	12	7	-3	
79	0.3950	12	6	-3	
80	0.4000	12	6	-3	
81	0.4050	11	6	-4	
82	0.4100	11	5	-4	
83	0.4150	11	5	-5	
84	0.4200	11	4	-5	
85	0.4250	11	4	-6	
86	0.4300	11	4	-6	
87	0.4350	11	3	-6	
88	0.4400	11	3	-6	
89	0.4450	10	2	-7	
90	0.4500	10	2	-7	
91	0.4550	10	1	-8	
92	0.4600	10	1	-8	
93	0.4650	10	0	-8	
94	0.4700	10	0	-9	
95	0.4750	10	0	-9	
96	0.4800	10	-1	-10	
97	0.4850	10	-1	-10	
98	0.4900	10	-2	-10	
99	0.4950	10	-2	-11	
100	0.5000	10	-2	-11	
101	0.5050	10	-3	-12	
102	0.5100	10	-3	-12	
103	0.5150	10	-4	-12	
104	0.5200	9	-4	-12	
105	0.5250	9	-4	-13	
106	0.5300	9	-5	-13	
107	0.5350	9	-5	-14	
108	0.5400	9	-6	-14	
109	0.5450	9	-6	-14	
110	0.5500	9	-6	-15	
111	0.5550	9	-7	-15	
112	0.5600	9	-7	-15	
113	0.5650	8	-8	-16	
114	0.5700	8	-8	-16	
115	0.5750	8	-8	-16	
116	0.5800	8	-9	-16	
117	0.5850	8	-9	-17	
118	0.5900	8	-10	-17	
119	0.5950	8	-10	-17	
120	0.6000	8	-10	-18	
121	0.6050	8	-11	-18	
122	0.6100	8	-11	-18	
123	0.6150	8	-11	-18	
124	0.6200	8	-12	-19	
125	0.6250	8	-12	-19	
126	0.6300	8	-12	-19	
127	0.6350	8	-12	-20	
128	0.6400	8	-13	-20	
129	0.6450	8	-13	-20	
130	0.6500	8	-14	-20	
131	0.6550	8	-14	-20	
132	0.6600	8	-14	-20	
133	0.6650	8	-14	-21	
134	0.6700	8	-14	-21	
135	0.6750	7	-15	-21	
136	0.6800	7	-15	-21	
137	0.6850	7	-15	-21	
138	0.6900	7	-16	-22	
139	0.6950	7	-16	-22	
140	0.7000	7	-16	-22	
141	0.7050	7	-16	-22	
142	0.7100	7	-16	-22	
143	0.7150	7	-17	-22	
144	0.7200	7	-17	-22	
145	0.7250	7	-17	-22	
146	0.7300	7	-17	-22	
147	0.7350	7	-18	-23	
148	0.7400	7	-18	-23	
149	0.7450	7	-18	-23	
150	0.7500	7	-18	-23	
151	0.7550	7	-18	-23	
152	0.7600	7	-18	-23	
153	0.7650	7	-18	-23	
154	0.7700	7	-18	-23	
155	0.7750	7	-18	-23	
156	0.7800	7	-19	-23	
157	0.7850	7	-19	-23	
158	0.7900	7	-19	-23	
159	0.7950	7	-19	-23	
160	0.8000	7	-19	-23	
161	0.8050	7	-19	-23	
162	0.8100	7	-19	-23	
163	0.8150	7	-19	-23	
164	0.8200	7	-19	-23	
165	0.8250	7	-19	-23	
166	0.8300	7	-19	-23	
167	0.8350	7	-19	-23	
168	0.8400	7	-19	-23	
169	0.8450	7	-19	-23	
170	0.8500	7	-19	-23	
171	0.8550	7	-19	-22	
172	0.8600	7	-19	-22	
173	0.8650	7	-19	-22	
174	0.8700	7	-19	-22	
175	0.8750	7	-19	-22	
176	0.8800	7	-19	-22	
177	0.8850	7	-19	-22	
178	0.8900	7	-19	-22	
179	0.8950	7	-19	-22	
180	0.9000	7	-19	-21	
181	0.9050	7	-18	-21	
182	0.9100	7	-18	-21	
183	0.9150	8	-18	-21	
184	0.9200	8	-18	-20	
185	0.9250	8	-18	-20	
186	0.9300	8	-18	-20	
187	0.9350	8	-18	-20	
188	0.9400	8	-18	-20	
189	0.9450	8	-17	-19	
190	0.9500	8	-17	-19	
191	0.9550	8	-17	-19	
192	0.9600	8	-17	-18	
193	0.9650	8	-17	-18	
194	0.9700	8	-16	-18	
195	0.9750	8	-16	-18	
196	0.9800	8	-16	-18	
197	0.9850	8	-16	-17	
198	0.9900	8	-16	-17	
199	0.9950	8	-15	-16	
200	1.0000	8	-15	-16	
201	1.0050	8	-15	-16	
202	1.0100	8	-14	-16	
203	1.0150	8	-14	-15	
204	1.0200	8	-14	-15	
205	1.0250	8	-14	-14	
206	1.0300	9	-13	-14	
207	1.0350	9	-13	-14	
208	1.0400	9	-13	-14	
209	1.0450	9	-12	-13	
210	1.0500	9	-12	-13	
211	1.0550	9	-12	-12	
212	1.0600	9	-12	-12	
213	1.0650	9	-11	-12	
214	1.0700	9	-11	-11	
215	1.0750	10	-10	-11	
216	1.0800	10	-10	-10	
217	1.0850	10	-10	-10	
218	1.0900	10	-10	-10	
219	1.0950	10	-9	-9	
220	1.1000	10	-9	-9	
221	1.1050	10	-8	-8	
222	1.1100	10	-8	-8	
223	1.1150	10	-8	-8	
224	1.1200	10	-7	-7	
225	1.1250	10	-7	-7	
226	1.1300	10	-7	-6	
227	1.1350	10	-6	-6	
228	1.1400	10	-6	-6	
229	1.1450	10	-6	-5	
230	1.1500	10	-5	-5	
231	1.1550	11	-5	-4	
232	1.1600	11	-4	-4	
233	1.1650	11	-4	-3	
234	1.1700	11	-4	-3	
235	1.1750	11	-3	-2	
236	1.1800	11	-3	-2	
237	1.1850	11	-2	-2	
238	1.1900	12	-2	-1	
239	1.1950	12	-2	-1	
240	1.2000	12	-1	0	
241	1.2050	12	-1	0	
242	1.2100	12	0	0	
243	1.2150	12	0	1	
244	1.2200	12	0	2	
245	1.2250	12	1	2	
246	1.2300	12	1	2	
247	1.2350	12	2	3	
248	1.2400	12	2	3	
249	1.2450	12	3	4	
250	1.2500	12	3	4	
251	1.2550	12	3	4	
252	1.2600	12	4	5	
253	1.2650	13	4	5	
254	1.2700	13	5	6	
255	1.2750	13	5	6	
256	1.2800	13	6	6	
257	1.2850	13	6	7	
258	1.2900	13	6	7	
259	1.2950	13	7	8	
260	1.3000	13	7	8	
261	1.3050	13	7	8	
262	1.3100	14	8	9	
263	1.3150	14	8	9	
264	1.3200	14	8	10	
265	1.3250	14	9	10	
266	1.3300	14	9	10	
267	1.3350	14	10	10	
268	1.3400	14	10	11	
269	1.3450	14	10	11	
270	1.3500	14	11	12	
271	1.3550	14	11	12	
272	1.3600	14	12	12	
273	1.3650	14	12	12	
274	1.3700	14	12	13	
275	1.3750	14	12	13	
276	1.3800	14	13	13	
277	1.3850	14	13	14	
278	1.3900	14	14	14	
279	1.3950	14	14	14	
280	1.4000	14	14	14	
281	1.4050	14	14	14	
282	1.4100	15	15	15	
283	1.4150	15	15	15	
284	1.4200	15	15	15	
285	1.4250	15	16	16	
286	1.4300	15	16	16	
287	1.4350	15	16	16	
288	1.4400	15	16	16	
289	1.4450	15	17	16	
290	1.4500	15	17	16	
291	1.4550	15	17	16	
292	1.4600	15	18	16	
293	1.4650	15	18	17	
294	1.4700	15	18	17	
295	1.4750	15	18	17	
296	1.4800	15	18	17	
297	1.4850	15	18	17	
298	1.4900	16	19	17	
299	1.4950	16	19	17	
300	1.5000	16	19	18	
301	1.5050	16	19	18	
302	1.5100	16	20	18	
303	1.5150	16	20	18	
304	1.5200	16	20	18	
305	1.5250	16	20	18	
306	1.5300	16	20	18	
307	1.5350	16	20	18	
308	1.5400	16	20	18	
309	1.5450	16	20	18	
310	1.5500	16	20	18	
311	1.5550	16	21	18	
312	1.5600	16	21	18	
313	1.5650	16	21	18	
314	1.5700	16	21	18	
315	1.5750	16	21	17	
316	1.5800	16	21	17	
317	1.5850	16	21	17	
318	1.5900	16	21	17	
319	1.5950	16	21	17	
320	1.6000	16	21	17	
321	1.6050	16	21	17	
322	1.6100	16	21	16	
323	1.6150	16	21	16	
324	1.6200	16	21	16	
325	1.6250	16	21	16	
326	1.6300	16	21	16	
327	1.6350	16	21	16	
328	1.6400	16	21	16	
329	1.6450	16	21	15	
330	1.6500	15	21	15	
331	1.6550	15	21	15	
332	1.6600	15	21	15	
333	1.6650	15	21	14	
334	1.6700	15	20	14	
335	1.6750	15	20	14	
336	1.6800	15	20	14	
337	1.6850	15	20	14	
338	1.6900	15	20	13	
339	1.6950	15	20	13	
340	1.7000	15	20	13	
341	1.7050	15	20	12	
342	1.7100	15	20	12	
343	1.7150	15	19	12	
344	1.7200	15	19	11	
345	1.7250	14	19	11	
346	1.7300	14	19	11	
347	1.7350	14	19	10	
348	1.7400	14	18	10	
349	1.7450	14	18	10	
350	1.7500	14	18	10	
351	1.7550	14	18	9	
352	1.7600	14	18	9	
353	1.7650	14	17	8	
354	1.7700	14	17	8	
355	1.7750	14	17	8	
356	1.7800	14	16	7	
357	1.7850	14	16	7	
358	1.7900	14	16	6	
359	1.7950	14	16	6	
360	1.8000	14	16	6	
361	1.8050	14	15	5	
362	1.8100	14	15	5	
363	1.8150	14	14	4	
364	1.8200	14	14	4	
365	1.8250	13	14	4	
366	1.8300	13	14	3	
367	1.8350	13	13	3	
368	1.8400	13	13	2	
369	1.8450	13	12	2	
370	1.8500	13	12	2	
371	1.8550	13	12	1	
372	1.8600	13	12	1	
373	1.8650	13	11	0	
374	1.8700	12	11	0	
375	1.8750	12	10	-1	
376	1.8800	12	10	-1	
377	1.8850	12	10	-2	
378	1.8900	12	9	-2	
379	1.8950	12	9	-2	
380	1.9000	12	9	-3	
381	1.9050	12	8	-3	
382	1.9100	12	8	-4	
383	1.9150	12	7	-4	
384	1.9200	12	7	-4	
385	1.9250	12	7	-5	
386	1.9300	12	6	-6	
387	1.9350	12	6	-6	
388	1.9400	12	6	-6	
389	1.9450	11	5	-7	
390	1.9500	11	5	-7	
391	1.9550	11	4	-8	
392	1.9600	11	4	-8	
393	1.9650	11	4	-8	
394	1.9700	11	3	-9	
395	1.9750	11	3	-9	
396	1.9800	11	2	-10	
397	1.9850	10	2	-10	
398	1.9900	10	1	-10	
399	1.9950	10	1	-11	
400	2.0000	10	0	-11	
401	2.0050	10	0	-12	
402	2.0100	10	0	-12	
403	2.0150	10	-1	-12	
404	2.0200	10	-1	-13	
405	2.0250	10	-2	-13	
406	2.0300	10	-2	-14	
407	2.0350	10	-2	-14	
408	2.0400	10	-3	-14	
409	2.0450	10	-3	-14	
410	2.0500	10	-4	-15	
411	2.0550	10	-4	-15	
412	2.0600	9	-4	-16	
413	2.0650	9	-5	-16	
414	2.0700	9	-5	-16	
415	2.0750	9	-6	-16	
416	2.0800	9	-6	-17	
417	2.0850	9	-6	-17	
418	2.0900	9	-6	-18	
419	2.0950	9	-7	-18	
420	2.1000	9	-7	-18	
421	2.1050	8	-8	-18	
422	2.1100	8	-8	-19	
423	2.1150	8	-8	-19	
424	2.1200	8	-9	-19	
425	2.1250	8	-9	-20	
426	2.1300	8	-10	-20	
427	2.1350	8	-10	-20	
428	2.1400	8	-10	-20	
429	2.1450	8	-10	-20	
430	2.1500	8	-11	-21	
431	2.1550	8	-11	-21	
432	2.1600	8	-11	-21	
433	2.1650	8	-12	-21	
434	2.1700	8	-12	-22	
435	2.1750	8	-12	-22	
436	2.1800	8	-12	-22	
437	2.1850	8	-13	-22	
438	2.1900	8	-13	-22	
439	2.1950	8	-13	-22	
440	2.2000	8	-14	-22	
441	2.2050	8	-14	-23	
442	2.2100	8	-14	-23	
443	2.2150	8	-14	-23	
444	2.2200	7	-15	-23	
445	2.2250	7	-15	-23	
446	2.2300	7	-15	-23	
447	2.2350	7	-15	-24	
448	2.2400	7	-16	-24	
449	2.2450	7	-16	-24	
450	2.2500	7	-16	-24	
451	2.2550	7	-16	-24	
452	2.2600	7	-16	-24	
453	2.2650	7	-16	-24	
454	2.2700	7	-17	-24	
455	2.2750	7	-17	-24	
456	2.2800	7	-17	-24	
457	2.2850	7	-17	-24	
458	2.2900	7	-17	-24	
459	2.2950	7	-17	-24	
460	2.3000	7	-18	-24	
461	2.3050	7	-18	-24	
462	2.3100	7	-18	-24	
463	2.3150	7	-18	-24	
464	2.3200	7	-18	-24	
465	2.3250	7	-18	-24	
466	2.3300	7	-18	-24	
467	2.3350	7	-18	-24	
468	2.3400	7	-18	-24	
469	2.3450	7	-18	-24	
470	2.3500	7	-18	-24	
471	2.3550	7	-18	-23	
472	2.3600	7	-18	-23	
473	2.3650	7	-18	-23	
474	2.3700	7	-18	-23	
475	2.3750	7	-18	-23	
476	2.3800	7	-18	-23	
477	2.3850	7	-18	-22	
478	2.3900	7	-18	-22	
479	2.3950	7	-18	-22	
480	2.4000	7	-18	-22	
481	2.4050	7	-18	-22	
482	2.4100	7	-18	-22	
483	2.4150	7	-18	-22	
484	2.4200	7	-18	-21	
485	2.4250	7	-18	-21	
486	2.4300	7	-18	-21	
487	2.4350	7	-18	-20	
488	2.4400	7	-18	-20	
489	2.4450	7	-17	-20	
490	2.4500	7	-17	-20	
491	2.4550	8	-17	-20	
492	2.4600	8	-17	-19	
493	2.4650	8	-17	-19	
494	2.4700	8	-17	-19	
495	2.4750	8	-16	-18	
496	2.4800	8	-16	-18	
497	2.4850	8	-16	-18	
498	2.4900	8	-16	-18	
499	2.4950	8	-16	-17	
500	2.5000	8	-16	-17	
501	2.5050	8	-15	-17	
502	2.5100	8	-15	-16	
503	2.5150	8	-15	-16	
504	2.5200	8	-15	-16	
505	2.5250	8	-14	-16	
506	2.5300	8	-14	-15	
507	2.5350	8	-14	-15	
508	2.5400	8	-14	-14	
509	2.5450	8	-14	-14	
510	2.5500	8	-13	-14	
511	2.5550	8	-13	-13	
512	2.5600	8	-13	-13	
513	2.5650	8	-12	-12	
514	2.5700	9	-12	-12	
515	2.5750	9	-12	-12	
516	2.5800	9	-12	-12	
517	2.5850	9	-11	-11	
518	2.5900	9	-11	-11	
519	2.5950	9	-11	-10	
520	2.6000	9	-10	-10	
521	2.6050	9	-10	-10	
522	2.6100	9	-10	-9	
523	2.6150	10	-9	-8	
524	2.6200	10	-9	-8	
525	2.6250	10	-9	-8	
526	2.6300	10	-8	-7	
527	2.6350	10	-8	-7	
528	2.6400	10	-8	-6	
529	2.6450	10	-7	-6	
530	2.6500	10	-7	-6	
531	2.6550	10	-7	-5	
532	2.6600	10	-6	-5	
533	2.6650	10	-6	-4	
534	2.6700	10	-6	-4	
535	2.6750	10	-5	-4	
536	2.6800	10	-5	-3	
537	2.6850	10	-4	-3	
538	2.6900	11	-4	-2	
539	2.6950	11	-4	-2	
540	2.7000	11	-4	-1	
541	2.7050	11	-3	-1	
542	2.7100	11	-3	0	
543	2.7150	11	-2	0	
544	2.7200	11	-2	0	
545	2.7250	11	-2	1	
546	2.7300	12	-1	1	
547	2.7350	12	-1	2	
548	2.7400	12	0	2	
549	2.7450	12	0	2	
550	2.7500	12	0	3	
551	2.7550	12	1	3	
552	2.7600	12	1	4	
553	2.7650	12	2	4	
554	2.7700	12	2	4	
555	2.7750	12	2	5	
556	2.7800	12	3	5	
557	2.7850	12	3	6	
558	2.7900	12	4	6	
559	2.7950	12	4	6	
560	2.8000	12	4	7	
561	2.8050	13	5	7	
562	2.8100	13	5	8	
563	2.8150	13	5	8	
564	2.8200	13	6	8	
565	2.8250	13	6	9	
566	2.8300	13	6	9	
567	2.8350	13	7	10	
568	2.8400	13	7	10	
569	2.8450	13	8	10	
570	2.8500	14	8	10	
571	2.8550	14	8	11	
572	2.8600	14	8	11	
573	2.8650	14	9	12	
574	2.8700	14	9	12	
575	2.8750	14	10	12	
576	2.8800	14	10	12	
577	2.8850	14	10	12	
578	2.8900	14	10	13	
579	2.8950	14	11	13	
580	2.9000	14	11	14	
581	2.9050	14	12	14	
582	2.9100	14	12	14	
583	2.9150	14	12	14	
584	2.9200	14	12	14	
585	2.9250	14	13	15	
586	2.9300	14	13	15	
587	2.9350	14	13	15	
588	2.9400	14	14	15	
589	2.9450	14	14	16	
590	2.9500	15	14	16	
591	2.9550	15	14	16	
592	2.9600	15	15	16	
593	2.9650	15	15	16	
594	2.9700	15	15	16	
595	2.9750	15	16	16	
596	2.9800	15	16	17	
597	2.9850	15	16	17	
598	2.9900	15	16	17	
599	2.9950	15	16	17	
600	3.0000	15	17	17	
601	3.0050	15	17	17	
602	3.0100	15	17	17	
603	3.0150	15	17	17	
604	3.0200	15	18	18	
605	3.0250	15	18	18	
606	3.0300	16	18	18	
607	3.0350	16	18	18	
608	3.0400	16	18	18	
609	3.0450	16	18	18	
610	3.0500	16	18	18	
611	3.0550	16	19	18	
612	3.0600	16	19	18	
613	3.0650	16	19	18	
614	3.0700	16	19	18	
615	3.0750	16	19	18	
616	3.0800	16	19	18	
617	3.0850	16	19	18	
618	3.0900	16	19	17	
619	3.0950	16	20	17	
620	3.1000	16	20	17	
621	3.1050	16	20	17	
622	3.1100	16	20	17	
623	3.1150	16	20	17	
624	3.1200	16	20	17	
625	3.1250	16	20	16	
626	3.1300	16	20	16	
627	3.1350	16	20	16	
628	3.1400	16	20	16	
629	3.1450	16	20	16	
630	3.1500	16	20	16	
631	3.1550	16	20	16	
632	3.1600	16	20	16	
633	3.1650	16	20	15	
634	3.1700	16	20	15	
635	3.1750	16	20	15	
636	3.1800	16	20	14	
637	3.1850	16	20	14	
638	3.1900	15	20	14	
639	3.1950	15	20	14	
640	3.2000	15	20	14	
641	3.2050	15	20	13	
642	3.2100	15	19	13	
643	3.2150	15	19	13	
644	3.2200	15	19	12	
645	3.2250	15	19	12	
646	3.2300	15	19	12	
647	3.2350	15	19	12	
648	3.2400	15	19	11	
649	3.2450	15	18	11	
650	3.2500	15	18	10	
651	3.2550	15	18	10	
652	3.2600	15	18	10	
653	3.2650	15	18	10	
654	3.2700	14	18	9	
655	3.2750	14	18	9	
656	3.2800	14	17	8	
657	3.2850	14	17	8	
658	3.2900	14	17	8	
659	3.2950	14	17	7	
660	3.3000	14	16	7	
661	3.3050	14	16	6	
662	3.3100	14	16	6	
663	3.3150	14	16	6	
664	3.3200	14	16	5	
665	3.3250	14	15	5	
666	3.3300	14	15	4	
667	3.3350	14	15	4	
668	3.3400	14	14	4	
669	3.3450	14	14	3	
670	3.3500	14	14	3	
671	3.3550	14	14	2	
672	3.3600	14	14	2	
673	3.3650	14	13	2	
674	3.3700	13	13	1	
675	3.3750	13	12	1	
676	3.3800	13	12	0	
677	3.3850	13	12	0	
678	3.3900	13	12	-1	
679	3.3950	13	11	-1	
680	3.4000	13	11	-2	
681	3.4050	13	11	-2	
682	3.4100	12	10	-2	
683	3.4150	12	10	-3	
684	3.4200	12	10	-3	
685	3.4250	12	9	-4	
686	3.4300	12	9	-4	
687	3.4350	12	8	-5	
688	3.4400	12	8	-5	
689	3.4450	12	8	-6	
690	3.4500	12	8	-6	
691	3.4550	12	7	-6	
692	3.4600	12	7	-7	
693	3.4650	12	6	-7	
694	3.4700	12	6	-8	
695	3.4750	12	6	-8	
696	3.4800	12	5	-8	
697	3.4850	11	5	-9	
698	3.4900	11	4	-9	
699	3.4950	11	4	-10	
700	3.5000	11	4	-10	
701	3.5050	11	3	-11	
702	3.5100	11	3	-11	
703	3.5150	11	3	-12	
704	3.5200	10	2	-12	
705	3.5250	10	2	-12	
706	3.5300	10	2	-13	
707	3.5350	10	1	-13	
708	3.5400	10	1	-14	
709	3.5450	10	0	-14	
710	3.5500	10	0	-14	
711	3.5550	10	0	-14	
712	3.5600	10	-1	-15	
713	3.5650	10	-1	-15	
714	3.5700	10	-2	-16	
715	3.5750	10	-2	-16	
716	3.5800	10	-2	-16	
717	3.5850	10	-3	-16	
718	3.5900	10	-3	-17	
719	3.5950	10	-4	-17	
720	3.6000	9	-4	-18	
721	3.6050	9	-4	-18	
722	3.6100	9	-5	-18	
723	3.6150	9	-5	-18	
724	3.6200	9	-5	-19	
725	3.6250	9	-6	-19	
726	3.6300	9	-6	-19	
727	3.6350	9	-6	-20	
728	3.6400	9	-7	-20	
729	3.6450	8	-7	-20	
730	3.6500	8	-8	-20	
731	3.6550	8	-8	-21	
732	3.6600	8	-8	-21	
733	3.6650	8	-8	-21	
734	3.6700	8	-9	-21	
735	3.6750	8	-9	-22	
736	3.6800	8	-10	-22	
737	3.6850	8	-10	-22	
738	3.6900	8	-10	-22	
739	3.6950	8	-10	-22	
740	3.7000	8	-11	-22	
741	3.7050	8	-11	-23	
742	3.7100	8	-11	-23	
743	3.7150	8	-12	-23	
744	3.7200	8	-12	-23	
745	3.7250	8	-12	-23	
746	3.7300	8	-12	-23	
747	3.7350	8	-12	-24	
748	3.7400	8	-13	-24	
749	3.7450	8	-13	-24	
750	3.7500	8	-13	-24	
751	3.7550	7	-14	-24	
752	3.7600	7	-14	-24	
753	3.7650	7	-14	-24	
754	3.7700	7	-14	-24	
755	3.7750	7	-14	-24	
756	3.7800	7	-15	-24	
757	3.7850	7	-15	-24	
758	3.7900	7	-15	-24	
759	3.7950	7	-15	-24	
760	3.8000	7	-15	-24	
761	3.8050	7	-16	-24	
762	3.8100	7	-16	-24	
763	3.8150	7	-16	-24	
764	3.8200	7	-16	-24	
765	3.8250	7	-16	-24	
766	3.8300	7	-16	-24	
767	3.8350	7	-16	-24	
768	3.8400	7	-16	-24	
769	3.8450	7	-16	-24	
770	3.8500	7	-17	-24	
771	3.8550	7	-17	-24	
772	3.8600	7	-17	-24	
773	3.8650	7	-17	-24	
774	3.8700	7	-17	-24	
775	3.8750	7	-17	-23	
776	3.8800	7	-17	-23	
777	3.8850	7	-17	-23	
778	3.8900	7	-17	-23	
779	3.8950	7	-17	-23	
780	3.9000	7	-17	-22	
781	3.9050	7	-17	-22	
782	3.9100	7	-17	-22	
783	3.9150	7	-17	-22	
784	3.9200	7	-17	-22	
785	3.9250	7	-17	-22	
786	3.9300	7	-17	-22	
787	3.9350	7	-17	-21	
788	3.9400	7	-17	-21	
789	3.9450	7	-17	-21	
790	3.9500	7	-17	-20	
791	3.9550	7	-17	-20	
792	3.9600	7	-17	-20	
793	3.9650	7	-17	-20	
794	3.9700	7	-17	-20	
795	3.9750	7	-17	-19	
796	3.9800	7	-16	-19	
797	3.9850	7	-16	-19	
798	3.9900	7	-16	-18	
799	3.9950	8	-16	-18	
800	4.0000	8	-16	-18	
801	4.0050	8	-16	-18	
802	4.0100	8	-16	-17	
803	4.0150	8	-16	-17	
804	4.0200	8	-16	-16	
805	4.0250	8	-15	-16	
806	4.0300	8	-15	-16	
807	4.0350	8	-15	-16	
808	4.0400	8	-15	-15	
809	4.0450	8	-14	-15	
810	4.0500	8	-14	-14	
811	4.0550	8	-14	-14	
812	4.0600	8	-14	-14	
813	4.0650	8	-14	-14	
814	4.0700	8	-14	-13	
815	4.0750	8	-13	-13	
816	4.0800	8	-13	-12	
817	4.0850	8	-13	-12	
818	4.0900	8	-13	-12	
819	4.0950	8	-12	-11	
820	4.1000	8	-12	-11	
821	4.1050	8	-12	-10	
822	4.1100	9	-12	-10	
823	4.1150	9	-11	-10	
824	4.1200	9	-11	-9	
825	4.1250	9	-11	-9	
826	4.1300	9	-10	-8	
827	4.1350	9	-10	-8	
828	4.1400	9	-10	-8	
829	4.1450	9	-10	-7	
830	4.1500	9	-9	-7	
831	4.1550	10	-9	-6	
832	4.1600	10	-9	-6	
833	4.1650	10	-8	-6	
834	4.1700	10	-8	-5	
835	4.1750	10	-8	-5	
836	4.1800	10	-7	-4	
837	4.1850	10	-7	-4	
838	4.1900	10	-7	-4	
839	4.1950	10	-6	-3	
840	4.2000	10	-6	-3	
841	4.2050	10	-6	-2	
842	4.2100	10	-5	-2	
843	4.2150	10	-5	-1	
844	4.2200	10	-5	-1	
845	4.2250	10	-4	0	
846	4.2300	10	-4	0	
847	4.2350	11	-4	0	
848	4.2400	11	-3	1	
849	4.2450	11	-3	1	
850	4.2500	11	-2	2	
851	4.2550	11	-2	2	
852	4.2600	11	-2	2	
853	4.2650	11	-2	3	
854	4.2700	12	-1	3	
855	4.2750	12	-1	4	
856	4.2800	12	0	4	
857	4.2850	12	0	4	
858	4.2900	12	0	5	
859	4.2950	12	1	5	
860	4.3000	12	1	6	
861	4.3050	12	2	6	
862	4.3100	12	2	6	
863	4.3150	12	2	7	
864	4.3200	12	2	7	
865	4.3250	12	3	8	
866	4.3300	12	3	8	
867	4.3350	12	4	8	
868	4.3400	12	4	8	
869	4.3450	13	4	9	
870	4.3500	13	5	9	
871	4.3550	13	5	10	
872	4.3600	13	6	10	
873	4.3650	13	6	10	
874	4.3700	13	6	10	
875	4.3750	13	6	11	
876	4.3800	13	7	11	
877	4.3850	13	7	11	
878	4.3900	14	8	12	
879	4.3950	14	8	12	
880	4.4000	14	8	12	
881	4.4050	14	8	12	
882	4.4100	14	9	13	
883	4.4150	14	9	13	
884	4.4200	14	10	13	
885	4.4250	14	10	14	
886	4.4300	14	10	14	
887	4.4350	14	10	14	
888	4.4400	14	11	14	
889	4.4450	14	11	14	
890	4.4500	14	11	15	
891	4.4550	14	12	15	
892	4.4600	14	12	15	
893	4.4650	14	12	15	
894	4.4700	14	12	16	
895	4.4750	14	13	16	
896	4.4800	14	13	16	
897	4.4850	14	13	16	
898	4.4900	15	14	16	
899	4.4950	15	14	16	
900	4.5000	15	14	16	
901	4.5050	15	14	16	
902	4.5100	15	14	16	
903	4.5150	15	15	17	
904	4.5200	15	15	17	
905	4.5250	15	15	17	
906	4.5300	15	16	17	
907	4.5350	15	16	17	
908	4.5400	15	16	17	
909	4.5450	15	16	17	
910	4.5500	15	16	17	
911	4.5550	15	16	17	
912	4.5600	15	17	17	
913	4.5650	15	17	17	
914	4.5700	16	17	17	
915	4.5750	16	17	17	
916	4.5800	16	17	17	
917	4.5850	16	18	17	
918	4.5900	16	18	17	
919	4.5950	16	18	17	
920	4.6000	16	18	17	
921	4.6050	16	18	17	
922	4.6100	16	18	17	
923	4.6150	16	18	17	
924	4.6200	16	18	17	
925	4.6250	16	18	17	
926	4.6300	16	18	16	
927	4.6350	16	19	16	
928	4.6400	16	19	16	
929	4.6450	16	19	16	
930	4.6500	16	19	16	
931	4.6550	16	19	16	
932	4.6600	16	19	16	
933	4.6650	16	19	16	
934	4.6700	16	19	16	
935	4.6750	16	19	15	
936	4.6800	16	19	15	
937	4.6850	16	19	15	
938	4.6900	16	19	15	
939	4.6950	16	19	14	
940	4.7000	16	19	14	
941	4.7050	16	19	14	
942	4.7100	16	19	14	
943	4.7150	16	19	14	
944	4.7200	16	19	13	
945	4.7250	16	19	13	
946	4.7300	15	19	13	
947	4.7350	15	19	12	
948	4.7400	15	19	12	
949	4.7450	15	19	12	
950	4.7500	15	19	12	
951	4.7550	15	18	11	
952	4.7600	15	18	11	
953	4.7650	15	18	10	
954	4.7700	15	18	10	
955	4.7750	15	18	10	
956	4.7800	15	18	10	
957	4.7850	15	18	9	
958	4.7900	15	18	9	
959	4.7950	15	18	8	
960	4.8000	15	18	8	
961	4.8050	14	17	8	
962	4.8100	14	17	8	
963	4.8150	14	17	7	
964	4.8200	14	17	7	
965	4.8250	14	16	6	
966	4.8300	14	16	6	
967	4.8350	14	16	6	
968	4.8400	14	16	5	
969	4.8450	14	16	5	
970	4.8500	14	16	4	
971	4.8550	14	15	4	
972	4.8600	14	15	4	
973	4.8650	14	15	3	
974	4.8700	14	15	3	
975	4.8750	14	14	2	
976	4.8800	14	14	2	
977	4.8850	14	14	2	
978	4.8900	14	14	1	
979	4.8950	14	13	1	
980	4.9000	14	13	0	
981	4.9050	13	13	0	
982	4.9100	13	12	-1	
983	4.9150	13	12	-1	
984	4.9200	13	12	-2	
985	4.9250	13	12	-2	
986	4.9300	13	11	-2	
987	4.9350	13	11	-3	
988	4.9400	13	11	-3	
989	4.9450	13	10	-4	
990	4.9500	12	10	-4	
991	4.9550	12	10	-4	
992	4.9600	12	10	-5	
993	4.9650	12	9	-6	
994	4.9700	12	9	-6	
995	4.9750	12	8	-6	
996	4.9800	12	8	-7	
997	4.9850	12	8	-7	
998	4.9900	12	8	-8	
999	4.9950	12	7	-8	
1000	5.0000	12	7	-8	
1001	5.0050	12	6	-9	
1002	5.0100	12	6	-9	
1003	5.0150	12	6	-10	
1004	5.0200	12	6	-10	
1005	5.0250	11	5	-10	
1006	5.0300	11	5	-11	
1007	5.0350	11	4	-11	
1008	5.0400	11	4	-12	
1009	5.0450	11	4	-12	
1010	5.0500	11	3	-12	
1011	5.0550	11	3	-13	
1012	5.0600	11	2	-13	
1013	5.0650	10	2	-14	
1014	5.0700	10	2	-14	
1015	5.0750	10	2	-14	
1016	5.0800	10	1	-15	
1017	5.0850	10	1	-15	
1018	5.0900	10	0	-15	
1019	5.0950	10	0	-16	
1020	5.1000	10	0	-16	
1021	5.1050	10	-1	-16	
1022	5.1100	10	-1	-17	
1023	5.1150	10	-2	-17	
1024	5.1200	10	-2	-17	
1025	5.1250	10	-2	-18	
1026	5.1300	10	-3	-18	
1027	5.1350	10	-3	-18	
1028	5.1400	9	-3	-18	
1029	5.1450	9	-4	-19	
1030	5.1500	9	-4	-19	
1031	5.1550	9	-4	-19	
1032	5.1600	9	-5	-20	
1033	5.1650	9	-5	-20	
1034	5.1700	9	-6	-20	
1035	5.1750	9	-6	-20	
1036	5.1800	9	-6	-21	
1037	5.1850	8	-6	-21	
1038	5.1900	8	-7	-21	
1039	5.1950	8	-7	-21	
1040	5.2000	8	-8	-22	
1041	5.2050	8	-8	-22	
1042	5.2100	8	-8	-22	
1043	5.2150	8	-8	-22	
1044	5.2200	8	-9	-22	
1045	5.2250	8	-9	-22	
1046	5.2300	8	-9	-22	
1047	5.2350	8	-10	-23	
1048	5.2400	8	-10	-23	
1049	5.2450	8	-10	-23	
1050	5.2500	8	-10	-23	
1051	5.2550	8	-11	-23	
1052	5.2600	8	-11	-23	
1053	5.2650	8	-11	-24	
1054	5.2700	8	-12	-24	
1055	5.2750	8	-12	-24	
1056	5.2800	8	-12	-24	
1057	5.2850	8	-12	-24	
1058	5.2900	8	-12	-24	
1059	5.2950	7	-13	-24	
1060	5.3000	7	-13	-24	
1061	5.3050	7	-13	-24	
1062	5.3100	7	-13	-24	
1063	5.3150	7	-14	-24	
1064	5.3200	7	-14	-24	
1065	5.3250	7	-14	-24	
1066	5.3300	7	-14	-24	
1067	5.3350	7	-14	-24	
1068	5.3400	7	-14	-24	
1069	5.3450	7	-15	-24	
1070	5.3500	7	-15	-24	
1071	5.3550	7	-15	-24	
1072	5.3600	7	-15	-24	
1073	5.3650	7	-15	-24	
1074	5.3700	7	-15	-24	
1075	5.3750	7	-16	-23	
1076	5.3800	7	-16	-23	
1077	5.3850	7	-16	-23	
1078	5.3900	7	-16	-23	
1079	5.3950	7	-16	-23	
1080	5.4000	7	-16	-23	
1081	5.4050	7	-16	-23	
1082	5.4100	7	-16	-22	
1083	5.4150	7	-16	-22	
1084	5.4200	7	-16	-22	
1085	5.4250	7	-16	-22	
1086	5.4300	7	-16	-22	
1087	5.4350	7	-16	-22	
1088	5.4400	7	-16	-22	
1089	5.4450	7	-16	-21	
1090	5.4500	7	-16	-21	
1091	5.4550	7	-16	-21	
1092	5.4600	7	-16	-20	
1093	5.4650	7	-16	-20	
1094	5.4700	7	-16	-20	
1095	5.4750	7	-16	-20	
1096	5.4800	7	-16	-20	
1097	5.4850	7	-16	-19	
1098	5.4900	7	-16	-19	
1099	5.4950	7	-16	-19	
1100	5.5000	7	-16	-18	
1101	5.5050	7	-16	-18	
1102	5.5100	7	-16	-18	
1103	5.5150	7	-16	-18	
1104	5.5200	7	-16	-17	
1105	5.5250	7	-16	-17	
1106	5.5300	7	-16	-17	
1107	5.5350	8	-16	-16	
1108	5.5400	8	-15	-16	
1109	5.5450	8	-15	-16	
1110	5.5500	8	-15	-16	
1111	5.5550	8	-15	-15	
1112	5.5600	8	-15	-15	
1113	5.5650	8	-15	-14	
1114	5.5700	8	-14	-14	
1115	5.5750	8	-14	-14	
1116	5.5800	8	-14	-14	
1117	5.5850	8	-14	-13	
1118	5.5900	8	-14	-13	
1119	5.5950	8	-14	-12	
1120	5.6000	8	-14	-12	
1121	5.6050	8	-13	-12	
1122	5.6100	8	-13	-11	
1123	5.6150	8	-13	-11	
1124	5.6200	8	-13	-10	
1125	5.6250	8	-12	-10	
1126	5.6300	8	-12	-10	
1127	5.6350	8	-12	-9	
1128	5.6400	8	-12	-9	
1129	5.6450	8	-12	-8	
1130	5.6500	9	-11	-8	
1131	5.6550	9	-11	-8	
1132	5.6600	9	-11	-7	
1133	5.6650	9	-10	-7	
1134	5.6700	9	-10	-6	
1135	5.6750	9	-10	-6	
1136	5.6800	9	-10	-6	
1137	5.6850	9	-9	-5	
1138	5.6900	9	-9	-5	
1139	5.6950	10	-9	-4	
1140	5.7000	10	-8	-4	
1141	5.7050	10	-8	-4	
1142	5.7100	10	-8	-3	
1143	5.7150	10	-8	-3	
1144	5.7200	10	-7	-2	
1145	5.7250	10	-7	-2	
1146	5.7300	10	-6	-2	
1147	5.7350	10	-6	-1	
1148	5.7400	10	-6	-1	
1149	5.7450	10	-6	0	
1150	5.7500	10	-5	0	
1151	5.7550	10	-5	0	
1152	5.7600	10	-4	1	
1153	5.7650	10	-4	1	
1154	5.7700	11	-4	2	
1155	5.7750	11	-4	2	
1156	5.7800	11	-3	2	
1157	5.7850	11	-3	3	
1158	5.7900	11	-2	3	
1159	5.7950	11	-2	4	
1160	5.8000	11	-2	4	
1161	5.8050	11	-2	4	
1162	5.8100	12	-1	5	
1163	5.8150	12	-1	5	
1164	5.8200	12	0	6	
1165	5.8250	12	0	6	
1166	5.8300	12	0	6	
1167	5.8350	12	0	7	
1168	5.8400	12	1	7	
1169	5.8450	12	1	7	
1170	5.8500	12	2	8	
1171	5.8550	12	2	8	
1172	5.8600	12	2	8	
1173	5.8650	12	3	9	
1174	5.8700	12	3	9	
1175	5.8750	12	3	9	
1176	5.8800	12	4	10	
1177	5.8850	13	4	10	
1178	5.8900	13	4	10	
1179	5.8950	13	5	10	
1180	5.9000	13	5	11	
1181	5.9050	13	6	11	
1182	5.9100	13	6	11	
1183	5.9150	13	6	12	
1184	5.9200	13	6	12	
1185	5.9250	13	7	12	
1186	5.9300	14	7	12	
1187	5.9350	14	7	13	
1188	5.9400	14	8	13	
1189	5.9450	14	8	13	
1190	5.9500	14	8	13	
1191	5.9550	14	9	14	
1192	5.9600	14	9	14	
1193	5.9650	14	9	14	
1194	5.9700	14	10	14	
1195	5.9750	14	10	14	
1196	5.9800	14	10	14	
1197	5.9850	14	10	15	
1198	5.9900	14	11	15	
1199	5.9950	14	11	15	
1200	6.0000	14	11	15	
1201	6.0050	14	12	15	
1202	6.0100	14	12	16	
1203	6.0150	14	12	16	
1204	6.0200	14	12	16	
1205	6.0250	14	13	16	
1206	6.0300	15	13	16	
1207	6.0350	15	13	16	
1208	6.0400	15	13	16	
1209	6.0450	15	14	16	
1210	6.0500	15	14	16	
1211	6.0550	15	14	16	
1212	6.0600	15	14	16	
1213	6.0650	15	14	16	
1214	6.0700	15	15	16	
1215	6.0750	15	15	16	
1216	6.0800	15	15	16	
1217	6.0850	15	15	16	
1218	6.0900	15	16	16	
1219	6.0950	15	16	16	
1220	6.1000	15	16	16	
1221	6.1050	15	16	16	
1222	6.1100	16	16	16	
1223	6.1150	16	16	16	
1224	6.1200	16	16	16	
1225	6.1250	16	17	16	
1226	6.1300	16	17	16	
1227	6.1350	16	17	16	
1228	6.1400	16	17	16	
1229	6.1450	16	17	16	
1230	6.1500	16	17	16	
1231	6.1550	16	18	16	
1232	6.1600	16	18	16	
1233	6.1650	16	18	16	
1234	6.1700	16	18	15	
1235	6.1750	16	18	15	
1236	6.1800	16	18	15	
1237	6.1850	16	18	15	
1238	6.1900	16	18	15	
1239	6.1950	16	18	14	
1240	6.2000	16	18	14	
1241	6.2050	16	18	14	
1242	6.2100	16	18	14	
1243	6.2150	16	18	14	
1244	6.2200	16	18	14	
1245	6.2250	16	18	13	
1246	6.2300	16	18	13	
1247	6.2350	16	18	13	
1248	6.2400	16	18	12	
1249	6.2450	16	18	12	
1250	6.2500	16	18	12	
1251	6.2550	16	18	12	
1252	6.2600	16	18	12	
1253	6.2650	16	18	11	
1254	6.2700	15	18	11	
1255	6.2750	15	18	11	
1256	6.2800	15	18	10	
1257	6.2850	15	18	10	
1258	6.2900	15	18	10	
1259	6.2950	15	18	10	
1260	6.3000	15	18	9	
1261	6.3050	15	18	9	
1262	6.3100	15	18	8	
1263	6.3150	15	18	8	
1264	6.3200	15	17	8	
1265	6.3250	15	17	8	
1266	6.3300	15	17	7	
1267	6.3350	15	17	7	
1268	6.3400	15	17	6	
1269	6.3450	15	17	6	
1270	6.3500	14	16	6	
1271	6.3550	14	16	6	
1272	6.3600	14	16	5	
1273	6.3650	14	16	5	
1274	6.3700	14	16	4	
1275	6.3750	14	16	4	
1276	6.3800	14	16	4	
1277	6.3850	14	15	3	
1278	6.3900	14	15	3	
1279	6.3950	14	15	2	
1280	6.4000	14	15	2	
1281	6.4050	14	14	2	
1282	6.4100	14	14	1	
1283	6.4150	14	14	1	
1284	6.4200	14	14	0	
1285	6.4250	14	14	0	
1286	6.4300	14	13	0	
1287	6.4350	14	13	-1	
1288	6.4400	14	13	-1	
1289	6.4450	14	12	-2	
1290	6.4500	13	12	-2	
1291	6.4550	13	12	-2	
1292	6.4600	13	12	-3	
1293	6.4650	13	12	-3	
1294	6.4700	13	11	-4	
1295	6.4750	13	11	-4	
1296	6.4800	13	11	-4	
1297	6.4850	13	10	-5	
1298	6.4900	12	10	-5	
1299	6.4950	12	10	-6	
1300	6.5000	12	10	-6	
1301	6.5050	12	9	-6	
1302	6.5100	12	9	-7	
1303	6.5150	12	8	-8	
1304	6.5200	12	8	-8	
1305	6.5250	12	8	-8	
1306	6.5300	12	8	-8	
1307	6.5350	12	7	-9	
1308	6.5400	12	7	-9	
1309	6.5450	12	6	-10	
1310	6.5500	12	6	-10	
1311	6.5550	12	6	-10	
1312	6.5600	12	6	-11	
1313	6.5650	11	5	-11	
1314	6.5700	11	5	-12	
1315	6.5750	11	5	-12	
1316	6.5800	11	4	-12	
1317	6.5850	11	4	-13	
1318	6.5900	11	4	-13	
1319	6.5950	11	3	-14	
1320	6.6000	11	3	-14	
1321	6.6050	10	2	-14	
1322	6.6100	10	2	-14	
1323	6.6150	10	2	-15	
1324	6.6200	10	1	-15	
1325	6.6250	10	1	-16	
1326	6.6300	10	1	-16	
1327	6.6350	10	0	-16	
1328	6.6400	10	0	-16	
1329	6.6450	10	0	-17	
1330	6.6500	10	-1	-17	
1331	6.6550	10	-1	-17	
1332	6.6600	10	-1	-18	
1333	6.6650	10	-2	-18	
1334	6.6700	10	-2	-18	
1335	6.6750	10	-2	-18	
1336	6.6800	10	-3	-19	
1337	6.6850	9	-3	-19	
1338	6.6900	9	-4	-19	
1339	6.6950	9	-4	-20	
1340	6.7000	9	-4	-20	
1341	6.7050	9	-4	-20	
1342	6.7100	9	-5	-20	
1343	6.7150	9	-5	-20	
1344	6.7200	9	-6	-20	
1345	6.7250	9	-6	-21	
1346	6.7300	8	-6	-21	
1347	6.7350	8	-6	-21	
1348	6.7400	8	-7	-21	
1349	6.7450	8	-7	-22	
1350	6.7500	8	-7	-22	
1351	6.7550	8	-8	-22	
1352	6.7600	8	-8	-22	
1353	6.7650	8	-8	-22	
1354	6.7700	8	-8	-22	
1355	6.7750	8	-9	-22	
1356	6.7800	8	-9	-22	
1357	6.7850	8	-9	-22	
1358	6.7900	8	-10	-22	
1359	6.7950	8	-10	-23	
1360	6.8000	8	-10	-23	
1361	6.8050	8	-10	-23	
1362	6.8100	8	-11	-23	
1363	6.8150	8	-11	-23	
1364	6.8200	8	-11	-23	
1365	6.8250	8	-12	-23	
1366	6.8300	8	-12	-23	
1367	6.8350	8	-12	-23	
1368	6.8400	8	-12	-23	
1369	6.8450	7	-12	-23	
1370	6.8500	7	-13	-23	
1371	6.8550	7	-13	-23	
1372	6.8600	7	-13	-23	
1373	6.8650	7	-13	-23	
1374	6.8700	7	-13	-23	
1375	6.8750	7	-14	-23	
1376	6.8800	7	-14	-23	
1377	6.8850	7	-14	-23	
1378	6.8900	7	-14	-23	
1379	6.8950	7	-14	-23	
1380	6.9000	7	-14	-22	
1381	6.9050	7	-14	-22	
1382	6.9100	7	-15	-22	
1383	6.9150	7	-15	-22	
1384	6.9200	7	-15	-22	
1385	6.9250	7	-15	-22	
1386	6.9300	7	-15	-22	
1387	6.9350	7	-15	-22	
1388	6.9400	7	-15	-22	
1389	6.9450	7	-16	-21	
1390	6.9500	7	-16	-21	
1391	6.9550	7	-16	-21	
1392	6.9600	7	-16	-21	
1393	6.9650	7	-16	-21	
1394	6.9700	7	-16	-20	
1395	6.9750	7	-16	-20	
1396	6.9800	7	-16	-20	
1397	6.9850	7	-16	-20	
1398	6.9900	7	-16	-20	
1399	6.9950	7	-16	-19	
1400	7.0000	7	-16	-19	
1401	7.0050	7	-16	-19	
1402	7.0100	7	-16	-19	
1403	7.0150	7	-16	-18	
1404	7.0200	7	-16	-18	
1405	7.0250	7	-16	-18	
1406	7.0300	7	-16	-18	
1407	7.0350	7	-16	-17	
1408	7.0400	7	-16	-17	
1409	7.0450	7	-16	-17	
1410	7.0500	7	-16	-16	
1411	7.0550	7	-16	-16	
1412	7.0600	7	-16	-16	
1413	7.0650	7	-15	-16	
1414	7.0700	7	-15	-15	
1415	7.0750	7	-15	-15	
1416	7.0800	7	-15	-14	
1417	7.0850	8	-15	-14	
1418	7.0900	8	-15	-14	
1419	7.0950	8	-15	-14	
1420	7.1000	8	-14	-13	
1421	7.1050	8	-14	-13	
1422	7.1100	8	-14	-12	
1423	7.1150	8	-14	-12	
1424	7.1200	8	-14	-12	
1425	7.1250	8	-14	-11	
1426	7.1300	8	-14	-11	
1427	7.1350	8	-14	-11	
1428	7.1400	8	-13	-10	
1429	7.1450	8	-13	-10	
1430	7.1500	8	-13	-10	
1431	7.1550	8	-13	-9	
1432	7.1600	8	-12	-9	
1433	7.1650	8	-12	-8	
1434	7.1700	8	-12	-8	
1435	7.1750	8	-12	-8	
1436	7.1800	8	-12	-7	
1437	7.1850	8	-12	-7	
1438	7.1900	8	-11	-6	
1439	7.1950	8	-11	-6	
1440	7.2000	9	-11	-6	
1441	7.2050	9	-10	-5	
1442	7.2100	9	-10	-5	
1443	7.2150	9	-10	-4	
1444	7.2200	9	-10	-4	
1445	7.2250	9	-9	-4	
1446	7.2300	9	-9	-3	
1447	7.2350	9	-9	-3	
1448	7.2400	9	-8	-2	
1449	7.2450	10	-8	-2	
1450	7.2500	10	-8	-2	
1451	7.2550	10	-8	-1	
1452	7.2600	10	-7	-1	
1453	7.2650	10	-7	0	
1454	7.2700	10	-7	0	
1455	7.2750	10	-6	0	
1456	7.2800	10	-6	1	
1457	7.2850	10	-6	1	
1458	7.2900	10	-6	2	
1459	7.2950	10	-5	2	
1460	7.3000	10	-5	2	
1461	7.3050	10	-5	2	
1462	7.3100	10	-4	3	
1463	7.3150	10	-4	3	
1464	7.3200	11	-4	4	
1465	7.3250	11	-3	4	
1466	7.3300	11	-3	4	
1467	7.3350	11	-3	5	
1468	7.3400	11	-2	5	
1469	7.3450	11	-2	6	
1470	7.3500	11	-2	6	
1471	7.3550	11	-1	6	
1472	7.3600	12	-1	6	
1473	7.3650	12	-1	7	
1474	7.3700	12	0	7	
1475	7.3750	12	0	8	
1476	7.3800	12	0	8	
1477	7.3850	12	1	8	
1478	7.3900	12	1	8	
1479	7.3950	12	1	9	
1480	7.4000	12	2	9	
1481	7.4050	12	2	9	
1482	7.4100	12	2	10	
1483	7.4150	12	3	10	
1484	7.4200	12	3	10	
1485	7.4250	12	3	10	
1486	7.4300	12	4	11	
1487	7.4350	12	4	11	
1488	7.4400	13	4	11	
1489	7.4450	13	5	12	
1490	7.4500	13	5	12	
1491	7.4550	13	5	12	
1492	7.4600	13	6	12	
1493	7.4650	13	6	12	
1494	7.4700	13	6	12	
1495	7.4750	13	6	13	
1496	7.4800	14	7	13	
1497	7.4850	14	7	13	
1498	7.4900	14	7	13	
1499	7.4950	14	8	14	
1500	7.5000	14	8	14	
1501	7.5050	14	8	14	
1502	7.5100	14	9	14	
1503	7.5150	14	9	14	
1504	7.5200	14	9	14	
1505	7.5250	14	10	14	
1506	7.5300	14	10	14	
1507	7.5350	14	10	15	
1508	7.5400	14	10	15	
1509	7.5450	14	10	15	
1510	7.5500	14	11	15	
1511	7.5550	14	11	15	
1512	7.5600	14	11	15	
1513	7.5650	14	12	15	
1514	7.5700	14	12	15	
1515	7.5750	14	12	15	
1516	7.5800	15	12	16	
1517	7.5850	15	12	16	
1518	7.5900	15	13	16	
1519	7.5950	15	13	16	
1520	7.6000	15	13	16	
1521	7.6050	15	14	16	
1522	7.6100	15	14	16	
1523	7.6150	15	14	16	
1524	7.6200	15	14	16	
1525	7.6250	15	14	16	
1526	7.6300	15	14	16	
1527	7.6350	15	15	16	
1528	7.6400	15	15	16	
1529	7.6450	15	15	15	
1530	7.6500	15	15	15	
1531	7.6550	15	15	15	
1532	7.6600	16	16	15	
1533	7.6650	16	16	15	
1534	7.6700	16	16	15	
1535	7.6750	16	16	15	
1536	7.6800	16	16	15	
1537	7.6850	16	16	15	
1538	7.6900	16	16	14	
1539	7.6950	16	16	14	
1540	7.7000	16	16	14	
1541	7.7050	16	17	14	
1542	7.7100	16	17	14	
1543	7.7150	16	17	14	
1544	7.7200	16	17	14	
1545	7.7250	16	17	14	
1546	7.7300	16	17	13	
1547	7.7350	16	17	13	
1548	7.7400	16	17	13	
1549	7.7450	16	17	13	
1550	7.7500	16	17	12	
1551	7.7550	16	17	12	
1552	7.7600	16	17	12	
1553	7.7650	16	18	12	
1554	7.7700	16	18	12	
1555	7.7750	16	18	11	
1556	7.7800	16	18	11	
1557	7.7850	16	18	11	
1558	7.7900	16	18	10	
1559	7.7950	16	18	10	
1560	7.8000	16	18	10	
1561	7.8050	16	18	10	
1562	7.8100	16	18	10	
1563	7.8150	16	17	9	
1564	7.8200	15	17	9	
1565	7.8250	15	17	9	
1566	7.8300	15	17	8	
1567	7.8350	15	17	8	
1568	7.8400	15	17	8	
1569	7.8450	15	17	8	
1570	7.8500	15	17	7	
1571	7.8550	15	17	7	
1572	7.8600	15	17	6	
1573	7.8650	15	17	6	
1574	7.8700	15	16	6	
1575	7.8750	15	16	6	
1576	7.8800	15	16	5	
1577	7.8850	15	16	5	
1578	7.8900	15	16	4	
1579	7.8950	14	16	4	
1580	7.9000	14	16	4	
1581	7.9050	14	16	3	
1582	7.9100	14	16	3	
1583	7.9150	14	15	3	
1584	7.9200	14	15	2	
1585	7.9250	14	15	2	
1586	7.9300	14	15	2	
1587	7.9350	14	15	1	
1588	7.9400	14	14	1	
1589	7.9450	14	14	0	
1590	7.9500	14	14	0	
1591	7.9550	14	14	0	
1592	7.9600	14	14	-1	
1593	7.9650	14	14	-1	
1594	7.9700	14	13	-2	
1595	7.9750	14	13	-2	
1596	7.9800	14	13	-2	
1597	7.9850	14	12	-2	
1598	7.9900	14	12	-3	
1599	7.9950	14	12	-3	
1600	8.0000	13	12	-4	
1601	8.0050	13	12	-4	
1602	8.0100	13	11	-4	
1603	8.0150	13	11	-5	
1604	8.0200	13	11	-5	
1605	8.0250	13	10	-6	
1606	8.0300	13	10	-6	
1607	8.0350	13	10	-6	
1608	8.0400	12	10	-7	
1609	8.0450	12	9	-7	
1610	8.0500	12	9	-8	
1611	8.0550	12	9	-8	
1612	8.0600	12	8	-8	
1613	8.0650	12	8	-9	
1614	8.0700	12	8	-9	
1615	8.0750	12	8	-9	
1616	8.0800	12	7	-10	
1617	8.0850	12	7	-10	
1618	8.0900	12	7	-10	
1619	8.0950	12	6	-11	
1620	8.1000	12	6	-11	
1621	8.1050	12	6	-12	
1622	8.1100	12	6	-12	
1623	8.1150	11	5	-12	
1624	8.1200	11	5	-12	
1625	8.1250	11	4	-13	
1626	8.1300	11	4	-13	
1627	8.1350	11	4	-14	
1628	8.1400	11	4	-14	
1629	8.1450	11	3	-14	
1630	8.1500	11	3	-14	
1631	8.1550	10	2	-15	
1632	8.1600	10	2	-15	
1633	8.1650	10	2	-15	
1634	8.1700	10	2	-16	
1635	8.1750	10	1	-16	
1636	8.1800	10	1	-16	
1637	8.1850	10	0	-16	
1638	8.1900	10	0	-17	
1639	8.1950	10	0	-17	
1640	8.2000	10	0	-17	
1641	8.2050	10	-1	-18	
1642	8.2100	10	-1	-18	
1643	8.2150	10	-2	-18	
1644	8.2200	10	-2	-18	
1645	8.2250	10	-2	-18	
1646	8.2300	9	-3	-18	
1647	8.2350	9	-3	-19	
1648	8.2400	9	-3	-19	
1649	8.2450	9	-4	-19	
1650	8.2500	9	-4	-20	
1651	8.2550	9	-4	-20	
1652	8.2600	9	-4	-20	
1653	8.2650	9	-5	-20	
1654	8.2700	9	-5	-20	
1655	8.2750	8	-6	-20	
1656	8.2800	8	-6	-20	
1657	8.2850	8	-6	-20	
1658	8.2900	8	-6	-21	
1659	8.2950	8	-7	-21	
1660	8.3000	8	-7	-21	
1661	8.3050	8	-7	-21	
1662	8.3100	8	-8	-21	
1663	8.3150	8	-8	-21	
1664	8.3200	8	-8	-22	
1665	8.3250	8	-8	-22	
1666	8.3300	8	-9	-22	
1667	8.3350	8	-9	-22	
1668	8.3400	8	-9	-22	
1669	8.3450	8	-10	-22	
1670	8.3500	8	-10	-22	
1671	8.3550	8	-10	-22	
1672	8.3600	8	-10	-22	
1673	8.3650	8	-10	-22	
1674	8.3700	8	-11	-22	
1675	8.3750	8	-11	-22	
1676	8.3800	8	-11	-22	
1677	8.3850	8	-12	-22	
1678	8.3900	7	-12	-22	
1679	8.3950	7	-12	-22	
1680	8.4000	7	-12	-22	
1681	8.4050	7	-12	-22	
1682	8.4100	7	-12	-22	
1683	8.4150	7	-13	-22	
1684	8.4200	7	-13	-22	
1685	8.4250	7	-13	-22	
1686	8.4300	7	-13	-22	
1687	8.4350	7	-14	-22	
1688	8.4400	7	-14	-21	
1689	8.4450	7	-14	-21	
1690	8.4500	7	-14	-21	
1691	8.4550	7	-14	-21	
1692	8.4600	7	-14	-21	
1693	8.4650	7	-14	-21	
1694	8.4700	7	-14	-21	
1695	8.4750	7	-14	-20	
1696	8.4800	7	-15	-20	
1697	8.4850	7	-15	-20	
1698	8.4900	7	-15	-20	
1699	8.4950	7	-15	-20	
1700	8.5000	7	-15	-20	
1701	8.5050	7	-15	-20	
1702	8.5100	7	-15	-19	
1703	8.5150	7	-15	-19	
1704	8.5200	7	-15	-19	
1705	8.5250	7	-15	-19	
1706	8.5300	7	-15	-18	
1707	8.5350	7	-16	-18	
1708	8.5400	7	-16	-18	
1709	8.5450	7	-16	-18	
1710	8.5500	7	-16	-18	
1711	8.5550	7	-16	-17	
1712	8.5600	7	-16	-17	
1713	8.5650	7	-16	-17	
1714	8.5700	7	-16	-16	
1715	8.5750	7	-16	-16	
1716	8.5800	7	-16	-16	
1717	8.5850	7	-15	-16	
1718	8.5900	7	-15	-15	
1719	8.5950	7	-15	-15	
1720	8.6000	7	-15	-15	
1721	8.6050	7	-15	-14	
1722	8.6100	7	-15	-14	
1723	8.6150	7	-15	-14	
1724	8.6200	7	-15	-14	
1725	8.6250	8	-15	-13	
1726	8.6300	8	-15	-13	
1727	8.6350	8	-15	-12	
1728	8.6400	8	-14	-12	
1729	8.6450	8	-14	-12	
1730	8.6500	8	-14	-12	
1731	8.6550	8	-14	-11	
1732	8.6600	8	-14	-11	
1733	8.6650	8	-14	-10	
1734	8.6700	8	-14	-10	
1735	8.6750	8	-14	-10	
1736	8.6800	8	-14	-9	
1737	8.6850	8	-13	-9	
1738	8.6900	8	-13	-9	
1739	8.6950	8	-13	-8	
1740	8.7000	8	-13	-8	
1741	8.7050	8	-12	-8	
1742	8.7100	8	-12	-7	
1743	8.7150	8	-12	-7	
1744	8.7200	8	-12	-6	
1745	8.7250	8	-12	-6	
1746	8.7300	8	-12	-6	
1747	8.7350	8	-11	-5	
1748	8.7400	9	-11	-5	
1749	8.7450	9	-11	-4	
1750	8.7500	9	-10	-4	
1751	8.7550	9	-10	-4	
1752	8.7600	9	-10	-3	
1753	8.7650	9	-10	-3	
1754	8.7700	9	-10	-3	
1755	8.7750	9	-9	-2	
1756	8.7800	9	-9	-2	
1757	8.7850	10	-9	-2	
1758	8.7900	10	-8	-1	
1759	8.7950	10	-8	-1	
1760	8.8000	10	-8	0	
1761	8.8050	10	-8	0	
1762	8.8100	10	-7	0	
1763	8.8150	10	-7	1	
1764	8.8200	10	-7	1	
1765	8.8250	10	-6	2	
1766	8.8300	10	-6	2	
1767	8.8350	10	-6	2	
1768	8.8400	10	-6	2	
1769	8.8450	10	-5	3	
1770	8.8500	10	-5	3	
1771	8.8550	10	-5	4	
1772	8.8600	10	-4	4	
1773	8.8650	11	-4	4	
1774	8.8700	11	-4	4	
1775	8.8750	11	-3	5	
1776	8.8800	11	-3	5	
1777	8.8850	11	-3	6	
1778	8.8900	11	-2	6	
1779	8.8950	11	-2	6	
1780	8.9000	12	-2	6	
1781	8.9050	12	-2	7	
1782	8.9100	12	-1	7	
1783	8.9150	12	-1	8	
1784	8.9200	12	0	8	
1785	8.9250	12	0	8	
1786	8.9300	12	0	8	
1787	8.9350	12	0	9	
1788	8.9400	12	1	9	
1789	8.9450	12	1	9	
1790	8.9500	12	2	10	
1791	8.9550	12	2	10	
1792	8.9600	12	2	10	
1793	8.9650	12	2	10	
1794	8.9700	12	3	10	
1795	8.9750	12	3	11	
1796	8.9800	13	4	11	
1797	8.9850	13	4	11	
1798	8.9900	13	4	11	
1799	8.9950	13	4	12	
1800	9.0000	13	5	12	
1801	9.0050	13	5	12	
1802	9.0100	13	6	12	
1803	9.0150	13	6	12	
1804	9.0200	14	6	12	
1805	9.0250	14	6	13	
1806	9.0300	14	7	13	
1807	9.0350	14	7	13	
1808	9.0400	14	7	13	
1809	9.0450	14	8	13	
1810	9.0500	14	8	13	
1811	9.0550	14	8	14	
1812	9.0600	14	8	14	
1813	9.0650	14	9	14	
1814	9.0700	14	9	14	
1815	9.0750	14	9	14	
1816	9.0800	14	10	14	
1817	9.0850	14	10	14	
1818	9.0900	14	10	14	
1819	9.0950	14	10	14	
1820	9.1000	14	11	14	
1821	9.1050	14	11	14	
1822	9.1100	14	11	14	
1823	9.1150	14	12	14	
1824	9.1200	14	12	14	
1825	9.1250	15	12	14	
1826	9.1300	15	12	14	
1827	9.1350	15	12	14	
1828	9.1400	15	13	14	
1829	9.1450	15	13	14	
1830	9.1500	15	13	14	
1831	9.1550	15	13	14	
1832	9.1600	15	14	14	
1833	9.1650	15	14	14	
1834	9.1700	15	14	14	
1835	9.1750	15	14	14	
1836	9.1800	15	14	14	
1837	9.1850	15	14	14	
1838	9.1900	15	15	14	
1839	9.1950	15	15	14	
1840	9.2000	15	15	14	
1841	9.2050	16	15	14	
1842	9.2100	16	15	14	
1843	9.2150	16	16	14	
1844	9.2200	16	16	14	
1845	9.2250	16	16	14	
1846	9.2300	16	16	13	
1847	9.2350	16	16	13	
1848	9.2400	16	16	13	
1849	9.2450	16	16	13	
1850	9.2500	16	16	13	
1851	9.2550	16	16	12	
1852	9.2600	16	16	12	
1853	9.2650	16	17	12	
1854	9.2700	16	17	12	
1855	9.2750	16	17	12	
1856	9.2800	16	17	12	
1857	9.2850	16	17	12	
1858	9.2900	16	17	11	
1859	9.2950	16	17	11	
1860	9.3000	16	17	11	
1861	9.3050	16	17	10	
1862	9.3100	16	17	10	
1863	9.3150	16	17	10	
1864	9.3200	16	17	10	
1865	9.3250	16	17	10	
1866	9.3300	16	17	9	
1867	9.3350	16	17	9	
1868	9.3400	16	17	9	
1869	9.3450	16	17	8	
1870	9.3500	16	17	8	
1871	9.3550	16	17	8	
1872	9.3600	15	17	8	
1873	9.3650	15	17	8	
1874	9.3700	15	17	7	
1875	9.3750	15	17	7	
1876	9.3800	15	17	6	
1877	9.3850	15	17	6	
1878	9.3900	15	17	6	
1879	9.3950	15	17	6	
1880	9.4000	15	17	5	
1881	9.4050	15	17	5	
1882	9.4100	15	16	5	
1883	9.4150	15	16	4	
1884	9.4200	15	16	4	
1885	9.4250	15	16	4	
1886	9.4300	15	16	4	
1887	9.4350	15	16	3	
1888	9.4400	14	16	3	
1889	9.4450	14	16	2	
1890	9.4500	14	16	2	
1891	9.4550	14	16	2	
1892	9.4600	14	15	1	
1893	9.4650	14	15	1	
1894	9.4700	14	15	1	
1895	9.4750	14	15	0	
1896	9.4800	14	15	0	
1897	9.4850	14	14	0	
1898	9.4900	14	14	-1	
1899	9.4950	14	14	-1	
1900	9.5000	14	14	-2	
1901	9.5050	14	14	-2	
1902	9.5100	14	14	-2	
1903	9.5150	14	13	-2	
1904	9.5200	14	13	-3	
1905	9.5250	14	13	-3	
1906	9.5300	14	13	-4	
1907	9.5350	14	12	-4	
1908	9.5400	13	12	-4	
1909	9.5450	13	12	-4	
1910	9.5500	13	12	-5	
1911	9.5550	13	12	-5	
1912	9.5600	13	11	-6	
1913	9.5650	13	11	-6	
1914	9.5700	13	11	-6	
1915	9.5750	13	10	-7	
1916	9.5800	12	10	-7	
1917	9.5850	12	10	-7	
1918	9.5900	12	10	-8	
1919	9.5950	12	10	-8	
1920	9.6000	12	9	-8	
1921	9.6050	12	9	-9	
1922	9.6100	12	8	-9	
1923	9.6150	12	8	-10	
1924	9.6200	12	8	-10	
1925	9.6250	12	8	-10	
1926	9.6300	12	7	-10	
1927	9.6350	12	7	-11	
1928	9.6400	12	7	-11	
1929	9.6450	12	6	-11	
1930	9.6500	12	6	-12	
1931	9.6550	11	6	-12	
1932	9.6600	11	6	-12	
1933	9.6650	11	5	-12	
1934	9.6700	11	5	-13	
1935	9.6750	11	5	-13	
1936	9.6800	11	4	-14	
1937	9.6850	11	4	-14	
1938	9.6900	11	4	-14	
1939	9.6950	10	3	-14	
1940	9.7000	10	3	-14	
1941	9.7050	10	3	-15	
1942	9.7100	10	2	-15	
1943	9.7150	10	2	-15	
1944	9.7200	10	2	-16	
1945	9.7250	10	1	-16	
1946	9.7300	10	1	-16	
1947	9.7350	10	1	-16	
1948	9.7400	10	0	-16	
1949	9.7450	10	0	-17	
1950	9.7500	10	0	-17	
1951	9.7550	10	-1	-17	
1952	9.7600	10	-1	-17	
1953	9.7650	10	-1	-18	
1954	9.7700	10	-2	-18	
1955	9.7750	9	-2	-18	
1956	9.7800	9	-2	-18	
1957	9.7850	9	-3	-18	
1958	9.7900	9	-3	-18	
1959	9.7950	9	-3	-19	
1960	9.8000	9	-4	-19	
1961	9.8050	9	-4	-19	
1962	9.8100	9	-4	-19	
1963	9.8150	9	-4	-19	
1964	9.8200	8	-5	-20	
1965	9.8250	8	-5	-20	
1966	9.8300	8	-6	-20	
1967	9.8350	8	-6	-20	
1968	9.8400	8	-6	-20	
1969	9.8450	8	-6	-20	
1970	9.8500	8	-7	-20	
1971	9.8550	8	-7	-20	
1972	9.8600	8	-7	-20	
1973	9.8650	8	-8	-20	
1974	9.8700	8	-8	-20	
1975	9.8750	8	-8	-20	
1976	9.8800	8	-8	-20	
1977	9.8850	8	-9	-20	
1978	9.8900	8	-9	-20	
1979	9.8950	8	-9	-21	
1980	9.9000	8	-10	-21	
1981	9.9050	8	-10	-21	
1982	9.9100	8	-10	-21	
1983	9.9150	8	-10	-21	
1984	9.9200	8	-10	-21	
1985	9.9250	8	-11	-21	
1986	9.9300	7	-11	-21	
1987	9.9350	7	-11	-21	
1988	9.9400	7	-12	-21	
1989	9.9450	7	-12	-20	
1990	9.9500	7	-12	-20	
1991	9.9550	7	-12	-20	
1992	9.9600	7	-12	-20	
1993	9.9650	7	-12	-20	
1994	9.9700	7	-13	-20	
1995	9.9750	7	-13	-20	
1996	9.9800	7	-13	-20	
1997	9.9850	7	-13	-20	
1998	9.9900	7	-13	-20	
1999	9.9950	7	-14	-20	
2000	10.0000	7	-14	-20	
2001	10.0050	7	-14	-20	
2002	10.0100	7	-14	-20	
2003	10.0150	7	-14	-19	
2004	10.0200	7	-14	-19	
2005	10.0250	7	-14	-19	
2006	10.0300	7	-14	-19	
2007	10.0350	7	-14	-19	
2008	10.0400	7	-15	-18	
2009	10.0450	7	-15	-18	
2010	10.0500	7	-15	-18	
2011	10.0550	7	-15	-18	
2012	10.0600	7	-15	-18	
2013	10.0650	7	-15	-18	
2014	10.0700	7	-15	-17	
2015	10.0750	7	-15	-17	
2016	10.0800	7	-15	-17	
2017	10.0850	7	-15	-17	
2018	10.0900	7	-15	-16	
2019	10.0950	7	-15	-16	
2020	10.1000	7	-15	-16	
2021	10.1050	7	-15	-16	
2022	10.1100	7	-15	-16	
2023	10.1150	7	-15	-15	
2024	10.1200	7	-15	-15	
2025	10.1250	7	-15	-15	
2026	10.1300	7	-15	-14	
2027	10.1350	7	-15	-14	
2028	10.1400	7	-15	-14	
2029	10.1450	7	-15	-14	
2030	10.1500	7	-15	-13	
2031	10.1550	7	-15	-13	
2032	10.1600	7	-15	-13	
2033	10.1650	7	-15	-12	
2034	10.1700	8	-15	-12	
2035	10.1750	8	-15	-12	
2036	10.1800	8	-15	-12	
2037	10.1850	8	-15	-11	
2038	10.1900	8	-14	-11	
2039	10.1950	8	-14	-10	
2040	10.2000	8	-14	-10	
2041	10.2050	8	-14	-10	
2042	10.2100	8	-14	-10	
2043	10.2150	8	-14	-9	
2044	10.2200	8	-14	-9	
2045	10.2250	8	-14	-8	
2046	10.2300	8	-14	-8	
2047	10.2350	8	-13	-8	
2048	10.2400	8	-13	-7	
2049	10.2450	8	-13	-7	
2050	10.2500	8	-13	-7	
2051	10.2550	8	-13	-6	
2052	10.2600	8	-12	-6	
2053	10.2650	8	-12	-6	
2054	10.2700	8	-12	-5	
2055	10.2750	8	-12	-5	
2056	10.2800	8	-12	-4	
2057	10.2850	9	-12	-4	
2058	10.2900	9	-11	-4	
2059	10.2950	9	-11	-4	
2060	10.3000	9	-11	-3	
2061	10.3050	9	-10	-3	
2062	10.3100	9	-10	-2	
2063	10.3150	9	-10	-2	
2064	10.3200	9	-10	-2	
2065	10.3250	9	-10	-1	
2066	10.3300	10	-9	-1	
2067	10.3350	10	-9	-1	
2068	10.3400	10	-9	0	
2069	10.3450	10	-8	0	
2070	10.3500	10	-8	0	
2071	10.3550	10	-8	1	
2072	10.3600	10	-8	1	
2073	10.3650	10	-7	2	
2074	10.3700	10	-7	2	
2075	10.3750	10	-7	2	
2076	10.3800	10	-6	2	
2077	10.3850	10	-6	3	
2078	10.3900	10	-6	3	
2079	10.3950	10	-6	4	
2080	10.4000	10	-5	4	
2081	10.4050	11	-5	4	
2082	10.4100	11	-4	4	
2083	10.4150	11	-4	5	
2084	10.4200	11	-4	5	
2085	10.4250	11	-4	5	
2086	10.4300	11	-3	6	
2087	10.4350	11	-3	6	
2088	10.4400	11	-3	6	
2089	10.4450	12	-2	6	
2090	10.4500	12	-2	7	
2091	10.4550	12	-2	7	
2092	10.4600	12	-1	7	
2093	10.4650	12	-1	8	
2094	10.4700	12	-1	8	
2095	10.4750	12	0	8	
2096	10.4800	12	0	8	
2097	10.4850	12	0	9	
2098	10.4900	12	1	9	
2099	10.4950	12	1	9	
2100	10.5000	12	1	10	
2101	10.5050	12	2	10	
2102	10.5100	12	2	10	
2103	10.5150	12	2	10	
2104	10.5200	13	3	10	
2105	10.5250	13	3	10	
2106	10.5300	13	3	11	
2107	10.5350	13	4	11	
2108	10.5400	13	4	11	
2109	10.5450	13	4	11	
2110	10.5500	13	4	12	
2111	10.5550	13	5	12	
2112	10.5600	13	5	12	
2113	10.5650	14	6	12	
2114	10.5700	14	6	12	
2115	10.5750	14	6	12	
2116	10.5800	14	6	12	
2117	10.5850	14	7	12	
2118	10.5900	14	7	12	
2119	10.5950	14	7	13	
2120	10.6000	14	8	13	
2121	10.6050	14	8	13	
2122	10.6100	14	8	13	
2123	10.6150	14	8	13	
2124	10.6200	14	9	13	
2125	10.6250	14	9	13	
2126	10.6300	14	9	13	
2127	10.6350	14	10	14	
2128	10.6400	14	10	14	
2129	10.6450	14	10	14	
2130	10.6500	14	10	14	
2131	10.6550	14	11	14	
2132	10.6600	14	11	14	
2133	10.6650	15	11	14	
2134	10.6700	15	12	14	
2135	10.6750	15	12	14	
2136	10.6800	15	12	14	
2137	10.6850	15	12	14	
2138	10.6900	15	12	14	
2139	10.6950	15	13	14	
2140	10.7000	15	13	14	
2141	10.7050	15	13	14	
2142	10.7100	15	13	14	
2143	10.7150	15	14	14	
2144	10.7200	15	14	13	
2145	10.7250	15	14	13	
2146	10.7300	15	14	13	
2147	10.7350	15	14	13	
2148	10.7400	15	14	13	
2149	10.7450	16	15	13	
2150	10.7500	16	15	13	
2151	10.7550	16	15	13	
2152	10.7600	16	15	12	
2153	10.7650	16	15	12	
2154	10.7700	16	16	12	
2155	10.7750	16	16	12	
2156	10.7800	16	16	12	
2157	10.7850	16	16	12	
2158	10.7900	16	16	12	
2159	10.7950	16	16	12	
2160	10.8000	16	16	12	
