#	time(s)	count A	count B	count C	count D
1	0.0050	7	10	-12	
2	0.0100	7	10	-12	
3	0.0150	7	9	-12	
4	0.0200	7	9	-12	
5	0.0250	7	9	-12	
6	0.0300	7	9	-12	
7	0.0350	7	8	-12	
8	0.0400	7	8	-12	
9	0.0450	7	8	-12	
10	0.0500	8	8	-12	
11	0.0550	8	8	-12	
12	0.0600	8	7	-12	
13	0.0650	8	7	-12	
14	0.0700	8	7	-12	
15	0.0750	8	6	-12	
16	0.0800	8	6	-12	
17	0.0850	8	6	-12	
18	0.0900	8	6	-12	
19	0.0950	8	6	-12	
20	0.1000	8	5	-12	
21	0.1050	8	5	-12	
22	0.1100	8	5	-12	
23	0.1150	8	4	-12	
24	0.1200	8	4	-12	
25	0.1250	8	4	-12	
26	0.1300	8	4	-12	
27	0.1350	8	3	-12	
28	0.1400	8	3	-12	
29	0.1450	8	3	-12	
30	0.1500	9	2	-12	
31	0.1550	9	2	-12	
32	0.1600	9	2	-11	
33	0.1650	9	2	-11	
34	0.1700	9	1	-11	
35	0.1750	9	1	-11	
36	0.1800	9	1	-11	
37	0.1850	9	0	-11	
38	0.1900	10	0	-11	
39	0.1950	10	0	-11	
40	0.2000	10	0	-10	
41	0.2050	10	-1	-10	
42	0.2100	10	-1	-10	
43	0.2150	10	-1	-10	
44	0.2200	10	-2	-10	
45	0.2250	10	-2	-10	
46	0.2300	10	-2	-10	
47	0.2350	10	-2	-10	
48	0.2400	10	-3	-10	
49	0.2450	10	-3	-9	
50	0.2500	10	-3	-9	
51	0.2550	11	-4	-9	
52	0.2600	11	-4	-9	
53	0.2650	11	-4	-9	
54	0.2700	11	-4	-8	
55	0.2750	11	-4	-8	
56	0.2800	11	-5	-8	
57	0.2850	11	-5	-8	
58	0.2900	12	-5	-8	
59	0.2950	12	-6	-8	
60	0.3000	12	-6	-8	
61	0.3050	12	-6	-7	
62	0.3100	12	-6	-7	
63	0.3150	12	-6	-7	
64	0.3200	12	-7	-7	
65	0.3250	12	-7	-6	
66	0.3300	12	-7	-6	
67	0.3350	12	-7	-6	
68	0.3400	12	-8	-6	
69	0.3450	12	-8	-6	
70	0.3500	12	-8	-5	
71	0.3550	12	-8	-5	
72	0.3600	13	-8	-5	
73	0.3650	13	-8	-5	
74	0.3700	13	-9	-4	
75	0.3750	13	-9	-4	
76	0.3800	13	-9	-4	
77	0.3850	13	-9	-4	
78	0.3900	13	-9	-4	
79	0.3950	14	-10	-4	
80	0.4000	14	-10	-3	
81	0.4050	14	-10	-3	
82	0.4100	14	-10	-3	
83	0.4150	14	-10	-3	
84	0.4200	14	-10	-2	
85	0.4250	14	-10	-2	
86	0.4300	14	-10	-2	
87	0.4350	14	-10	-2	
88	0.4400	14	-10	-2	
89	0.4450	14	-11	-2	
90	0.4500	14	-11	-1	
91	0.4550	14	-11	-1	
92	0.4600	14	-11	-1	
93	0.4650	14	-11	-1	
94	0.4700	14	-11	0	
95	0.4750	14	-11	0	
96	0.4800	14	-11	0	
97	0.4850	15	-11	0	
98	0.4900	15	-11	0	
99	0.4950	15	-11	0	
100	0.5000	15	-11	1	
101	0.5050	15	-11	1	
102	0.5100	15	-11	1	
103	0.5150	15	-11	1	
104	0.5200	15	-11	2	
105	0.5250	15	-11	2	
106	0.5300	15	-11	2	
107	0.5350	15	-11	2	
108	0.5400	15	-11	2	
109	0.5450	15	-11	2	
110	0.5500	15	-11	2	
111	0.5550	16	-11	3	
112	0.5600	16	-11	3	
113	0.5650	16	-11	3	
114	0.5700	16	-11	3	
115	0.5750	16	-11	3	
116	0.5800	16	-11	4	
117	0.5850	16	-11	4	
118	0.5900	16	-10	4	
119	0.5950	16	-10	4	
120	0.6000	16	-10	4	
121	0.6050	16	-10	4	
122	0.6100	16	-10	4	
123	0.6150	16	-10	4	
124	0.6200	16	-10	4	
125	0.6250	16	-10	4	
126	0.6300	16	-10	4	
127	0.6350	16	-9	5	
128	0.6400	16	-9	5	
129	0.6450	16	-9	5	
130	0.6500	16	-9	5	
131	0.6550	16	-9	5	
132	0.6600	16	-8	5	
133	0.6650	16	-8	5	
134	0.6700	16	-8	5	
135	0.6750	16	-8	5	
136	0.6800	15	-8	5	
137	0.6850	15	-8	5	
138	0.6900	15	-7	5	
139	0.6950	15	-7	5	
140	0.7000	15	-7	5	
141	0.7050	15	-7	5	
142	0.7100	15	-6	5	
143	0.7150	15	-6	5	
144	0.7200	15	-6	5	
145	0.7250	15	-6	5	
146	0.7300	15	-6	5	
147	0.7350	15	-5	5	
148	0.7400	15	-5	5	
149	0.7450	15	-5	5	
150	0.7500	14	-5	5	
151	0.7550	14	-4	5	
152	0.7600	14	-4	5	
153	0.7650	14	-4	5	
154	0.7700	14	-4	5	
155	0.7750	14	-3	5	
156	0.7800	14	-3	5	
157	0.7850	14	-3	5	
158	0.7900	14	-2	5	
159	0.7950	14	-2	5	
160	0.8000	14	-2	5	
161	0.8050	14	-2	4	
162	0.8100	14	-1	4	
163	0.8150	14	-1	4	
164	0.8200	14	-1	4	
165	0.8250	14	0	4	
166	0.8300	14	0	4	
167	0.8350	14	0	4	
168	0.8400	13	0	4	
169	0.8450	13	1	4	
170	0.8500	13	1	4	
171	0.8550	13	1	4	
172	0.8600	13	2	3	
173	0.8650	13	2	3	
174	0.8700	13	2	3	
175	0.8750	12	2	3	
176	0.8800	12	3	3	
177	0.8850	12	3	3	
178	0.8900	12	3	2	
179	0.8950	12	4	2	
180	0.9000	12	4	2	
181	0.9050	12	4	2	
182	0.9100	12	4	2	
183	0.9150	12	4	2	
184	0.9200	12	5	2	
185	0.9250	12	5	1	
186	0.9300	12	5	1	
187	0.9350	12	6	1	
188	0.9400	11	6	1	
189	0.9450	11	6	0	
190	0.9500	11	6	0	
191	0.9550	11	7	0	
192	0.9600	11	7	0	
193	0.9650	11	7	0	
194	0.9700	11	7	0	
195	0.9750	10	8	-1	
196	0.9800	10	8	-1	
197	0.9850	10	8	-1	
198	0.9900	10	8	-1	
199	0.9950	10	8	-2	
200	1.0000	10	9	-2	
201	1.0050	10	9	-2	
202	1.0100	10	9	-2	
203	1.0150	10	10	-2	
204	1.0200	10	10	-2	
205	1.0250	10	10	-3	
206	1.0300	10	10	-3	
207	1.0350	10	10	-3	
208	1.0400	9	10	-3	
209	1.0450	9	10	-4	
210	1.0500	9	11	-4	
211	1.0550	9	11	-4	
212	1.0600	9	11	-4	
213	1.0650	9	11	-4	
214	1.0700	9	11	-5	
215	1.0750	9	12	-5	
216	1.0800	8	12	-5	
217	1.0850	8	12	-5	
218	1.0900	8	12	-6	
219	1.0950	8	12	-6	
220	1.1000	8	12	-6	
221	1.1050	8	12	-6	
222	1.1100	8	12	-6	
223	1.1150	8	12	-6	
224	1.1200	8	12	-7	
225	1.1250	8	13	-7	
226	1.1300	8	13	-7	
227	1.1350	8	13	-7	
228	1.1400	8	13	-8	
229	1.1450	8	13	-8	
230	1.1500	8	13	-8	
231	1.1550	8	13	-8	
232	1.1600	8	13	-8	
233	1.1650	8	13	-8	
234	1.1700	8	13	-9	
235	1.1750	8	13	-9	
236	1.1800	8	13	-9	
237	1.1850	7	13	-9	
238	1.1900	7	13	-9	
239	1.1950	7	13	-10	
240	1.2000	7	13	-10	
241	1.2050	7	13	-10	
242	1.2100	7	13	-10	
243	1.2150	7	13	-10	
244	1.2200	7	13	-10	
245	1.2250	7	13	-10	
246	1.2300	7	13	-10	
247	1.2350	7	13	-11	
248	1.2400	7	13	-11	
249	1.2450	7	13	-11	
250	1.2500	7	13	-11	
251	1.2550	7	12	-11	
252	1.2600	7	12	-11	
253	1.2650	7	12	-12	
254	1.2700	7	12	-12	
255	1.2750	7	12	-12	
256	1.2800	7	12	-12	
257	1.2850	7	12	-12	
258	1.2900	7	12	-12	
259	1.2950	7	12	-12	
260	1.3000	7	12	-12	
261	1.3050	7	11	-12	
262	1.3100	7	11	-12	
263	1.3150	7	11	-12	
264	1.3200	7	11	-12	
265	1.3250	7	11	-12	
266	1.3300	7	10	-12	
267	1.3350	7	10	-12	
268	1.3400	7	10	-12	
269	1.3450	7	10	-12	
270	1.3500	7	10	-13	
271	1.3550	7	10	-13	
272	1.3600	7	9	-13	
273	1.3650	7	9	-13	
274	1.3700	7	9	-13	
275	1.3750	7	9	-13	
276	1.3800	8	8	-13	
277	1.3850	8	8	-13	
278	1.3900	8	8	-13	
279	1.3950	8	8	-13	
280	1.4000	8	8	-13	
281	1.4050	8	7	-13	
282	1.4100	8	7	-12	
283	1.4150	8	7	-12	
284	1.4200	8	6	-12	
285	1.4250	8	6	-12	
286	1.4300	8	6	-12	
287	1.4350	8	6	-12	
288	1.4400	8	6	-12	
289	1.4450	8	5	-12	
290	1.4500	8	5	-12	
291	1.4550	8	5	-12	
292	1.4600	8	4	-12	
293	1.4650	8	4	-12	
294	1.4700	8	4	-12	
295	1.4750	8	4	-12	
296	1.4800	9	3	-12	
297	1.4850	9	3	-12	
298	1.4900	9	3	-11	
299	1.4950	9	2	-11	
300	1.5000	9	2	-11	
301	1.5050	9	2	-11	
302	1.5100	9	2	-11	
303	1.5150	9	2	-11	
304	1.5200	10	1	-10	
305	1.5250	10	1	-10	
306	1.5300	10	0	-10	
307	1.5350	10	0	-10	
308	1.5400	10	0	-10	
309	1.5450	10	0	-10	
310	1.5500	10	0	-10	
311	1.5550	10	-1	-10	
312	1.5600	10	-1	-9	
313	1.5650	10	-1	-9	
314	1.5700	10	-2	-9	
315	1.5750	10	-2	-9	
316	1.5800	10	-2	-8	
317	1.5850	10	-2	-8	
318	1.5900	11	-3	-8	
319	1.5950	11	-3	-8	
320	1.6000	11	-3	-8	
321	1.6050	11	-4	-8	
322	1.6100	11	-4	-8	
323	1.6150	11	-4	-7	
324	1.6200	11	-4	-7	
325	1.6250	12	-4	-7	
326	1.6300	12	-5	-6	
327	1.6350	12	-5	-6	
328	1.6400	12	-5	-6	
329	1.6450	12	-6	-6	
330	1.6500	12	-6	-6	
331	1.6550	12	-6	-6	
332	1.6600	12	-6	-5	
333	1.6650	12	-6	-5	
334	1.6700	12	-7	-5	
335	1.6750	12	-7	-4	
336	1.6800	12	-7	-4	
337	1.6850	12	-7	-4	
338	1.6900	13	-8	-4	
339	1.6950	13	-8	-4	
340	1.7000	13	-8	-3	
341	1.7050	13	-8	-3	
342	1.7100	13	-8	-3	
343	1.7150	13	-8	-3	
344	1.7200	13	-8	-2	
345	1.7250	14	-9	-2	
346	1.7300	14	-9	-2	
347	1.7350	14	-9	-2	
348	1.7400	14	-9	-2	
349	1.7450	14	-9	-1	
350	1.7500	14	-10	-1	
351	1.7550	14	-10	-1	
352	1.7600	14	-10	-1	
353	1.7650	14	-10	0	
354	1.7700	14	-10	0	
355	1.7750	14	-10	0	
356	1.7800	14	-10	0	
357	1.7850	14	-10	0	
358	1.7900	14	-10	1	
359	1.7950	14	-10	1	
360	1.8000	14	-10	1	
361	1.8050	14	-11	1	
362	1.8100	14	-11	2	
363	1.8150	15	-11	2	
364	1.8200	15	-11	2	
365	1.8250	15	-11	2	
366	1.8300	15	-11	2	
367	1.8350	15	-11	2	
368	1.8400	15	-11	3	
369	1.8450	15	-11	3	
370	1.8500	15	-11	3	
371	1.8550	15	-11	3	
372	1.8600	15	-11	4	
373	1.8650	15	-11	4	
374	1.8700	15	-11	4	
375	1.8750	15	-11	4	
376	1.8800	15	-11	4	
377	1.8850	15	-11	4	
378	1.8900	16	-11	4	
379	1.8950	16	-11	5	
380	1.9000	16	-11	5	
381	1.9050	16	-11	5	
382	1.9100	16	-11	5	
383	1.9150	16	-10	5	
384	1.9200	16	-10	5	
385	1.9250	16	-10	6	
386	1.9300	16	-10	6	
387	1.9350	16	-10	6	
388	1.9400	16	-10	6	
389	1.9450	16	-10	6	
390	1.9500	16	-10	6	
391	1.9550	16	-10	6	
392	1.9600	16	-10	6	
393	1.9650	16	-10	6	
394	1.9700	16	-9	6	
395	1.9750	16	-9	6	
396	1.9800	16	-9	6	
397	1.9850	16	-9	6	
398	1.9900	16	-9	6	
399	1.9950	16	-8	6	
400	2.0000	16	-8	6	
401	2.0050	16	-8	7	
402	2.0100	15	-8	7	
403	2.0150	15	-8	7	
404	2.0200	15	-8	7	
405	2.0250	15	-8	7	
406	2.0300	15	-7	7	
407	2.0350	15	-7	7	
408	2.0400	15	-7	7	
409	2.0450	15	-7	7	
410	2.0500	15	-6	7	
411	2.0550	15	-6	7	
412	2.0600	15	-6	7	
413	2.0650	15	-6	7	
414	2.0700	15	-6	7	
415	2.0750	15	-5	6	
416	2.0800	14	-5	6	
417	2.0850	14	-5	6	
418	2.0900	14	-5	6	
419	2.0950	14	-4	6	
420	2.1000	14	-4	6	
421	2.1050	14	-4	6	
422	2.1100	14	-4	6	
423	2.1150	14	-3	6	
424	2.1200	14	-3	6	
425	2.1250	14	-3	6	
426	2.1300	14	-2	6	
427	2.1350	14	-2	6	
428	2.1400	14	-2	6	
429	2.1450	14	-2	5	
430	2.1500	14	-2	5	
431	2.1550	14	-1	5	
432	2.1600	14	-1	5	
433	2.1650	14	-1	5	
434	2.1700	13	0	5	
435	2.1750	13	0	4	
436	2.1800	13	0	4	
437	2.1850	13	0	4	
438	2.1900	13	1	4	
439	2.1950	13	1	4	
440	2.2000	13	1	4	
441	2.2050	12	2	4	
442	2.2100	12	2	3	
443	2.2150	12	2	3	
444	2.2200	12	2	3	
445	2.2250	12	3	3	
446	2.2300	12	3	2	
447	2.2350	12	3	2	
448	2.2400	12	4	2	
449	2.2450	12	4	2	
450	2.2500	12	4	2	
451	2.2550	12	4	2	
452	2.2600	12	4	1	
453	2.2650	12	5	1	
454	2.2700	12	5	1	
455	2.2750	11	5	0	
456	2.2800	11	6	0	
457	2.2850	11	6	0	
458	2.2900	11	6	0	
459	2.2950	11	6	0	
460	2.3000	11	6	-1	
461	2.3050	10	7	-1	
462	2.3100	10	7	-1	
463	2.3150	10	7	-2	
464	2.3200	10	8	-2	
465	2.3250	10	8	-2	
466	2.3300	10	8	-2	
467	2.3350	10	8	-2	
468	2.3400	10	8	-3	
469	2.3450	10	8	-3	
470	2.3500	10	9	-3	
471	2.3550	10	9	-4	
472	2.3600	10	9	-4	
473	2.3650	10	9	-4	
474	2.3700	10	10	-4	
475	2.3750	9	10	-4	
476	2.3800	9	10	-5	
477	2.3850	9	10	-5	
478	2.3900	9	10	-5	
479	2.3950	9	10	-6	
480	2.4000	9	10	-6	
481	2.4050	9	11	-6	
482	2.4100	9	11	-6	
483	2.4150	8	11	-6	
484	2.4200	8	11	-7	
485	2.4250	8	11	-7	
486	2.4300	8	11	-7	
487	2.4350	8	12	-8	
488	2.4400	8	12	-8	
489	2.4450	8	12	-8	
490	2.4500	8	12	-8	
491	2.4550	8	12	-8	
492	2.4600	8	12	-9	
493	2.4650	8	12	-9	
494	2.4700	8	12	-9	
495	2.4750	8	12	-9	
496	2.4800	8	12	-10	
497	2.4850	8	12	-10	
498	2.4900	8	12	-10	
499	2.4950	8	12	-10	
500	2.5000	8	12	-10	
501	2.5050	8	12	-11	
502	2.5100	8	12	-11	
503	2.5150	7	12	-11	
504	2.5200	7	12	-11	
505	2.5250	7	13	-12	
506	2.5300	7	13	-12	
507	2.5350	7	13	-12	
508	2.5400	7	13	-12	
509	2.5450	7	12	-12	
510	2.5500	7	12	-12	
511	2.5550	7	12	-12	
512	2.5600	7	12	-12	
513	2.5650	7	12	-13	
514	2.5700	7	12	-13	
515	2.5750	7	12	-13	
516	2.5800	7	12	-13	
517	2.5850	7	12	-13	
518	2.5900	7	12	-13	
519	2.5950	7	12	-14	
520	2.6000	7	12	-14	
521	2.6050	7	12	-14	
522	2.6100	7	12	-14	
523	2.6150	7	12	-14	
524	2.6200	7	12	-14	
525	2.6250	7	12	-14	
526	2.6300	7	11	-14	
527	2.6350	7	11	-14	
528	2.6400	7	11	-14	
529	2.6450	7	11	-14	
530	2.6500	7	11	-14	
531	2.6550	7	11	-14	
532	2.6600	7	10	-14	
533	2.6650	7	10	-14	
534	2.6700	7	10	-14	
535	2.6750	7	10	-14	
536	2.6800	7	10	-14	
537	2.6850	7	10	-14	
538	2.6900	7	10	-14	
539	2.6950	7	9	-14	
540	2.7000	7	9	-14	
541	2.7050	7	9	-14	
542	2.7100	8	9	-14	
543	2.7150	8	8	-14	
544	2.7200	8	8	-14	
545	2.7250	8	8	-14	
546	2.7300	8	8	-14	
547	2.7350	8	8	-14	
548	2.7400	8	7	-14	
549	2.7450	8	7	-14	
550	2.7500	8	7	-14	
551	2.7550	8	7	-14	
552	2.7600	8	6	-14	
553	2.7650	8	6	-14	
554	2.7700	8	6	-14	
555	2.7750	8	6	-14	
556	2.7800	8	6	-14	
557	2.7850	8	5	-14	
558	2.7900	8	5	-13	
559	2.7950	8	5	-13	
560	2.8000	8	4	-13	
561	2.8050	8	4	-13	
562	2.8100	8	4	-13	
563	2.8150	9	4	-13	
564	2.8200	9	3	-12	
565	2.8250	9	3	-12	
566	2.8300	9	3	-12	
567	2.8350	9	2	-12	
568	2.8400	9	2	-12	
569	2.8450	9	2	-12	
570	2.8500	10	2	-12	
571	2.8550	10	2	-11	
572	2.8600	10	1	-11	
573	2.8650	10	1	-11	
574	2.8700	10	1	-11	
575	2.8750	10	0	-10	
576	2.8800	10	0	-10	
577	2.8850	10	0	-10	
578	2.8900	10	0	-10	
579	2.8950	10	-1	-10	
580	2.9000	10	-1	-10	
581	2.9050	10	-1	-9	
582	2.9100	10	-2	-9	
583	2.9150	10	-2	-9	
584	2.9200	11	-2	-8	
585	2.9250	11	-2	-8	
586	2.9300	11	-2	-8	
587	2.9350	11	-3	-8	
588	2.9400	11	-3	-8	
589	2.9450	11	-3	-7	
590	2.9500	11	-4	-7	
591	2.9550	12	-4	-7	
592	2.9600	12	-4	-6	
593	2.9650	12	-4	-6	
594	2.9700	12	-4	-6	
595	2.9750	12	-5	-6	
596	2.9800	12	-5	-6	
597	2.9850	12	-5	-5	
598	2.9900	12	-6	-5	
599	2.9950	12	-6	-5	
600	3.0000	12	-6	-4	
601	3.0050	12	-6	-4	
602	3.0100	12	-6	-4	
603	3.0150	12	-6	-4	
604	3.0200	13	-7	-4	
605	3.0250	13	-7	-3	
606	3.0300	13	-7	-3	
607	3.0350	13	-7	-3	
608	3.0400	13	-8	-2	
609	3.0450	13	-8	-2	
610	3.0500	13	-8	-2	
611	3.0550	13	-8	-2	
612	3.0600	14	-8	-1	
613	3.0650	14	-8	-1	
614	3.0700	14	-8	-1	
615	3.0750	14	-9	0	
616	3.0800	14	-9	0	
617	3.0850	14	-9	0	
618	3.0900	14	-9	0	
619	3.0950	14	-9	0	
620	3.1000	14	-9	1	
621	3.1050	14	-10	1	
622	3.1100	14	-10	1	
623	3.1150	14	-10	2	
624	3.1200	14	-10	2	
625	3.1250	14	-10	2	
626	3.1300	14	-10	2	
627	3.1350	14	-10	2	
628	3.1400	14	-10	3	
629	3.1450	15	-10	3	
630	3.1500	15	-10	3	
631	3.1550	15	-10	3	
632	3.1600	15	-10	4	
633	3.1650	15	-10	4	
634	3.1700	15	-10	4	
635	3.1750	15	-10	4	
636	3.1800	15	-10	4	
637	3.1850	15	-10	4	
638	3.1900	15	-10	5	
639	3.1950	15	-10	5	
640	3.2000	15	-10	5	
641	3.2050	15	-10	5	
642	3.2100	15	-10	6	
643	3.2150	15	-10	6	
644	3.2200	16	-10	6	
645	3.2250	16	-10	6	
646	3.2300	16	-10	6	
647	3.2350	16	-10	6	
648	3.2400	16	-10	6	
649	3.2450	16	-10	6	
650	3.2500	16	-10	7	
651	3.2550	16	-10	7	
652	3.2600	16	-10	7	
653	3.2650	16	-10	7	
654	3.2700	16	-10	7	
655	3.2750	16	-10	7	
656	3.2800	16	-10	7	
657	3.2850	16	-10	7	
658	3.2900	16	-10	8	
659	3.2950	16	-9	8	
660	3.3000	16	-9	8	
661	3.3050	16	-9	8	
662	3.3100	16	-9	8	
663	3.3150	16	-9	8	
664	3.3200	16	-9	8	
665	3.3250	16	-8	8	
666	3.3300	16	-8	8	
667	3.3350	16	-8	8	
668	3.3400	15	-8	8	
669	3.3450	15	-8	8	
670	3.3500	15	-8	8	
671	3.3550	15	-8	8	
672	3.3600	15	-7	8	
673	3.3650	15	-7	8	
674	3.3700	15	-7	8	
675	3.3750	15	-7	8	
676	3.3800	15	-7	8	
677	3.3850	15	-6	8	
678	3.3900	15	-6	8	
679	3.3950	15	-6	8	
680	3.4000	15	-6	8	
681	3.4050	15	-6	8	
682	3.4100	15	-5	8	
683	3.4150	14	-5	8	
684	3.4200	14	-5	8	
685	3.4250	14	-5	7	
686	3.4300	14	-4	7	
687	3.4350	14	-4	7	
688	3.4400	14	-4	7	
689	3.4450	14	-4	7	
690	3.4500	14	-4	7	
691	3.4550	14	-3	7	
692	3.4600	14	-3	6	
693	3.4650	14	-3	6	
694	3.4700	14	-2	6	
695	3.4750	14	-2	6	
696	3.4800	14	-2	6	
697	3.4850	14	-2	6	
698	3.4900	14	-1	6	
699	3.4950	14	-1	6	
700	3.5000	14	-1	5	
701	3.5050	13	-1	5	
702	3.5100	13	0	5	
703	3.5150	13	0	5	
704	3.5200	13	0	4	
705	3.5250	13	0	4	
706	3.5300	13	1	4	
707	3.5350	13	1	4	
708	3.5400	12	1	4	
709	3.5450	12	2	4	
710	3.5500	12	2	3	
711	3.5550	12	2	3	
712	3.5600	12	2	3	
713	3.5650	12	2	2	
714	3.5700	12	3	2	
715	3.5750	12	3	2	
716	3.5800	12	3	2	
717	3.5850	12	4	2	
718	3.5900	12	4	1	
719	3.5950	12	4	1	
720	3.6000	12	4	1	
721	3.6050	11	5	0	
722	3.6100	11	5	0	
723	3.6150	11	5	0	
724	3.6200	11	5	0	
725	3.6250	11	6	0	
726	3.6300	11	6	-1	
727	3.6350	11	6	-1	
728	3.6400	10	6	-1	
729	3.6450	10	6	-2	
730	3.6500	10	7	-2	
731	3.6550	10	7	-2	
732	3.6600	10	7	-2	
733	3.6650	10	7	-3	
734	3.6700	10	8	-3	
735	3.6750	10	8	-3	
736	3.6800	10	8	-4	
737	3.6850	10	8	-4	
738	3.6900	10	8	-4	
739	3.6950	10	9	-4	
740	3.7000	10	9	-5	
741	3.7050	10	9	-5	
742	3.7100	9	9	-5	
743	3.7150	9	9	-6	
744	3.7200	9	10	-6	
745	3.7250	9	10	-6	
746	3.7300	9	10	-6	
747	3.7350	9	10	-7	
748	3.7400	9	10	-7	
749	3.7450	8	10	-7	
750	3.7500	8	10	-8	
751	3.7550	8	10	-8	
752	3.7600	8	11	-8	
753	3.7650	8	11	-8	
754	3.7700	8	11	-8	
755	3.7750	8	11	-9	
756	3.7800	8	11	-9	
757	3.7850	8	11	-9	
758	3.7900	8	11	-10	
759	3.7950	8	11	-10	
760	3.8000	8	12	-10	
761	3.8050	8	12	-10	
762	3.8100	8	12	-11	
763	3.8150	8	12	-11	
764	3.8200	8	12	-11	
765	3.8250	8	12	-11	
766	3.8300	8	12	-12	
767	3.8350	8	12	-12	
768	3.8400	8	12	-12	
769	3.8450	8	12	-12	
770	3.8500	7	12	-12	
771	3.8550	7	12	-12	
772	3.8600	7	12	-13	
773	3.8650	7	12	-13	
774	3.8700	7	12	-13	
775	3.8750	7	12	-13	
776	3.8800	7	12	-14	
777	3.8850	7	12	-14	
778	3.8900	7	12	-14	
779	3.8950	7	12	-14	
780	3.9000	7	12	-14	
781	3.9050	7	12	-14	
782	3.9100	7	12	-14	
783	3.9150	7	12	-15	
784	3.9200	7	12	-15	
785	3.9250	7	12	-15	
786	3.9300	7	12	-15	
787	3.9350	7	11	-15	
788	3.9400	7	11	-15	
789	3.9450	7	11	-15	
790	3.9500	7	11	-16	
791	3.9550	7	11	-16	
792	3.9600	7	11	-16	
793	3.9650	7	11	-16	
794	3.9700	7	11	-16	
795	3.9750	7	10	-16	
796	3.9800	7	10	-16	
797	3.9850	7	10	-16	
798	3.9900	7	10	-16	
799	3.9950	7	10	-16	
800	4.0000	7	10	-16	
801	4.0050	7	10	-16	
802	4.0100	7	10	-16	
803	4.0150	7	9	-16	
804	4.0200	7	9	-16	
805	4.0250	7	9	-16	
806	4.0300	7	9	-16	
807	4.0350	7	9	-16	
808	4.0400	7	8	-16	
809	4.0450	8	8	-16	
810	4.0500	8	8	-16	
811	4.0550	8	8	-16	
812	4.0600	8	8	-16	
813	4.0650	8	8	-16	
814	4.0700	8	7	-16	
815	4.0750	8	7	-16	
816	4.0800	8	7	-16	
817	4.0850	8	7	-16	
818	4.0900	8	6	-16	
819	4.0950	8	6	-15	
820	4.1000	8	6	-15	
821	4.1050	8	6	-15	
822	4.1100	8	6	-15	
823	4.1150	8	5	-15	
824	4.1200	8	5	-15	
825	4.1250	8	5	-15	
826	4.1300	8	4	-14	
827	4.1350	8	4	-14	
828	4.1400	8	4	-14	
829	4.1450	9	4	-14	
830	4.1500	9	4	-14	
831	4.1550	9	3	-14	
832	4.1600	9	3	-14	
833	4.1650	9	3	-13	
834	4.1700	9	2	-13	
835	4.1750	9	2	-13	
836	4.1800	9	2	-13	
837	4.1850	10	2	-12	
838	4.1900	10	2	-12	
839	4.1950	10	1	-12	
840	4.2000	10	1	-12	
841	4.2050	10	1	-12	
842	4.2100	10	0	-12	
843	4.2150	10	0	-11	
844	4.2200	10	0	-11	
845	4.2250	10	0	-11	
846	4.2300	10	0	-10	
847	4.2350	10	-1	-10	
848	4.2400	10	-1	-10	
849	4.2450	10	-1	-10	
850	4.2500	10	-2	-10	
851	4.2550	11	-2	-9	
852	4.2600	11	-2	-9	
853	4.2650	11	-2	-9	
854	4.2700	11	-2	-8	
855	4.2750	11	-3	-8	
856	4.2800	11	-3	-8	
857	4.2850	11	-3	-8	
858	4.2900	12	-4	-7	
859	4.2950	12	-4	-7	
860	4.3000	12	-4	-7	
861	4.3050	12	-4	-6	
862	4.3100	12	-4	-6	
863	4.3150	12	-4	-6	
864	4.3200	12	-5	-6	
865	4.3250	12	-5	-5	
866	4.3300	12	-5	-5	
867	4.3350	12	-5	-5	
868	4.3400	12	-6	-4	
869	4.3450	12	-6	-4	
870	4.3500	12	-6	-4	
871	4.3550	13	-6	-4	
872	4.3600	13	-6	-3	
873	4.3650	13	-6	-3	
874	4.3700	13	-7	-2	
875	4.3750	13	-7	-2	
876	4.3800	13	-7	-2	
877	4.3850	13	-7	-2	
878	4.3900	14	-7	-1	
879	4.3950	14	-8	-1	
880	4.4000	14	-8	-1	
881	4.4050	14	-8	0	
882	4.4100	14	-8	0	
883	4.4150	14	-8	0	
884	4.4200	14	-8	0	
885	4.4250	14	-8	1	
886	4.4300	14	-8	1	
887	4.4350	14	-9	1	
888	4.4400	14	-9	2	
889	4.4450	14	-9	2	
890	4.4500	14	-9	2	
891	4.4550	14	-9	2	
892	4.4600	14	-9	3	
893	4.4650	14	-9	3	
894	4.4700	14	-9	3	
895	4.4750	14	-9	4	
896	4.4800	15	-10	4	
897	4.4850	15	-10	4	
898	4.4900	15	-10	4	
899	4.4950	15	-10	4	
900	4.5000	15	-10	5	
901	4.5050	15	-10	5	
902	4.5100	15	-10	5	
903	4.5150	15	-10	5	
904	4.5200	15	-10	6	
905	4.5250	15	-10	6	
906	4.5300	15	-10	6	
907	4.5350	15	-10	6	
908	4.5400	15	-10	6	
909	4.5450	15	-10	7	
910	4.5500	15	-10	7	
911	4.5550	16	-10	7	
912	4.5600	16	-10	7	
913	4.5650	16	-10	7	
914	4.5700	16	-10	8	
915	4.5750	16	-10	8	
916	4.5800	16	-10	8	
917	4.5850	16	-10	8	
918	4.5900	16	-9	8	
919	4.5950	16	-9	8	
920	4.6000	16	-9	8	
921	4.6050	16	-9	8	
922	4.6100	16	-9	8	
923	4.6150	16	-9	9	
924	4.6200	16	-9	9	
925	4.6250	16	-9	9	
926	4.6300	16	-9	9	
927	4.6350	16	-8	9	
928	4.6400	16	-8	9	
929	4.6450	16	-8	9	
930	4.6500	16	-8	9	
931	4.6550	16	-8	9	
932	4.6600	16	-8	9	
933	4.6650	16	-8	10	
934	4.6700	16	-8	10	
935	4.6750	15	-8	10	
936	4.6800	15	-7	10	
937	4.6850	15	-7	10	
938	4.6900	15	-7	10	
939	4.6950	15	-7	10	
940	4.7000	15	-7	10	
941	4.7050	15	-6	10	
942	4.7100	15	-6	10	
943	4.7150	15	-6	10	
944	4.7200	15	-6	10	
945	4.7250	15	-6	9	
946	4.7300	15	-6	9	
947	4.7350	15	-5	9	
948	4.7400	15	-5	9	
949	4.7450	15	-5	9	
950	4.7500	14	-5	9	
951	4.7550	14	-4	9	
952	4.7600	14	-4	9	
953	4.7650	14	-4	9	
954	4.7700	14	-4	9	
955	4.7750	14	-4	8	
956	4.7800	14	-3	8	
957	4.7850	14	-3	8	
958	4.7900	14	-3	8	
959	4.7950	14	-3	8	
960	4.8000	14	-2	8	
961	4.8050	14	-2	8	
962	4.8100	14	-2	8	
963	4.8150	14	-2	7	
964	4.8200	14	-2	7	
965	4.8250	14	-1	7	
966	4.8300	14	-1	7	
967	4.8350	13	-1	7	
968	4.8400	13	0	6	
969	4.8450	13	0	6	
970	4.8500	13	0	6	
971	4.8550	13	0	6	
972	4.8600	13	0	6	
973	4.8650	13	1	5	
974	4.8700	12	1	5	
975	4.8750	12	1	5	
976	4.8800	12	2	5	
977	4.8850	12	2	4	
978	4.8900	12	2	4	
979	4.8950	12	2	4	
980	4.9000	12	2	4	
981	4.9050	12	3	4	
982	4.9100	12	3	3	
983	4.9150	12	3	3	
984	4.9200	12	4	3	
985	4.9250	12	4	2	
986	4.9300	12	4	2	
987	4.9350	12	4	2	
988	4.9400	11	4	2	
989	4.9450	11	5	1	
990	4.9500	11	5	1	
991	4.9550	11	5	1	
992	4.9600	11	5	0	
993	4.9650	11	6	0	
994	4.9700	11	6	0	
995	4.9750	10	6	0	
996	4.9800	10	6	-1	
997	4.9850	10	6	-1	
998	4.9900	10	7	-2	
999	4.9950	10	7	-2	
1000	5.0000	10	7	-2	
1001	5.0050	10	7	-2	
1002	5.0100	10	8	-3	
1003	5.0150	10	8	-3	
1004	5.0200	10	8	-3	
1005	5.0250	10	8	-4	
1006	5.0300	10	8	-4	
1007	5.0350	10	8	-4	
1008	5.0400	9	8	-4	
1009	5.0450	9	9	-5	
1010	5.0500	9	9	-5	
1011	5.0550	9	9	-6	
1012	5.0600	9	9	-6	
1013	5.0650	9	9	-6	
1014	5.0700	9	10	-6	
1015	5.0750	9	10	-7	
1016	5.0800	8	10	-7	
1017	5.0850	8	10	-7	
1018	5.0900	8	10	-8	
1019	5.0950	8	10	-8	
1020	5.1000	8	10	-8	
1021	5.1050	8	10	-8	
1022	5.1100	8	10	-9	
1023	5.1150	8	10	-9	
1024	5.1200	8	11	-9	
1025	5.1250	8	11	-10	
1026	5.1300	8	11	-10	
1027	5.1350	8	11	-10	
1028	5.1400	8	11	-10	
1029	5.1450	8	11	-11	
1030	5.1500	8	11	-11	
1031	5.1550	8	11	-11	
1032	5.1600	8	11	-12	
1033	5.1650	8	11	-12	
1034	5.1700	8	11	-12	
1035	5.1750	8	11	-12	
1036	5.1800	7	11	-12	
1037	5.1850	7	11	-13	
1038	5.1900	7	11	-13	
1039	5.1950	7	11	-13	
1040	5.2000	7	11	-13	
1041	5.2050	7	11	-14	
1042	5.2100	7	11	-14	
1043	5.2150	7	11	-14	
1044	5.2200	7	11	-14	
1045	5.2250	7	11	-14	
1046	5.2300	7	11	-14	
1047	5.2350	7	11	-15	
1048	5.2400	7	11	-15	
1049	5.2450	7	11	-15	
1050	5.2500	7	11	-15	
1051	5.2550	7	11	-16	
1052	5.2600	7	11	-16	
1053	5.2650	7	11	-16	
1054	5.2700	7	11	-16	
1055	5.2750	7	11	-16	
1056	5.2800	7	10	-16	
1057	5.2850	7	10	-16	
1058	5.2900	7	10	-16	
1059	5.2950	7	10	-16	
1060	5.3000	7	10	-16	
1061	5.3050	7	10	-17	
1062	5.3100	7	10	-17	
1063	5.3150	7	10	-17	
1064	5.3200	7	10	-17	
1065	5.3250	7	10	-17	
1066	5.3300	7	9	-17	
1067	5.3350	7	9	-17	
1068	5.3400	7	9	-17	
1069	5.3450	7	9	-17	
1070	5.3500	7	9	-17	
1071	5.3550	7	8	-17	
1072	5.3600	7	8	-17	
1073	5.3650	7	8	-17	
1074	5.3700	7	8	-17	
1075	5.3750	8	8	-17	
1076	5.3800	8	8	-17	
1077	5.3850	8	8	-17	
1078	5.3900	8	7	-17	
1079	5.3950	8	7	-17	
1080	5.4000	8	7	-17	
1081	5.4050	8	7	-17	
1082	5.4100	8	6	-17	
1083	5.4150	8	6	-17	
1084	5.4200	8	6	-17	
1085	5.4250	8	6	-17	
1086	5.4300	8	6	-16	
1087	5.4350	8	6	-16	
1088	5.4400	8	5	-16	
1089	5.4450	8	5	-16	
1090	5.4500	8	5	-16	
1091	5.4550	8	4	-16	
1092	5.4600	8	4	-16	
1093	5.4650	8	4	-16	
1094	5.4700	8	4	-16	
1095	5.4750	8	4	-16	
1096	5.4800	9	3	-15	
1097	5.4850	9	3	-15	
1098	5.4900	9	3	-15	
1099	5.4950	9	3	-15	
1100	5.5000	9	2	-14	
1101	5.5050	9	2	-14	
1102	5.5100	9	2	-14	
1103	5.5150	9	2	-14	
1104	5.5200	10	1	-14	
1105	5.5250	10	1	-14	
1106	5.5300	10	1	-13	
1107	5.5350	10	1	-13	
1108	5.5400	10	0	-13	
1109	5.5450	10	0	-12	
1110	5.5500	10	0	-12	
1111	5.5550	10	0	-12	
1112	5.5600	10	-1	-12	
1113	5.5650	10	-1	-12	
1114	5.5700	10	-1	-11	
1115	5.5750	10	-1	-11	
1116	5.5800	10	-2	-11	
1117	5.5850	11	-2	-10	
1118	5.5900	11	-2	-10	
1119	5.5950	11	-2	-10	
1120	5.6000	11	-2	-10	
1121	5.6050	11	-3	-9	
1122	5.6100	11	-3	-9	
1123	5.6150	11	-3	-9	
1124	5.6200	12	-4	-8	
1125	5.6250	12	-4	-8	
1126	5.6300	12	-4	-8	
1127	5.6350	12	-4	-8	
1128	5.6400	12	-4	-7	
1129	5.6450	12	-4	-7	
1130	5.6500	12	-5	-7	
1131	5.6550	12	-5	-6	
1132	5.6600	12	-5	-6	
1133	5.6650	12	-5	-6	
1134	5.6700	12	-6	-6	
1135	5.6750	12	-6	-5	
1136	5.6800	12	-6	-5	
1137	5.6850	13	-6	-4	
1138	5.6900	13	-6	-4	
1139	5.6950	13	-6	-4	
1140	5.7000	13	-7	-4	
1141	5.7050	13	-7	-3	
1142	5.7100	13	-7	-3	
1143	5.7150	13	-7	-2	
1144	5.7200	14	-7	-2	
1145	5.7250	14	-8	-2	
1146	5.7300	14	-8	-2	
1147	5.7350	14	-8	-1	
1148	5.7400	14	-8	-1	
1149	5.7450	14	-8	-1	
1150	5.7500	14	-8	0	
1151	5.7550	14	-8	0	
1152	5.7600	14	-8	0	
1153	5.7650	14	-8	1	
1154	5.7700	14	-8	1	
1155	5.7750	14	-9	1	
1156	5.7800	14	-9	2	
1157	5.7850	14	-9	2	
1158	5.7900	14	-9	2	
1159	5.7950	14	-9	2	
1160	5.8000	14	-9	3	
1161	5.8050	14	-9	3	
1162	5.8100	14	-9	3	
1163	5.8150	15	-9	4	
1164	5.8200	15	-9	4	
1165	5.8250	15	-9	4	
1166	5.8300	15	-10	4	
1167	5.8350	15	-10	5	
1168	5.8400	15	-10	5	
1169	5.8450	15	-10	5	
1170	5.8500	15	-10	6	
1171	5.8550	15	-10	6	
1172	5.8600	15	-10	6	
1173	5.8650	15	-10	6	
1174	5.8700	15	-10	6	
1175	5.8750	15	-10	7	
1176	5.8800	15	-10	7	
1177	5.8850	16	-10	7	
1178	5.8900	16	-10	7	
1179	5.8950	16	-10	8	
1180	5.9000	16	-9	8	
1181	5.9050	16	-9	8	
1182	5.9100	16	-9	8	
1183	5.9150	16	-9	8	
1184	5.9200	16	-9	8	
1185	5.9250	16	-9	9	
1186	5.9300	16	-9	9	
1187	5.9350	16	-9	9	
1188	5.9400	16	-9	9	
1189	5.9450	16	-9	9	
1190	5.9500	16	-9	9	
1191	5.9550	16	-8	10	
1192	5.9600	16	-8	10	
1193	5.9650	16	-8	10	
1194	5.9700	16	-8	10	
1195	5.9750	16	-8	10	
1196	5.9800	16	-8	10	
1197	5.9850	16	-8	10	
1198	5.9900	16	-8	10	
1199	5.9950	16	-8	10	
1200	6.0000	16	-7	10	
1201	6.0050	15	-7	10	
1202	6.0100	15	-7	10	
1203	6.0150	15	-7	10	
1204	6.0200	15	-7	10	
1205	6.0250	15	-7	10	
1206	6.0300	15	-6	10	
1207	6.0350	15	-6	10	
1208	6.0400	15	-6	10	
1209	6.0450	15	-6	10	
1210	6.0500	15	-6	10	
1211	6.0550	15	-6	10	
1212	6.0600	15	-5	10	
1213	6.0650	15	-5	10	
1214	6.0700	15	-5	10	
1215	6.0750	15	-5	10	
1216	6.0800	14	-4	10	
1217	6.0850	14	-4	10	
1218	6.0900	14	-4	10	
1219	6.0950	14	-4	10	
1220	6.1000	14	-4	10	
1221	6.1050	14	-3	10	
1222	6.1100	14	-3	10	
1223	6.1150	14	-3	10	
1224	6.1200	14	-3	9	
1225	6.1250	14	-2	9	
1226	6.1300	14	-2	9	
1227	6.1350	14	-2	9	
1228	6.1400	14	-2	9	
1229	6.1450	14	-2	9	
1230	6.1500	14	-1	8	
1231	6.1550	14	-1	8	
1232	6.1600	14	-1	8	
1233	6.1650	14	-1	8	
1234	6.1700	13	0	8	
1235	6.1750	13	0	8	
1236	6.1800	13	0	7	
1237	6.1850	13	0	7	
1238	6.1900	13	1	7	
1239	6.1950	13	1	7	
1240	6.2000	13	1	6	
1241	6.2050	12	1	6	
1242	6.2100	12	2	6	
1243	6.2150	12	2	6	
1244	6.2200	12	2	6	
1245	6.2250	12	2	5	
1246	6.2300	12	2	5	
1247	6.2350	12	3	5	
1248	6.2400	12	3	4	
1249	6.2450	12	3	4	
1250	6.2500	12	4	4	
1251	6.2550	12	4	4	
1252	6.2600	12	4	3	
1253	6.2650	12	4	3	
1254	6.2700	11	4	3	
1255	6.2750	11	5	2	
1256	6.2800	11	5	2	
1257	6.2850	11	5	2	
1258	6.2900	11	5	2	
1259	6.2950	11	6	1	
1260	6.3000	11	6	1	
1261	6.3050	10	6	1	
1262	6.3100	10	6	0	
1263	6.3150	10	6	0	
1264	6.3200	10	6	0	
1265	6.3250	10	7	-1	
1266	6.3300	10	7	-1	
1267	6.3350	10	7	-1	
1268	6.3400	10	7	-2	
1269	6.3450	10	8	-2	
1270	6.3500	10	8	-2	
1271	6.3550	10	8	-2	
1272	6.3600	10	8	-3	
1273	6.3650	10	8	-3	
1274	6.3700	9	8	-4	
1275	6.3750	9	8	-4	
1276	6.3800	9	9	-4	
1277	6.3850	9	9	-4	
1278	6.3900	9	9	-5	
1279	6.3950	9	9	-5	
1280	6.4000	9	9	-6	
1281	6.4050	9	9	-6	
1282	6.4100	8	10	-6	
1283	6.4150	8	10	-6	
1284	6.4200	8	10	-7	
1285	6.4250	8	10	-7	
1286	6.4300	8	10	-8	
1287	6.4350	8	10	-8	
1288	6.4400	8	10	-8	
1289	6.4450	8	10	-8	
1290	6.4500	8	10	-9	
1291	6.4550	8	10	-9	
1292	6.4600	8	10	-9	
1293	6.4650	8	11	-10	
1294	6.4700	8	11	-10	
1295	6.4750	8	11	-10	
1296	6.4800	8	11	-10	
1297	6.4850	8	11	-11	
1298	6.4900	8	11	-11	
1299	6.4950	8	11	-11	
1300	6.5000	8	11	-12	
1301	6.5050	8	11	-12	
1302	6.5100	7	11	-12	
1303	6.5150	7	11	-12	
1304	6.5200	7	11	-13	
1305	6.5250	7	11	-13	
1306	6.5300	7	11	-13	
1307	6.5350	7	11	-13	
1308	6.5400	7	11	-14	
1309	6.5450	7	11	-14	
1310	6.5500	7	11	-14	
1311	6.5550	7	11	-14	
1312	6.5600	7	11	-14	
1313	6.5650	7	11	-15	
1314	6.5700	7	11	-15	
1315	6.5750	7	11	-15	
1316	6.5800	7	11	-15	
1317	6.5850	7	11	-15	
1318	6.5900	7	10	-16	
1319	6.5950	7	10	-16	
1320	6.6000	7	10	-16	
1321	6.6050	7	10	-16	
1322	6.6100	7	10	-16	
1323	6.6150	7	10	-16	
1324	6.6200	7	10	-16	
1325	6.6250	7	10	-16	
1326	6.6300	7	10	-17	
1327	6.6350	7	10	-17	
1328	6.6400	7	10	-17	
1329	6.6450	7	10	-17	
1330	6.6500	7	9	-17	
1331	6.6550	7	9	-17	
1332	6.6600	7	9	-17	
1333	6.6650	7	9	-17	
1334	6.6700	7	9	-18	
1335	6.6750	7	9	-18	
1336	6.6800	7	8	-18	
1337	6.6850	7	8	-18	
1338	6.6900	7	8	-18	
1339	6.6950	7	8	-18	
1340	6.7000	7	8	-18	
1341	6.7050	7	8	-18	
1342	6.7100	8	7	-18	
1343	6.7150	8	7	-18	
1344	6.7200	8	7	-18	
1345	6.7250	8	7	-18	
1346	6.7300	8	7	-18	
1347	6.7350	8	6	-18	
1348	6.7400	8	6	-18	
1349	6.7450	8	6	-18	
1350	6.7500	8	6	-18	
1351	6.7550	8	6	-17	
1352	6.7600	8	6	-17	
1353	6.7650	8	5	-17	
1354	6.7700	8	5	-17	
1355	6.7750	8	5	-17	
1356	6.7800	8	4	-17	
1357	6.7850	8	4	-17	
1358	6.7900	8	4	-17	
1359	6.7950	8	4	-16	
1360	6.8000	8	4	-16	
1361	6.8050	8	4	-16	
1362	6.8100	8	3	-16	
1363	6.8150	9	3	-16	
1364	6.8200	9	3	-16	
1365	6.8250	9	2	-16	
1366	6.8300	9	2	-16	
1367	6.8350	9	2	-15	
1368	6.8400	9	2	-15	
1369	6.8450	9	2	-15	
1370	6.8500	9	1	-15	
1371	6.8550	10	1	-14	
1372	6.8600	10	1	-14	
1373	6.8650	10	1	-14	
1374	6.8700	10	0	-14	
1375	6.8750	10	0	-14	
1376	6.8800	10	0	-14	
1377	6.8850	10	0	-13	
1378	6.8900	10	0	-13	
1379	6.8950	10	-1	-13	
1380	6.9000	10	-1	-12	
1381	6.9050	10	-1	-12	
1382	6.9100	10	-2	-12	
1383	6.9150	10	-2	-12	
1384	6.9200	10	-2	-11	
1385	6.9250	11	-2	-11	
1386	6.9300	11	-2	-11	
1387	6.9350	11	-3	-10	
1388	6.9400	11	-3	-10	
1389	6.9450	11	-3	-10	
1390	6.9500	11	-3	-10	
1391	6.9550	11	-4	-9	
1392	6.9600	12	-4	-9	
1393	6.9650	12	-4	-9	
1394	6.9700	12	-4	-8	
1395	6.9750	12	-4	-8	
1396	6.9800	12	-5	-8	
1397	6.9850	12	-5	-8	
1398	6.9900	12	-5	-7	
1399	6.9950	12	-5	-7	
1400	7.0000	12	-5	-6	
1401	7.0050	12	-6	-6	
1402	7.0100	12	-6	-6	
1403	7.0150	12	-6	-6	
1404	7.0200	12	-6	-5	
1405	7.0250	13	-6	-5	
1406	7.0300	13	-6	-4	
1407	7.0350	13	-7	-4	
1408	7.0400	13	-7	-4	
1409	7.0450	13	-7	-4	
1410	7.0500	13	-7	-3	
1411	7.0550	13	-7	-3	
1412	7.0600	13	-8	-2	
1413	7.0650	14	-8	-2	
1414	7.0700	14	-8	-2	
1415	7.0750	14	-8	-2	
1416	7.0800	14	-8	-1	
1417	7.0850	14	-8	-1	
1418	7.0900	14	-8	0	
1419	7.0950	14	-8	0	
1420	7.1000	14	-8	0	
1421	7.1050	14	-8	0	
1422	7.1100	14	-9	1	
1423	7.1150	14	-9	1	
1424	7.1200	14	-9	1	
1425	7.1250	14	-9	2	
1426	7.1300	14	-9	2	
1427	7.1350	14	-9	2	
1428	7.1400	14	-9	2	
1429	7.1450	14	-9	3	
1430	7.1500	14	-9	3	
1431	7.1550	15	-9	4	
1432	7.1600	15	-9	4	
1433	7.1650	15	-9	4	
1434	7.1700	15	-9	4	
1435	7.1750	15	-9	4	
1436	7.1800	15	-10	5	
1437	7.1850	15	-10	5	
1438	7.1900	15	-10	6	
1439	7.1950	15	-10	6	
1440	7.2000	15	-10	6	
1441	7.2050	15	-10	6	
1442	7.2100	15	-10	6	
1443	7.2150	15	-9	7	
1444	7.2200	15	-9	7	
1445	7.2250	16	-9	7	
1446	7.2300	16	-9	7	
1447	7.2350	16	-9	8	
1448	7.2400	16	-9	8	
1449	7.2450	16	-9	8	
1450	7.2500	16	-9	8	
1451	7.2550	16	-9	8	
1452	7.2600	16	-9	8	
1453	7.2650	16	-9	9	
1454	7.2700	16	-9	9	
1455	7.2750	16	-9	9	
1456	7.2800	16	-9	9	
1457	7.2850	16	-8	9	
1458	7.2900	16	-8	10	
1459	7.2950	16	-8	10	
1460	7.3000	16	-8	10	
1461	7.3050	16	-8	10	
1462	7.3100	16	-8	10	
1463	7.3150	16	-8	10	
1464	7.3200	16	-8	10	
1465	7.3250	16	-8	10	
1466	7.3300	16	-7	10	
1467	7.3350	16	-7	10	
1468	7.3400	16	-7	10	
1469	7.3450	15	-7	10	
1470	7.3500	15	-7	11	
1471	7.3550	15	-7	11	
1472	7.3600	15	-6	11	
1473	7.3650	15	-6	11	
1474	7.3700	15	-6	11	
1475	7.3750	15	-6	11	
1476	7.3800	15	-6	11	
1477	7.3850	15	-6	11	
1478	7.3900	15	-5	11	
1479	7.3950	15	-5	11	
1480	7.4000	15	-5	11	
1481	7.4050	15	-5	11	
1482	7.4100	15	-4	11	
1483	7.4150	15	-4	11	
1484	7.4200	14	-4	10	
1485	7.4250	14	-4	10	
1486	7.4300	14	-4	10	
1487	7.4350	14	-4	10	
1488	7.4400	14	-3	10	
1489	7.4450	14	-3	10	
1490	7.4500	14	-3	10	
1491	7.4550	14	-2	10	
1492	7.4600	14	-2	10	
1493	7.4650	14	-2	10	
1494	7.4700	14	-2	10	
1495	7.4750	14	-2	10	
1496	7.4800	14	-1	9	
1497	7.4850	14	-1	9	
1498	7.4900	14	-1	9	
1499	7.4950	14	-1	9	
1500	7.5000	14	0	9	
1501	7.5050	13	0	8	
1502	7.5100	13	0	8	
1503	7.5150	13	0	8	
1504	7.5200	13	1	8	
1505	7.5250	13	1	8	
1506	7.5300	13	1	8	
1507	7.5350	13	1	7	
1508	7.5400	12	2	7	
1509	7.5450	12	2	7	
1510	7.5500	12	2	7	
1511	7.5550	12	2	6	
1512	7.5600	12	3	6	
1513	7.5650	12	3	6	
1514	7.5700	12	3	6	
1515	7.5750	12	3	5	
1516	7.5800	12	4	5	
1517	7.5850	12	4	5	
1518	7.5900	12	4	4	
1519	7.5950	12	4	4	
1520	7.6000	12	4	4	
1521	7.6050	12	5	4	
1522	7.6100	11	5	3	
1523	7.6150	11	5	3	
1524	7.6200	11	6	3	
1525	7.6250	11	6	2	
1526	7.6300	11	6	2	
1527	7.6350	11	6	2	
1528	7.6400	11	6	2	
1529	7.6450	10	6	1	
1530	7.6500	10	7	1	
1531	7.6550	10	7	0	
1532	7.6600	10	7	0	
1533	7.6650	10	7	0	
1534	7.6700	10	8	0	
1535	7.6750	10	8	-1	
1536	7.6800	10	8	-1	
1537	7.6850	10	8	-1	
1538	7.6900	10	8	-2	
1539	7.6950	10	8	-2	
1540	7.7000	10	8	-2	
1541	7.7050	10	9	-3	
1542	7.7100	9	9	-3	
1543	7.7150	9	9	-3	
1544	7.7200	9	9	-4	
1545	7.7250	9	9	-4	
1546	7.7300	9	10	-4	
1547	7.7350	9	10	-5	
1548	7.7400	9	10	-5	
1549	7.7450	9	10	-5	
1550	7.7500	8	10	-6	
1551	7.7550	8	10	-6	
1552	7.7600	8	10	-6	
1553	7.7650	8	10	-7	
1554	7.7700	8	10	-7	
1555	7.7750	8	10	-7	
1556	7.7800	8	10	-8	
1557	7.7850	8	11	-8	
1558	7.7900	8	11	-8	
1559	7.7950	8	11	-8	
1560	7.8000	8	11	-9	
1561	7.8050	8	11	-9	
1562	7.8100	8	11	-10	
1563	7.8150	8	11	-10	
1564	7.8200	8	11	-10	
1565	7.8250	8	11	-10	
1566	7.8300	8	11	-11	
1567	7.8350	8	11	-11	
1568	7.8400	8	11	-11	
1569	7.8450	8	11	-12	
1570	7.8500	7	11	-12	
1571	7.8550	7	11	-12	
1572	7.8600	7	11	-12	
1573	7.8650	7	11	-13	
1574	7.8700	7	11	-13	
1575	7.8750	7	11	-13	
1576	7.8800	7	11	-13	
1577	7.8850	7	11	-14	
1578	7.8900	7	11	-14	
1579	7.8950	7	11	-14	
1580	7.9000	7	11	-14	
1581	7.9050	7	11	-14	
1582	7.9100	7	11	-15	
1583	7.9150	7	11	-15	
1584	7.9200	7	11	-15	
1585	7.9250	7	10	-15	
1586	7.9300	7	10	-16	
1587	7.9350	7	10	-16	
1588	7.9400	7	10	-16	
1589	7.9450	7	10	-16	
1590	7.9500	7	10	-16	
1591	7.9550	7	10	-16	
1592	7.9600	7	10	-16	
1593	7.9650	7	10	-16	
1594	7.9700	7	10	-17	
1595	7.9750	7	9	-17	
1596	7.9800	7	9	-17	
1597	7.9850	7	9	-17	
1598	7.9900	7	9	-17	
1599	7.9950	7	9	-17	
1600	8.0000	7	9	-17	
1601	8.0050	7	8	-18	
1602	8.0100	7	8	-18	
1603	8.0150	7	8	-18	
1604	8.0200	7	8	-18	
1605	8.0250	7	8	-18	
1606	8.0300	7	8	-18	
1607	8.0350	7	7	-18	
1608	8.0400	7	7	-18	
1609	8.0450	7	7	-18	
1610	8.0500	8	7	-18	
1611	8.0550	8	7	-18	
1612	8.0600	8	6	-18	
1613	8.0650	8	6	-18	
1614	8.0700	8	6	-18	
1615	8.0750	8	6	-18	
1616	8.0800	8	6	-18	
1617	8.0850	8	5	-18	
1618	8.0900	8	5	-18	
1619	8.0950	8	5	-18	
1620	8.1000	8	5	-18	
1621	8.1050	8	4	-17	
1622	8.1100	8	4	-17	
1623	8.1150	8	4	-17	
1624	8.1200	8	4	-17	
1625	8.1250	8	4	-17	
1626	8.1300	8	3	-17	
1627	8.1350	8	3	-17	
1628	8.1400	8	3	-17	
1629	8.1450	8	2	-16	
1630	8.1500	8	2	-16	
1631	8.1550	9	2	-16	
1632	8.1600	9	2	-16	
1633	8.1650	9	2	-16	
1634	8.1700	9	1	-16	
1635	8.1750	9	1	-16	
1636	8.1800	9	1	-15	
1637	8.1850	9	1	-15	
1638	8.1900	10	0	-15	
1639	8.1950	10	0	-15	
1640	8.2000	10	0	-14	
1641	8.2050	10	0	-14	
1642	8.2100	10	0	-14	
1643	8.2150	10	-1	-14	
1644	8.2200	10	-1	-14	
1645	8.2250	10	-1	-14	
1646	8.2300	10	-2	-13	
1647	8.2350	10	-2	-13	
1648	8.2400	10	-2	-13	
1649	8.2450	10	-2	-12	
1650	8.2500	10	-2	-12	
1651	8.2550	10	-3	-12	
1652	8.2600	11	-3	-12	
1653	8.2650	11	-3	-12	
1654	8.2700	11	-3	-11	
1655	8.2750	11	-4	-11	
1656	8.2800	11	-4	-10	
1657	8.2850	11	-4	-10	
1658	8.2900	11	-4	-10	
1659	8.2950	12	-4	-10	
1660	8.3000	12	-5	-9	
1661	8.3050	12	-5	-9	
1662	8.3100	12	-5	-9	
1663	8.3150	12	-5	-8	
1664	8.3200	12	-6	-8	
1665	8.3250	12	-6	-8	
1666	8.3300	12	-6	-8	
1667	8.3350	12	-6	-7	
1668	8.3400	12	-6	-7	
1669	8.3450	12	-6	-6	
1670	8.3500	12	-6	-6	
1671	8.3550	12	-7	-6	
1672	8.3600	13	-7	-6	
1673	8.3650	13	-7	-5	
1674	8.3700	13	-7	-5	
1675	8.3750	13	-7	-4	
1676	8.3800	13	-8	-4	
1677	8.3850	13	-8	-4	
1678	8.3900	13	-8	-4	
1679	8.3950	14	-8	-3	
1680	8.4000	14	-8	-3	
1681	8.4050	14	-8	-2	
1682	8.4100	14	-8	-2	
1683	8.4150	14	-8	-2	
1684	8.4200	14	-8	-2	
1685	8.4250	14	-8	-1	
1686	8.4300	14	-8	-1	
1687	8.4350	14	-9	-1	
1688	8.4400	14	-9	0	
1689	8.4450	14	-9	0	
1690	8.4500	14	-9	0	
1691	8.4550	14	-9	1	
1692	8.4600	14	-9	1	
1693	8.4650	14	-9	1	
1694	8.4700	14	-9	2	
1695	8.4750	14	-9	2	
1696	8.4800	14	-9	2	
1697	8.4850	15	-9	2	
1698	8.4900	15	-9	3	
1699	8.4950	15	-9	3	
1700	8.5000	15	-9	4	
1701	8.5050	15	-9	4	
1702	8.5100	15	-9	4	
1703	8.5150	15	-9	4	
1704	8.5200	15	-9	4	
1705	8.5250	15	-9	5	
1706	8.5300	15	-9	5	
1707	8.5350	15	-9	5	
1708	8.5400	15	-9	6	
1709	8.5450	15	-9	6	
1710	8.5500	15	-9	6	
1711	8.5550	15	-9	6	
1712	8.5600	16	-9	6	
1713	8.5650	16	-9	7	
1714	8.5700	16	-9	7	
1715	8.5750	16	-9	7	
1716	8.5800	16	-9	8	
1717	8.5850	16	-9	8	
1718	8.5900	16	-8	8	
1719	8.5950	16	-8	8	
1720	8.6000	16	-8	8	
1721	8.6050	16	-8	8	
1722	8.6100	16	-8	9	
1723	8.6150	16	-8	9	
1724	8.6200	16	-8	9	
1725	8.6250	16	-8	9	
1726	8.6300	16	-8	9	
1727	8.6350	16	-8	10	
1728	8.6400	16	-8	10	
1729	8.6450	16	-7	10	
1730	8.6500	16	-7	10	
1731	8.6550	16	-7	10	
1732	8.6600	16	-7	10	
1733	8.6650	16	-7	10	
1734	8.6700	16	-6	10	
1735	8.6750	16	-6	10	
1736	8.6800	15	-6	10	
1737	8.6850	15	-6	10	
1738	8.6900	15	-6	10	
1739	8.6950	15	-6	10	
1740	8.7000	15	-6	10	
1741	8.7050	15	-5	11	
1742	8.7100	15	-5	11	
1743	8.7150	15	-5	11	
1744	8.7200	15	-5	11	
1745	8.7250	15	-4	11	
1746	8.7300	15	-4	11	
1747	8.7350	15	-4	11	
1748	8.7400	15	-4	11	
1749	8.7450	15	-4	11	
1750	8.7500	15	-4	11	
1751	8.7550	14	-3	10	
1752	8.7600	14	-3	10	
1753	8.7650	14	-3	10	
1754	8.7700	14	-3	10	
1755	8.7750	14	-2	10	
1756	8.7800	14	-2	10	
1757	8.7850	14	-2	10	
1758	8.7900	14	-2	10	
1759	8.7950	14	-2	10	
1760	8.8000	14	-1	10	
1761	8.8050	14	-1	10	
1762	8.8100	14	-1	10	
1763	8.8150	14	-1	10	
1764	8.8200	14	0	9	
1765	8.8250	14	0	9	
1766	8.8300	14	0	9	
1767	8.8350	14	0	9	
1768	8.8400	13	0	9	
1769	8.8450	13	1	8	
1770	8.8500	13	1	8	
1771	8.8550	13	1	8	
1772	8.8600	13	2	8	
1773	8.8650	13	2	8	
1774	8.8700	13	2	8	
1775	8.8750	12	2	7	
1776	8.8800	12	2	7	
1777	8.8850	12	2	7	
1778	8.8900	12	3	7	
1779	8.8950	12	3	6	
1780	8.9000	12	3	6	
1781	8.9050	12	4	6	
1782	8.9100	12	4	6	
1783	8.9150	12	4	6	
1784	8.9200	12	4	5	
1785	8.9250	12	4	5	
1786	8.9300	12	5	5	
1787	8.9350	12	5	4	
1788	8.9400	11	5	4	
1789	8.9450	11	5	4	
1790	8.9500	11	6	4	
1791	8.9550	11	6	3	
1792	8.9600	11	6	3	
1793	8.9650	11	6	3	
1794	8.9700	11	6	2	
1795	8.9750	10	6	2	
1796	8.9800	10	7	2	
1797	8.9850	10	7	2	
1798	8.9900	10	7	1	
1799	8.9950	10	7	1	
1800	9.0000	10	7	0	
1801	9.0050	10	8	0	
1802	9.0100	10	8	0	
1803	9.0150	10	8	0	
1804	9.0200	10	8	-1	
1805	9.0250	10	8	-1	
1806	9.0300	10	8	-2	
1807	9.0350	10	8	-2	
1808	9.0400	10	9	-2	
1809	9.0450	9	9	-2	
1810	9.0500	9	9	-3	
1811	9.0550	9	9	-3	
1812	9.0600	9	9	-3	
1813	9.0650	9	9	-4	
1814	9.0700	9	9	-4	
1815	9.0750	9	10	-4	
1816	9.0800	9	10	-5	
1817	9.0850	8	10	-5	
1818	9.0900	8	10	-5	
1819	9.0950	8	10	-6	
1820	9.1000	8	10	-6	
1821	9.1050	8	10	-6	
1822	9.1100	8	10	-7	
1823	9.1150	8	10	-7	
1824	9.1200	8	10	-7	
1825	9.1250	8	10	-8	
1826	9.1300	8	10	-8	
1827	9.1350	8	10	-8	
1828	9.1400	8	10	-8	
1829	9.1450	8	11	-9	
1830	9.1500	8	11	-9	
1831	9.1550	8	11	-10	
1832	9.1600	8	11	-10	
1833	9.1650	8	11	-10	
1834	9.1700	8	11	-10	
1835	9.1750	8	11	-10	
1836	9.1800	8	11	-11	
1837	9.1850	7	11	-11	
1838	9.1900	7	11	-12	
1839	9.1950	7	11	-12	
1840	9.2000	7	11	-12	
1841	9.2050	7	11	-12	
1842	9.2100	7	11	-12	
1843	9.2150	7	11	-13	
1844	9.2200	7	11	-13	
1845	9.2250	7	11	-13	
1846	9.2300	7	10	-14	
1847	9.2350	7	10	-14	
1848	9.2400	7	10	-14	
1849	9.2450	7	10	-14	
1850	9.2500	7	10	-14	
1851	9.2550	7	10	-14	
1852	9.2600	7	10	-15	
1853	9.2650	7	10	-15	
1854	9.2700	7	10	-15	
1855	9.2750	7	10	-15	
1856	9.2800	7	10	-16	
1857	9.2850	7	10	-16	
1858	9.2900	7	10	-16	
1859	9.2950	7	10	-16	
1860	9.3000	7	9	-16	
1861	9.3050	7	9	-16	
1862	9.3100	7	9	-16	
1863	9.3150	7	9	-16	
1864	9.3200	7	9	-17	
1865	9.3250	7	9	-17	
1866	9.3300	7	8	-17	
1867	9.3350	7	8	-17	
1868	9.3400	7	8	-17	
1869	9.3450	7	8	-17	
1870	9.3500	7	8	-17	
1871	9.3550	7	8	-17	
1872	9.3600	7	8	-17	
1873	9.3650	7	7	-17	
1874	9.3700	7	7	-18	
1875	9.3750	7	7	-18	
1876	9.3800	8	7	-18	
1877	9.3850	8	7	-18	
1878	9.3900	8	6	-18	
1879	9.3950	8	6	-18	
1880	9.4000	8	6	-18	
1881	9.4050	8	6	-18	
1882	9.4100	8	6	-18	
1883	9.4150	8	6	-18	
1884	9.4200	8	5	-18	
1885	9.4250	8	5	-18	
1886	9.4300	8	5	-18	
1887	9.4350	8	5	-17	
1888	9.4400	8	4	-17	
1889	9.4450	8	4	-17	
1890	9.4500	8	4	-17	
1891	9.4550	8	4	-17	
1892	9.4600	8	4	-17	
1893	9.4650	8	3	-17	
1894	9.4700	8	3	-17	
1895	9.4750	8	3	-17	
1896	9.4800	8	3	-16	
1897	9.4850	9	2	-16	
1898	9.4900	9	2	-16	
1899	9.4950	9	2	-16	
1900	9.5000	9	2	-16	
1901	9.5050	9	2	-16	
1902	9.5100	9	1	-16	
1903	9.5150	9	1	-16	
1904	9.5200	10	1	-15	
1905	9.5250	10	0	-15	
1906	9.5300	10	0	-15	
1907	9.5350	10	0	-15	
1908	9.5400	10	0	-14	
1909	9.5450	10	0	-14	
1910	9.5500	10	-1	-14	
1911	9.5550	10	-1	-14	
1912	9.5600	10	-1	-14	
1913	9.5650	10	-1	-14	
1914	9.5700	10	-2	-13	
1915	9.5750	10	-2	-13	
1916	9.5800	10	-2	-13	
1917	9.5850	10	-2	-12	
1918	9.5900	11	-2	-12	
1919	9.5950	11	-3	-12	
1920	9.6000	11	-3	-12	
1921	9.6050	11	-3	-12	
1922	9.6100	11	-4	-11	
1923	9.6150	11	-4	-11	
1924	9.6200	11	-4	-11	
1925	9.6250	12	-4	-10	
1926	9.6300	12	-4	-10	
1927	9.6350	12	-4	-10	
1928	9.6400	12	-5	-10	
1929	9.6450	12	-5	-9	
1930	9.6500	12	-5	-9	
1931	9.6550	12	-5	-9	
1932	9.6600	12	-6	-8	
1933	9.6650	12	-6	-8	
1934	9.6700	12	-6	-8	
1935	9.6750	12	-6	-7	
1936	9.6800	12	-6	-7	
1937	9.6850	12	-6	-7	
1938	9.6900	13	-6	-6	
1939	9.6950	13	-7	-6	
1940	9.7000	13	-7	-6	
1941	9.7050	13	-7	-6	
1942	9.7100	13	-7	-5	
1943	9.7150	13	-7	-5	
1944	9.7200	13	-8	-4	
1945	9.7250	14	-8	-4	
1946	9.7300	14	-8	-4	
1947	9.7350	14	-8	-4	
1948	9.7400	14	-8	-3	
1949	9.7450	14	-8	-3	
1950	9.7500	14	-8	-2	
1951	9.7550	14	-8	-2	
1952	9.7600	14	-8	-2	
1953	9.7650	14	-8	-2	
1954	9.7700	14	-8	-1	
1955	9.7750	14	-9	-1	
1956	9.7800	14	-9	-1	
1957	9.7850	14	-9	0	
1958	9.7900	14	-9	0	
1959	9.7950	14	-9	0	
1960	9.8000	14	-9	1	
1961	9.8050	14	-9	1	
1962	9.8100	14	-9	1	
1963	9.8150	14	-9	2	
1964	9.8200	15	-9	2	
1965	9.8250	15	-9	2	
1966	9.8300	15	-9	2	
1967	9.8350	15	-9	3	
1968	9.8400	15	-9	3	
1969	9.8450	15	-9	3	
1970	9.8500	15	-9	4	
1971	9.8550	15	-9	4	
1972	9.8600	15	-9	4	
1973	9.8650	15	-9	4	
1974	9.8700	15	-9	5	
1975	9.8750	15	-9	5	
1976	9.8800	15	-9	5	
1977	9.8850	15	-9	6	
1978	9.8900	16	-9	6	
1979	9.8950	16	-9	6	
1980	9.9000	16	-9	6	
1981	9.9050	16	-9	6	
1982	9.9100	16	-9	7	
1983	9.9150	16	-9	7	
1984	9.9200	16	-9	7	
1985	9.9250	16	-9	7	
1986	9.9300	16	-8	8	
1987	9.9350	16	-8	8	
1988	9.9400	16	-8	8	
1989	9.9450	16	-8	8	
1990	9.9500	16	-8	8	
1991	9.9550	16	-8	8	
1992	9.9600	16	-8	8	
1993	9.9650	16	-8	9	
1994	9.9700	16	-8	9	
1995	9.9750	16	-8	9	
1996	9.9800	16	-8	9	
1997	9.9850	16	-7	9	
1998	9.9900	16	-7	10	
1999	9.9950	16	-7	10	
2000	10.0000	16	-7	10	
2001	10.0050	16	-7	10	
2002	10.0100	15	-6	10	
2003	10.0150	15	-6	10	
2004	10.0200	15	-6	10	
2005	10.0250	15	-6	10	
2006	10.0300	15	-6	10	
2007	10.0350	15	-6	10	
2008	10.0400	15	-5	10	
2009	10.0450	15	-5	10	
2010	10.0500	15	-5	10	
2011	10.0550	15	-5	10	
2012	10.0600	15	-5	10	
2013	10.0650	15	-4	10	
2014	10.0700	15	-4	10	
2015	10.0750	15	-4	10	
2016	10.0800	15	-4	10	
2017	10.0850	14	-4	10	
2018	10.0900	14	-3	10	
2019	10.0950	14	-3	10	
2020	10.1000	14	-3	10	
2021	10.1050	14	-3	10	
2022	10.1100	14	-2	10	
2023	10.1150	14	-2	10	
2024	10.1200	14	-2	10	
2025	10.1250	14	-2	10	
2026	10.1300	14	-2	10	
2027	10.1350	14	-1	10	
2028	10.1400	14	-1	10	
2029	10.1450	14	-1	10	
2030	10.1500	14	0	9	
2031	10.1550	14	0	9	
2032	10.1600	14	0	9	
2033	10.1650	14	0	9	
2034	10.1700	13	0	9	
2035	10.1750	13	1	8	
2036	10.1800	13	1	8	
2037	10.1850	13	1	8	
2038	10.1900	13	2	8	
2039	10.1950	13	2	8	
2040	10.2000	13	2	8	
2041	10.2050	12	2	8	
2042	10.2100	12	2	7	
2043	10.2150	12	3	7	
2044	10.2200	12	3	7	
2045	10.2250	12	3	7	
2046	10.2300	12	3	6	
2047	10.2350	12	4	6	
2048	10.2400	12	4	6	
2049	10.2450	12	4	6	
2050	10.2500	12	4	6	
2051	10.2550	12	4	5	
2052	10.2600	12	5	5	
2053	10.2650	12	5	5	
2054	10.2700	12	5	4	
2055	10.2750	11	6	4	
2056	10.2800	11	6	4	
2057	10.2850	11	6	4	
2058	10.2900	11	6	3	
2059	10.2950	11	6	3	
2060	10.3000	11	6	3	
2061	10.3050	10	7	2	
2062	10.3100	10	7	2	
2063	10.3150	10	7	2	
2064	10.3200	10	7	2	
2065	10.3250	10	8	1	
2066	10.3300	10	8	1	
2067	10.3350	10	8	1	
2068	10.3400	10	8	0	
2069	10.3450	10	8	0	
2070	10.3500	10	8	0	
2071	10.3550	10	8	0	
2072	10.3600	10	9	-1	
2073	10.3650	10	9	-1	
2074	10.3700	10	9	-2	
2075	10.3750	9	9	-2	
2076	10.3800	9	9	-2	
2077	10.3850	9	10	-2	
2078	10.3900	9	10	-3	
2079	10.3950	9	10	-3	
2080	10.4000	9	10	-3	
2081	10.4050	9	10	-4	
2082	10.4100	9	10	-4	
2083	10.4150	8	10	-4	
2084	10.4200	8	10	-5	
2085	10.4250	8	10	-5	
2086	10.4300	8	10	-5	
2087	10.4350	8	10	-6	
2088	10.4400	8	10	-6	
2089	10.4450	8	11	-6	
2090	10.4500	8	11	-6	
2091	10.4550	8	11	-7	
2092	10.4600	8	11	-7	
2093	10.4650	8	11	-8	
2094	10.4700	8	11	-8	
2095	10.4750	8	11	-8	
2096	10.4800	8	11	-8	
2097	10.4850	8	11	-9	
2098	10.4900	8	11	-9	
2099	10.4950	8	11	-9	
2100	10.5000	8	11	-10	
2101	10.5050	8	11	-10	
2102	10.5100	8	11	-10	
2103	10.5150	7	11	-10	
2104	10.5200	7	11	-11	
2105	10.5250	7	11	-11	
2106	10.5300	7	11	-11	
2107	10.5350	7	11	-12	
2108	10.5400	7	11	-12	
2109	10.5450	7	11	-12	
2110	10.5500	7	11	-12	
2111	10.5550	7	11	-12	
2112	10.5600	7	11	-13	
2113	10.5650	7	11	-13	
2114	10.5700	7	11	-13	
2115	10.5750	7	10	-13	
2116	10.5800	7	10	-14	
2117	10.5850	7	10	-14	
2118	10.5900	7	10	-14	
2119	10.5950	7	10	-14	
2120	10.6000	7	10	-14	
2121	10.6050	7	10	-14	
2122	10.6100	7	10	-15	
2123	10.6150	7	10	-15	
2124	10.6200	7	10	-15	
2125	10.6250	7	10	-15	
2126	10.6300	7	9	-15	
2127	10.6350	7	9	-16	
2128	10.6400	7	9	-16	
2129	10.6450	7	9	-16	
2130	10.6500	7	9	-16	
2131	10.6550	7	8	-16	
2132	10.6600	7	8	-16	
2133	10.6650	7	8	-16	
2134	10.6700	7	8	-16	
2135	10.6750	7	8	-16	
2136	10.6800	7	8	-16	
2137	10.6850	7	8	-17	
2138	10.6900	7	7	-17	
2139	10.6950	7	7	-17	
2140	10.7000	7	7	-17	
2141	10.7050	7	7	-17	
2142	10.7100	8	7	-17	
2143	10.7150	8	6	-17	
2144	10.7200	8	6	-17	
2145	10.7250	8	6	-17	
2146	10.7300	8	6	-17	
2147	10.7350	8	6	-17	
2148	10.7400	8	5	-17	
2149	10.7450	8	5	-17	
2150	10.7500	8	5	-17	
2151	10.7550	8	5	-17	
2152	10.7600	8	4	-17	
2153	10.7650	8	4	-17	
2154	10.7700	8	4	-17	
2155	10.7750	8	4	-17	
2156	10.7800	8	4	-17	
2157	10.7850	8	3	-17	
2158	10.7900	8	3	-17	
2159	10.7950	8	3	-16	
2160	10.8000	8	3	-16	
2161	10.8050	8	2	-16	
2162	10.8100	8	2	-16	
2163	10.8150	9	2	-16	
2164	10.8200	9	2	-16	
2165	10.8250	9	2	-16	
2166	10.8300	9	1	-16	
2167	10.8350	9	1	-16	
2168	10.8400	9	1	-16	
2169	10.8450	9	0	-15	
2170	10.8500	9	0	-15	
2171	10.8550	10	0	-15	
2172	10.8600	10	0	-15	
2173	10.8650	10	0	-15	
2174	10.8700	10	-1	-14	
2175	10.8750	10	-1	-14	
2176	10.8800	10	-1	-14	
2177	10.8850	10	-1	-14	
2178	10.8900	10	-2	-14	
2179	10.8950	10	-2	-14	
2180	10.9000	10	-2	-13	
2181	10.9050	10	-2	-13	
2182	10.9100	10	-2	-13	
2183	10.9150	10	-3	-13	
2184	10.9200	11	-3	-12	
2185	10.9250	11	-3	-12	
2186	10.9300	11	-3	-12	
2187	10.9350	11	-4	-12	
2188	10.9400	11	-4	-12	
2189	10.9450	11	-4	-11	
2190	10.9500	11	-4	-11	
2191	10.9550	12	-4	-11	
2192	10.9600	12	-5	-10	
2193	10.9650	12	-5	-10	
2194	10.9700	12	-5	-10	
2195	10.9750	12	-5	-10	
2196	10.9800	12	-6	-9	
2197	10.9850	12	-6	-9	
2198	10.9900	12	-6	-9	
2199	10.9950	12	-6	-8	
2200	11.0000	12	-6	-8	
2201	11.0050	12	-6	-8	
2202	11.0100	12	-6	-8	
2203	11.0150	12	-7	-7	
2204	11.0200	13	-7	-7	
2205	11.0250	13	-7	-6	
2206	11.0300	13	-7	-6	
2207	11.0350	13	-7	-6	
2208	11.0400	13	-8	-6	
2209	11.0450	13	-8	-5	
2210	11.0500	13	-8	-5	
2211	11.0550	14	-8	-5	
2212	11.0600	14	-8	-4	
2213	11.0650	14	-8	-4	
2214	11.0700	14	-8	-4	
2215	11.0750	14	-8	-4	
2216	11.0800	14	-8	-3	
2217	11.0850	14	-8	-3	
2218	11.0900	14	-8	-2	
2219	11.0950	14	-9	-2	
2220	11.1000	14	-9	-2	
2221	11.1050	14	-9	-2	
2222	11.1100	14	-9	-1	
2223	11.1150	14	-9	-1	
2224	11.1200	14	-9	-1	
2225	11.1250	14	-9	0	
2226	11.1300	14	-9	0	
2227	11.1350	14	-9	0	
2228	11.1400	14	-9	0	
2229	11.1450	14	-9	1	
2230	11.1500	15	-9	1	
2231	11.1550	15	-9	2	
2232	11.1600	15	-9	2	
2233	11.1650	15	-9	2	
2234	11.1700	15	-9	2	
2235	11.1750	15	-9	2	
2236	11.1800	15	-9	3	
2237	11.1850	15	-9	3	
2238	11.1900	15	-9	3	
2239	11.1950	15	-9	4	
2240	11.2000	15	-9	4	
2241	11.2050	15	-9	4	
2242	11.2100	15	-9	4	
2243	11.2150	15	-9	5	
2244	11.2200	16	-9	5	
2245	11.2250	16	-9	5	
2246	11.2300	16	-9	5	
2247	11.2350	16	-9	6	
2248	11.2400	16	-9	6	
2249	11.2450	16	-9	6	
2250	11.2500	16	-9	6	
2251	11.2550	16	-9	6	
2252	11.2600	16	-8	7	
2253	11.2650	16	-8	7	
2254	11.2700	16	-8	7	
2255	11.2750	16	-8	7	
2256	11.2800	16	-8	8	
2257	11.2850	16	-8	8	
2258	11.2900	16	-8	8	
2259	11.2950	16	-8	8	
2260	11.3000	16	-8	8	
2261	11.3050	16	-8	8	
2262	11.3100	16	-7	8	
2263	11.3150	16	-7	8	
2264	11.3200	16	-7	9	
2265	11.3250	16	-7	9	
2266	11.3300	16	-7	9	
2267	11.3350	16	-7	9	
2268	11.3400	16	-6	9	
2269	11.3450	15	-6	9	
2270	11.3500	15	-6	9	
2271	11.3550	15	-6	9	
2272	11.3600	15	-6	10	
2273	11.3650	15	-6	10	
2274	11.3700	15	-5	10	
2275	11.3750	15	-5	10	
2276	11.3800	15	-5	10	
2277	11.3850	15	-5	10	
2278	11.3900	15	-5	10	
2279	11.3950	15	-4	10	
2280	11.4000	15	-4	10	
2281	11.4050	15	-4	10	
2282	11.4100	15	-4	10	
2283	11.4150	14	-4	10	
2284	11.4200	14	-3	10	
2285	11.4250	14	-3	10	
2286	11.4300	14	-3	10	
2287	11.4350	14	-3	10	
2288	11.4400	14	-2	10	
2289	11.4450	14	-2	10	
2290	11.4500	14	-2	10	
2291	11.4550	14	-2	10	
2292	11.4600	14	-2	9	
2293	11.4650	14	-1	9	
2294	11.4700	14	-1	9	
2295	11.4750	14	-1	9	
2296	11.4800	14	-1	9	
2297	11.4850	14	0	9	
2298	11.4900	14	0	9	
2299	11.4950	14	0	8	
2300	11.5000	14	0	8	
2301	11.5050	13	1	8	
2302	11.5100	13	1	8	
2303	11.5150	13	1	8	
2304	11.5200	13	1	8	
2305	11.5250	13	2	8	
2306	11.5300	13	2	8	
2307	11.5350	13	2	7	
2308	11.5400	12	2	7	
2309	11.5450	12	2	7	
2310	11.5500	12	3	7	
2311	11.5550	12	3	6	
2312	11.5600	12	3	6	
2313	11.5650	12	4	6	
2314	11.5700	12	4	6	
2315	11.5750	12	4	6	
2316	11.5800	12	4	6	
2317	11.5850	12	4	5	
2318	11.5900	12	5	5	
2319	11.5950	12	5	5	
2320	11.6000	12	5	4	
2321	11.6050	11	5	4	
2322	11.6100	11	6	4	
2323	11.6150	11	6	4	
2324	11.6200	11	6	4	
2325	11.6250	11	6	3	
2326	11.6300	11	6	3	
2327	11.6350	11	6	3	
2328	11.6400	10	7	2	
2329	11.6450	10	7	2	
2330	11.6500	10	7	2	
2331	11.6550	10	7	2	
2332	11.6600	10	8	1	
2333	11.6650	10	8	1	
2334	11.6700	10	8	1	
2335	11.6750	10	8	0	
2336	11.6800	10	8	0	
2337	11.6850	10	8	0	
2338	11.6900	10	8	0	
2339	11.6950	10	9	-1	
2340	11.7000	10	9	-1	
2341	11.7050	9	9	-2	
2342	11.7100	9	9	-2	
2343	11.7150	9	9	-2	
2344	11.7200	9	10	-2	
2345	11.7250	9	10	-2	
2346	11.7300	9	10	-3	
2347	11.7350	9	10	-3	
2348	11.7400	9	10	-4	
2349	11.7450	8	10	-4	
2350	11.7500	8	10	-4	
2351	11.7550	8	10	-4	
2352	11.7600	8	10	-5	
2353	11.7650	8	10	-5	
2354	11.7700	8	11	-5	
2355	11.7750	8	11	-6	
2356	11.7800	8	11	-6	
2357	11.7850	8	11	-6	
2358	11.7900	8	11	-6	
2359	11.7950	8	11	-7	
2360	11.8000	8	11	-7	
2361	11.8050	8	11	-8	
2362	11.8100	8	11	-8	
2363	11.8150	8	11	-8	
2364	11.8200	8	11	-8	
2365	11.8250	8	11	-9	
2366	11.8300	8	11	-9	
2367	11.8350	8	11	-9	
2368	11.8400	8	11	-10	
2369	11.8450	7	11	-10	
2370	11.8500	7	11	-10	
2371	11.8550	7	11	-10	
2372	11.8600	7	11	-10	
2373	11.8650	7	11	-11	
2374	11.8700	7	11	-11	
2375	11.8750	7	11	-11	
2376	11.8800	7	11	-12	
2377	11.8850	7	11	-12	
2378	11.8900	7	11	-12	
2379	11.8950	7	11	-12	
2380	11.9000	7	11	-12	
2381	11.9050	7	11	-13	
2382	11.9100	7	11	-13	
2383	11.9150	7	11	-13	
2384	11.9200	7	10	-13	
2385	11.9250	7	10	-14	
2386	11.9300	7	10	-14	
2387	11.9350	7	10	-14	
2388	11.9400	7	10	-14	
2389	11.9450	7	10	-14	
2390	11.9500	7	10	-14	
2391	11.9550	7	10	-14	
2392	11.9600	7	10	-15	
2393	11.9650	7	10	-15	
2394	11.9700	7	9	-15	
2395	11.9750	7	9	-15	
2396	11.9800	7	9	-15	
2397	11.9850	7	9	-15	
2398	11.9900	7	9	-16	
2399	11.9950	7	8	-16	
2400	12.0000	7	8	-16	
2401	12.0050	7	8	-16	
2402	12.0100	7	8	-16	
2403	12.0150	7	8	-16	
2404	12.0200	7	8	-16	
2405	12.0250	7	8	-16	
2406	12.0300	7	7	-16	
2407	12.0350	7	7	-16	
2408	12.0400	8	7	-16	
2409	12.0450	8	7	-16	
2410	12.0500	8	6	-16	
2411	12.0550	8	6	-16	
2412	12.0600	8	6	-16	
2413	12.0650	8	6	-16	
2414	12.0700	8	6	-16	
2415	12.0750	8	6	-16	
2416	12.0800	8	5	-16	
2417	12.0850	8	5	-16	
2418	12.0900	8	5	-16	
2419	12.0950	8	4	-16	
2420	12.1000	8	4	-16	
2421	12.1050	8	4	-16	
2422	12.1100	8	4	-16	
2423	12.1150	8	4	-16	
2424	12.1200	8	3	-16	
2425	12.1250	8	3	-16	
2426	12.1300	8	3	-16	
2427	12.1350	8	2	-16	
2428	12.1400	8	2	-16	
2429	12.1450	9	2	-16	
2430	12.1500	9	2	-16	
2431	12.1550	9	2	-16	
2432	12.1600	9	1	-15	
2433	12.1650	9	1	-15	
2434	12.1700	9	1	-15	
2435	12.1750	9	0	-15	
2436	12.1800	9	0	-15	
2437	12.1850	10	0	-15	
2438	12.1900	10	0	-14	
2439	12.1950	10	0	-14	
2440	12.2000	10	-1	-14	
2441	12.2050	10	-1	-14	
2442	12.2100	10	-1	-14	
2443	12.2150	10	-2	-14	
2444	12.2200	10	-2	-14	
2445	12.2250	10	-2	-13	
2446	12.2300	10	-2	-13	
2447	12.2350	10	-2	-13	
2448	12.2400	10	-3	-12	
2449	12.2450	10	-3	-12	
2450	12.2500	11	-3	-12	
2451	12.2550	11	-3	-12	
2452	12.2600	11	-4	-12	
2453	12.2650	11	-4	-12	
2454	12.2700	11	-4	-11	
2455	12.2750	11	-4	-11	
2456	12.2800	11	-4	-11	
2457	12.2850	12	-5	-10	
2458	12.2900	12	-5	-10	
2459	12.2950	12	-5	-10	
2460	12.3000	12	-5	-10	
2461	12.3050	12	-6	-9	
2462	12.3100	12	-6	-9	
2463	12.3150	12	-6	-9	
2464	12.3200	12	-6	-8	
2465	12.3250	12	-6	-8	
2466	12.3300	12	-6	-8	
2467	12.3350	12	-7	-8	
2468	12.3400	12	-7	-8	
2469	12.3450	12	-7	-7	
2470	12.3500	13	-7	-7	
2471	12.3550	13	-7	-6	
2472	12.3600	13	-8	-6	
2473	12.3650	13	-8	-6	
2474	12.3700	13	-8	-6	
2475	12.3750	13	-8	-5	
2476	12.3800	13	-8	-5	
2477	12.3850	13	-8	-5	
2478	12.3900	14	-8	-4	
2479	12.3950	14	-8	-4	
2480	12.4000	14	-8	-4	
2481	12.4050	14	-9	-4	
2482	12.4100	14	-9	-3	
2483	12.4150	14	-9	-3	
2484	12.4200	14	-9	-3	
2485	12.4250	14	-9	-2	
2486	12.4300	14	-9	-2	
2487	12.4350	14	-9	-2	
2488	12.4400	14	-9	-2	
2489	12.4450	14	-9	-1	
2490	12.4500	14	-9	-1	
2491	12.4550	14	-10	-1	
2492	12.4600	14	-10	0	
2493	12.4650	14	-10	0	
2494	12.4700	14	-10	0	
2495	12.4750	14	-10	0	
2496	12.4800	15	-10	1	
2497	12.4850	15	-10	1	
2498	12.4900	15	-10	2	
2499	12.4950	15	-10	2	
2500	12.5000	15	-10	2	
2501	12.5050	15	-10	2	
2502	12.5100	15	-10	2	
2503	12.5150	15	-10	3	
2504	12.5200	15	-10	3	
2505	12.5250	15	-10	3	
2506	12.5300	15	-10	4	
2507	12.5350	15	-10	4	
2508	12.5400	15	-10	4	
2509	12.5450	15	-10	4	
2510	12.5500	16	-10	4	
2511	12.5550	16	-9	5	
2512	12.5600	16	-9	5	
2513	12.5650	16	-9	5	
2514	12.5700	16	-9	5	
2515	12.5750	16	-9	6	
2516	12.5800	16	-9	6	
2517	12.5850	16	-9	6	
2518	12.5900	16	-9	6	
2519	12.5950	16	-9	6	
2520	12.6000	16	-8	6	
2521	12.6050	16	-8	7	
2522	12.6100	16	-8	7	
2523	12.6150	16	-8	7	
2524	12.6200	16	-8	7	
2525	12.6250	16	-8	7	
2526	12.6300	16	-8	8	
2527	12.6350	16	-8	8	
2528	12.6400	16	-8	8	
2529	12.6450	16	-7	8	
2530	12.6500	16	-7	8	
2531	12.6550	16	-7	8	
2532	12.6600	16	-7	8	
2533	12.6650	16	-7	8	
2534	12.6700	16	-6	8	
2535	12.6750	15	-6	8	
2536	12.6800	15	-6	8	
2537	12.6850	15	-6	9	
2538	12.6900	15	-6	9	
2539	12.6950	15	-6	9	
2540	12.7000	15	-6	9	
2541	12.7050	15	-5	9	
2542	12.7100	15	-5	9	
2543	12.7150	15	-5	9	
2544	12.7200	15	-4	9	
2545	12.7250	15	-4	9	
2546	12.7300	15	-4	9	
2547	12.7350	15	-4	9	
2548	12.7400	15	-4	9	
2549	12.7450	14	-4	9	
2550	12.7500	14	-3	9	
2551	12.7550	14	-3	9	
2552	12.7600	14	-3	9	
2553	12.7650	14	-3	9	
2554	12.7700	14	-2	9	
2555	12.7750	14	-2	9	
2556	12.7800	14	-2	9	
2557	12.7850	14	-2	9	
2558	12.7900	14	-2	9	
2559	12.7950	14	-1	8	
2560	12.8000	14	-1	8	
2561	12.8050	14	-1	8	
2562	12.8100	14	0	8	
2563	12.8150	14	0	8	
2564	12.8200	14	0	8	
2565	12.8250	14	0	8	
2566	12.8300	14	0	8	
2567	12.8350	13	1	8	
2568	12.8400	13	1	8	
2569	12.8450	13	1	8	
2570	12.8500	13	2	7	
2571	12.8550	13	2	7	
2572	12.8600	13	2	7	
2573	12.8650	13	2	7	
2574	12.8700	12	2	7	
2575	12.8750	12	3	6	
2576	12.8800	12	3	6	
2577	12.8850	12	3	6	
2578	12.8900	12	3	6	
2579	12.8950	12	4	6	
2580	12.9000	12	4	6	
2581	12.9050	12	4	5	
2582	12.9100	12	4	5	
2583	12.9150	12	4	5	
2584	12.9200	12	5	4	
2585	12.9250	12	5	4	
2586	12.9300	12	5	4	
2587	12.9350	11	6	4	
2588	12.9400	11	6	4	
2589	12.9450	11	6	3	
2590	12.9500	11	6	3	
2591	12.9550	11	6	3	
2592	12.9600	11	6	3	
2593	12.9650	11	7	2	
2594	12.9700	10	7	2	
2595	12.9750	10	7	2	
2596	12.9800	10	7	2	
2597	12.9850	10	8	1	
2598	12.9900	10	8	1	
2599	12.9950	10	8	1	
2600	13.0000	10	8	0	
2601	13.0050	10	8	0	
2602	13.0100	10	8	0	
2603	13.0150	10	8	0	
2604	13.0200	10	9	-1	
2605	13.0250	10	9	-1	
2606	13.0300	10	9	-1	
2607	13.0350	9	9	-2	
2608	13.0400	9	9	-2	
2609	13.0450	9	9	-2	
2610	13.0500	9	10	-2	
2611	13.0550	9	10	-3	
2612	13.0600	9	10	-3	
2613	13.0650	9	10	-3	
2614	13.0700	9	10	-4	
2615	13.0750	8	10	-4	
2616	13.0800	8	10	-4	
2617	13.0850	8	10	-4	
2618	13.0900	8	10	-5	
2619	13.0950	8	10	-5	
2620	13.1000	8	10	-6	
2621	13.1050	8	11	-6	
2622	13.1100	8	11	-6	
2623	13.1150	8	11	-6	
2624	13.1200	8	11	-6	
2625	13.1250	8	11	-7	
2626	13.1300	8	11	-7	
2627	13.1350	8	11	-8	
2628	13.1400	8	11	-8	
2629	13.1450	8	11	-8	
2630	13.1500	8	11	-8	
2631	13.1550	8	11	-8	
2632	13.1600	8	11	-9	
2633	13.1650	8	11	-9	
2634	13.1700	8	11	-9	
2635	13.1750	8	11	-10	
2636	13.1800	7	11	-10	
2637	13.1850	7	11	-10	
2638	13.1900	7	11	-10	
2639	13.1950	7	11	-11	
2640	13.2000	7	11	-11	
2641	13.2050	7	11	-11	
2642	13.2100	7	11	-11	
2643	13.2150	7	11	-12	
2644	13.2200	7	11	-12	
2645	13.2250	7	11	-12	
2646	13.2300	7	11	-12	
2647	13.2350	7	11	-12	
2648	13.2400	7	11	-13	
2649	13.2450	7	10	-13	
2650	13.2500	7	10	-13	
2651	13.2550	7	10	-13	
2652	13.2600	7	10	-14	
2653	13.2650	7	10	-14	
2654	13.2700	7	10	-14	
2655	13.2750	7	10	-14	
2656	13.2800	7	10	-14	
2657	13.2850	7	10	-14	
2658	13.2900	7	10	-14	
2659	13.2950	7	10	-14	
2660	13.3000	7	9	-15	
2661	13.3050	7	9	-15	
2662	13.3100	7	9	-15	
2663	13.3150	7	9	-15	
2664	13.3200	7	9	-15	
2665	13.3250	7	8	-15	
2666	13.3300	7	8	-15	
2667	13.3350	7	8	-16	
2668	13.3400	7	8	-16	
2669	13.3450	7	8	-16	
2670	13.3500	7	8	-16	
2671	13.3550	7	8	-16	
2672	13.3600	7	7	-16	
2673	13.3650	7	7	-16	
2674	13.3700	7	7	-16	
2675	13.3750	8	7	-16	
2676	13.3800	8	7	-16	
2677	13.3850	8	6	-16	
2678	13.3900	8	6	-16	
2679	13.3950	8	6	-16	
2680	13.4000	8	6	-16	
2681	13.4050	8	6	-16	
2682	13.4100	8	5	-16	
2683	13.4150	8	5	-16	
2684	13.4200	8	5	-16	
2685	13.4250	8	5	-16	
2686	13.4300	8	4	-16	
2687	13.4350	8	4	-16	
2688	13.4400	8	4	-16	
2689	13.4450	8	4	-16	
2690	13.4500	8	4	-16	
2691	13.4550	8	3	-16	
2692	13.4600	8	3	-16	
2693	13.4650	8	3	-16	
2694	13.4700	8	3	-16	
2695	13.4750	8	2	-15	
2696	13.4800	9	2	-15	
2697	13.4850	9	2	-15	
2698	13.4900	9	2	-15	
2699	13.4950	9	1	-15	
2700	13.5000	9	1	-15	
2701	13.5050	9	1	-15	
2702	13.5100	9	1	-14	
2703	13.5150	10	0	-14	
2704	13.5200	10	0	-14	
2705	13.5250	10	0	-14	
2706	13.5300	10	0	-14	
2707	13.5350	10	0	-14	
2708	13.5400	10	-1	-14	
2709	13.5450	10	-1	-14	
2710	13.5500	10	-1	-13	
2711	13.5550	10	-2	-13	
2712	13.5600	10	-2	-13	
2713	13.5650	10	-2	-13	
2714	13.5700	10	-2	-12	
2715	13.5750	10	-2	-12	
2716	13.5800	10	-3	-12	
2717	13.5850	11	-3	-12	
2718	13.5900	11	-3	-12	
2719	13.5950	11	-3	-11	
2720	13.6000	11	-4	-11	
2721	13.6050	11	-4	-11	
2722	13.6100	11	-4	-10	
2723	13.6150	12	-4	-10	
2724	13.6200	12	-4	-10	
2725	13.6250	12	-5	-10	
2726	13.6300	12	-5	-10	
2727	13.6350	12	-5	-9	
2728	13.6400	12	-5	-9	
2729	13.6450	12	-6	-9	
2730	13.6500	12	-6	-8	
2731	13.6550	12	-6	-8	
2732	13.6600	12	-6	-8	
2733	13.6650	12	-6	-8	
2734	13.6700	12	-6	-8	
2735	13.6750	12	-7	-7	
2736	13.6800	12	-7	-7	
2737	13.6850	13	-7	-6	
2738	13.6900	13	-7	-6	
2739	13.6950	13	-7	-6	
2740	13.7000	13	-8	-6	
2741	13.7050	13	-8	-6	
2742	13.7100	13	-8	-5	
2743	13.7150	13	-8	-5	
2744	13.7200	14	-8	-4	
2745	13.7250	14	-8	-4	
2746	13.7300	14	-8	-4	
2747	13.7350	14	-8	-4	
2748	13.7400	14	-9	-3	
2749	13.7450	14	-9	-3	
2750	13.7500	14	-9	-3	
2751	13.7550	14	-9	-2	
2752	13.7600	14	-9	-2	
2753	13.7650	14	-9	-2	
2754	13.7700	14	-9	-2	
2755	13.7750	14	-9	-1	
2756	13.7800	14	-9	-1	
2757	13.7850	14	-10	-1	
2758	13.7900	14	-10	0	
2759	13.7950	14	-10	0	
2760	13.8000	14	-10	0	
2761	13.8050	14	-10	0	
2762	13.8100	15	-10	1	
2763	13.8150	15	-10	1	
2764	13.8200	15	-10	1	
2765	13.8250	15	-10	2	
2766	13.8300	15	-10	2	
2767	13.8350	15	-10	2	
2768	13.8400	15	-10	2	
2769	13.8450	15	-10	2	
2770	13.8500	15	-10	3	
2771	13.8550	15	-10	3	
2772	13.8600	15	-10	3	
2773	13.8650	15	-10	4	
2774	13.8700	15	-10	4	
2775	13.8750	15	-10	4	
2776	13.8800	15	-10	4	
2777	13.8850	16	-10	4	
2778	13.8900	16	-10	5	
2779	13.8950	16	-10	5	
2780	13.9000	16	-10	5	
2781	13.9050	16	-10	5	
2782	13.9100	16	-9	6	
2783	13.9150	16	-9	6	
2784	13.9200	16	-9	6	
2785	13.9250	16	-9	6	
2786	13.9300	16	-9	6	
2787	13.9350	16	-9	6	
2788	13.9400	16	-9	7	
2789	13.9450	16	-9	7	
2790	13.9500	16	-8	7	
2791	13.9550	16	-8	7	
2792	13.9600	16	-8	7	
2793	13.9650	16	-8	8	
2794	13.9700	16	-8	8	
2795	13.9750	16	-8	8	
2796	13.9800	16	-8	8	
2797	13.9850	16	-8	8	
2798	13.9900	16	-8	8	
2799	13.9950	16	-7	8	
2800	14.0000	15	-7	8	
2801	14.0050	15	-7	8	
2802	14.0100	15	-7	8	
2803	14.0150	15	-6	8	
2804	14.0200	15	-6	8	
2805	14.0250	15	-6	9	
2806	14.0300	15	-6	9	
2807	14.0350	15	-6	9	
2808	14.0400	15	-6	9	
2809	14.0450	15	-5	9	
2810	14.0500	15	-5	9	
2811	14.0550	15	-5	9	
2812	14.0600	15	-5	9	
2813	14.0650	15	-4	9	
2814	14.0700	15	-4	9	
2815	14.0750	14	-4	9	
2816	14.0800	14	-4	9	
2817	14.0850	14	-4	9	
2818	14.0900	14	-4	9	
2819	14.0950	14	-3	9	
2820	14.1000	14	-3	9	
2821	14.1050	14	-3	9	
2822	14.1100	14	-2	9	
2823	14.1150	14	-2	8	
2824	14.1200	14	-2	8	
2825	14.1250	14	-2	8	
2826	14.1300	14	-2	8	
2827	14.1350	14	-1	8	
2828	14.1400	14	-1	8	
2829	14.1450	14	-1	8	
2830	14.1500	14	0	8	
2831	14.1550	14	0	8	
2832	14.1600	13	0	8	
2833	14.1650	13	0	8	
2834	14.1700	13	0	8	
2835	14.1750	13	1	7	
2836	14.1800	13	1	7	
2837	14.1850	13	1	7	
2838	14.1900	13	2	7	
2839	14.1950	13	2	7	
2840	14.2000	12	2	6	
2841	14.2050	12	2	6	
2842	14.2100	12	2	6	
2843	14.2150	12	3	6	
2844	14.2200	12	3	6	
2845	14.2250	12	3	6	
2846	14.2300	12	4	6	
2847	14.2350	12	4	5	
2848	14.2400	12	4	5	
2849	14.2450	12	4	5	
2850	14.2500	12	4	4	
2851	14.2550	12	5	4	
2852	14.2600	12	5	4	
2853	14.2650	11	5	4	
2854	14.2700	11	5	4	
2855	14.2750	11	6	3	
2856	14.2800	11	6	3	
2857	14.2850	11	6	3	
2858	14.2900	11	6	3	
2859	14.2950	11	6	2	
2860	14.3000	10	7	2	
2861	14.3050	10	7	2	
2862	14.3100	10	7	2	
2863	14.3150	10	7	1	
2864	14.3200	10	7	1	
2865	14.3250	10	8	1	
2866	14.3300	10	8	0	
2867	14.3350	10	8	0	
2868	14.3400	10	8	0	
2869	14.3450	10	8	0	
2870	14.3500	10	8	-1	
2871	14.3550	10	9	-1	
2872	14.3600	10	9	-1	
2873	14.3650	9	9	-2	
2874	14.3700	9	9	-2	
2875	14.3750	9	9	-2	
2876	14.3800	9	9	-2	
2877	14.3850	9	10	-3	
2878	14.3900	9	10	-3	
2879	14.3950	9	10	-3	
2880	14.4000	9	10	-4	
2881	14.4050	8	10	-4	
2882	14.4100	8	10	-4	
2883	14.4150	8	10	-4	
2884	14.4200	8	10	-5	
2885	14.4250	8	10	-5	
2886	14.4300	8	10	-5	
2887	14.4350	8	11	-6	
2888	14.4400	8	11	-6	
2889	14.4450	8	11	-6	
2890	14.4500	8	11	-6	
2891	14.4550	8	11	-7	
2892	14.4600	8	11	-7	
2893	14.4650	8	11	-7	
2894	14.4700	8	11	-8	
2895	14.4750	8	11	-8	
2896	14.4800	8	11	-8	
2897	14.4850	8	11	-8	
2898	14.4900	8	11	-9	
2899	14.4950	8	11	-9	
2900	14.5000	8	11	-9	
2901	14.5050	7	11	-10	
2902	14.5100	7	11	-10	
2903	14.5150	7	11	-10	
2904	14.5200	7	11	-10	
2905	14.5250	7	11	-10	
2906	14.5300	7	11	-11	
2907	14.5350	7	11	-11	
2908	14.5400	7	11	-11	
2909	14.5450	7	11	-12	
2910	14.5500	7	11	-12	
2911	14.5550	7	11	-12	
2912	14.5600	7	11	-12	
2913	14.5650	7	11	-12	
2914	14.5700	7	11	-12	
2915	14.5750	7	11	-13	
2916	14.5800	7	10	-13	
2917	14.5850	7	10	-13	
2918	14.5900	7	10	-13	
2919	14.5950	7	10	-14	
2920	14.6000	7	10	-14	
2921	14.6050	7	10	-14	
2922	14.6100	7	10	-14	
2923	14.6150	7	10	-14	
2924	14.6200	7	10	-14	
2925	14.6250	7	10	-14	
2926	14.6300	7	9	-14	
2927	14.6350	7	9	-15	
2928	14.6400	7	9	-15	
2929	14.6450	7	9	-15	
2930	14.6500	7	9	-15	
2931	14.6550	7	9	-15	
2932	14.6600	7	8	-15	
2933	14.6650	7	8	-15	
2934	14.6700	7	8	-16	
2935	14.6750	7	8	-16	
2936	14.6800	7	8	-16	
2937	14.6850	7	8	-16	
2938	14.6900	7	7	-16	
2939	14.6950	7	7	-16	
2940	14.7000	7	7	-16	
2941	14.7050	8	7	-16	
2942	14.7100	8	6	-16	
2943	14.7150	8	6	-16	
2944	14.7200	8	6	-16	
2945	14.7250	8	6	-16	
2946	14.7300	8	6	-16	
2947	14.7350	8	6	-16	
2948	14.7400	8	5	-16	
2949	14.7450	8	5	-16	
2950	14.7500	8	5	-16	
2951	14.7550	8	5	-16	
2952	14.7600	8	4	-16	
2953	14.7650	8	4	-16	
2954	14.7700	8	4	-16	
2955	14.7750	8	4	-16	
2956	14.7800	8	4	-16	
2957	14.7850	8	3	-16	
2958	14.7900	8	3	-16	
2959	14.7950	8	3	-15	
2960	14.8000	8	2	-15	
2961	14.8050	9	2	-15	
2962	14.8100	9	2	-15	
2963	14.8150	9	2	-15	
2964	14.8200	9	2	-15	
2965	14.8250	9	1	-15	
2966	14.8300	9	1	-14	
2967	14.8350	9	1	-14	
2968	14.8400	9	0	-14	
2969	14.8450	10	0	-14	
2970	14.8500	10	0	-14	
2971	14.8550	10	0	-14	
2972	14.8600	10	0	-14	
2973	14.8650	10	-1	-14	
2974	14.8700	10	-1	-13	
2975	14.8750	10	-1	-13	
2976	14.8800	10	-1	-13	
2977	14.8850	10	-2	-13	
2978	14.8900	10	-2	-12	
2979	14.8950	10	-2	-12	
2980	14.9000	10	-2	-12	
2981	14.9050	10	-3	-12	
2982	14.9100	10	-3	-12	
2983	14.9150	11	-3	-12	
2984	14.9200	11	-3	-11	
2985	14.9250	11	-4	-11	
2986	14.9300	11	-4	-11	
2987	14.9350	11	-4	-10	
2988	14.9400	11	-4	-10	
2989	14.9450	12	-4	-10	
2990	14.9500	12	-5	-10	
2991	14.9550	12	-5	-10	
2992	14.9600	12	-5	-9	
2993	14.9650	12	-5	-9	
2994	14.9700	12	-6	-9	
2995	14.9750	12	-6	-8	
2996	14.9800	12	-6	-8	
2997	14.9850	12	-6	-8	
2998	14.9900	12	-6	-8	
2999	14.9950	12	-6	-8	
3000	15.0000	12	-6	-7	
3001	15.0050	12	-7	-7	
3002	15.0100	12	-7	-6	
3003	15.0150	13	-7	-6	
3004	15.0200	13	-7	-6	
3005	15.0250	13	-7	-6	
3006	15.0300	13	-8	-6	
3007	15.0350	13	-8	-5	
3008	15.0400	13	-8	-5	
3009	15.0450	13	-8	-4	
3010	15.0500	14	-8	-4	
3011	15.0550	14	-8	-4	
3012	15.0600	14	-8	-4	
3013	15.0650	14	-8	-4	
3014	15.0700	14	-8	-3	
3015	15.0750	14	-9	-3	
3016	15.0800	14	-9	-2	
3017	15.0850	14	-9	-2	
3018	15.0900	14	-9	-2	
3019	15.0950	14	-9	-2	
3020	15.1000	14	-9	-2	
3021	15.1050	14	-9	-1	
3022	15.1100	14	-9	-1	
3023	15.1150	14	-9	0	
3024	15.1200	14	-10	0	
3025	15.1250	14	-10	0	
3026	15.1300	14	-10	0	
3027	15.1350	14	-10	0	
3028	15.1400	15	-10	1	
3029	15.1450	15	-10	1	
3030	15.1500	15	-10	1	
3031	15.1550	15	-10	2	
3032	15.1600	15	-10	2	
3033	15.1650	15	-10	2	
3034	15.1700	15	-10	2	
3035	15.1750	15	-10	2	
3036	15.1800	15	-10	3	
3037	15.1850	15	-10	3	
3038	15.1900	15	-10	3	
3039	15.1950	15	-10	4	
3040	15.2000	15	-10	4	
3041	15.2050	15	-10	4	
3042	15.2100	16	-10	4	
3043	15.2150	16	-10	4	
3044	15.2200	16	-10	5	
3045	15.2250	16	-10	5	
3046	15.2300	16	-9	5	
3047	15.2350	16	-9	5	
3048	15.2400	16	-9	6	
3049	15.2450	16	-9	6	
3050	15.2500	16	-9	6	
3051	15.2550	16	-9	6	
3052	15.2600	16	-9	6	
3053	15.2650	16	-9	6	
3054	15.2700	16	-9	6	
3055	15.2750	16	-8	7	
3056	15.2800	16	-8	7	
3057	15.2850	16	-8	7	
3058	15.2900	16	-8	7	
3059	15.2950	16	-8	7	
3060	15.3000	16	-8	7	
3061	15.3050	16	-8	8	
3062	15.3100	16	-8	8	
3063	15.3150	16	-8	8	
3064	15.3200	16	-7	8	
3065	15.3250	16	-7	8	
3066	15.3300	15	-7	8	
3067	15.3350	15	-7	8	
3068	15.3400	15	-7	8	
3069	15.3450	15	-6	8	
3070	15.3500	15	-6	8	
3071	15.3550	15	-6	8	
3072	15.3600	15	-6	8	
3073	15.3650	15	-6	8	
3074	15.3700	15	-6	8	
3075	15.3750	15	-5	8	
3076	15.3800	15	-5	8	
3077	15.3850	15	-5	8	
3078	15.3900	15	-5	8	
3079	15.3950	15	-4	8	
3080	15.4000	15	-4	8	
3081	15.4050	14	-4	8	
3082	15.4100	14	-4	8	
3083	15.4150	14	-4	8	
3084	15.4200	14	-4	8	
3085	15.4250	14	-3	8	
3086	15.4300	14	-3	8	
3087	15.4350	14	-3	8	
3088	15.4400	14	-2	8	
3089	15.4450	14	-2	8	
3090	15.4500	14	-2	8	
3091	15.4550	14	-2	8	
3092	15.4600	14	-2	8	
3093	15.4650	14	-1	8	
3094	15.4700	14	-1	8	
3095	15.4750	14	-1	8	
3096	15.4800	14	0	8	
3097	15.4850	14	0	8	
3098	15.4900	14	0	7	
3099	15.4950	13	0	7	
3100	15.5000	13	0	7	
3101	15.5050	13	1	7	
3102	15.5100	13	1	7	
3103	15.5150	13	1	7	
3104	15.5200	13	1	6	
3105	15.5250	13	2	6	
3106	15.5300	12	2	6	
3107	15.5350	12	2	6	
3108	15.5400	12	2	6	
3109	15.5450	12	3	6	
3110	15.5500	12	3	6	
3111	15.5550	12	3	5	
3112	15.5600	12	3	5	
3113	15.5650	12	4	5	
3114	15.5700	12	4	5	
3115	15.5750	12	4	4	
3116	15.5800	12	4	4	
3117	15.5850	12	4	4	
3118	15.5900	12	5	4	
3119	15.5950	11	5	4	
3120	15.6000	11	5	3	
3121	15.6050	11	6	3	
3122	15.6100	11	6	3	
3123	15.6150	11	6	3	
3124	15.6200	11	6	2	
3125	15.6250	11	6	2	
3126	15.6300	10	6	2	
3127	15.6350	10	7	2	
3128	15.6400	10	7	1	
3129	15.6450	10	7	1	
3130	15.6500	10	7	1	
3131	15.6550	10	8	0	
3132	15.6600	10	8	0	
3133	15.6650	10	8	0	
3134	15.6700	10	8	0	
3135	15.6750	10	8	0	
3136	15.6800	10	8	-1	
3137	15.6850	10	9	-1	
3138	15.6900	10	9	-1	
3139	15.6950	9	9	-2	
3140	15.7000	9	9	-2	
3141	15.7050	9	9	-2	
3142	15.7100	9	9	-2	
3143	15.7150	9	10	-3	
3144	15.7200	9	10	-3	
3145	15.7250	9	10	-3	
3146	15.7300	9	10	-4	
3147	15.7350	8	10	-4	
3148	15.7400	8	10	-4	
3149	15.7450	8	10	-4	
3150	15.7500	8	10	-5	
3151	15.7550	8	10	-5	
3152	15.7600	8	11	-5	
3153	15.7650	8	11	-6	
3154	15.7700	8	11	-6	
3155	15.7750	8	11	-6	
3156	15.7800	8	11	-6	
3157	15.7850	8	11	-7	
3158	15.7900	8	11	-7	
3159	15.7950	8	11	-7	
3160	15.8000	8	11	-8	
3161	15.8050	8	11	-8	
3162	15.8100	8	11	-8	
3163	15.8150	8	11	-8	
3164	15.8200	8	11	-9	
3165	15.8250	8	11	-9	
3166	15.8300	8	11	-9	
3167	15.8350	8	11	-10	
3168	15.8400	7	11	-10	
3169	15.8450	7	11	-10	
3170	15.8500	7	11	-10	
3171	15.8550	7	11	-10	
3172	15.8600	7	11	-11	
3173	15.8650	7	11	-11	
3174	15.8700	7	11	-11	
3175	15.8750	7	11	-11	
3176	15.8800	7	11	-12	
3177	15.8850	7	11	-12	
3178	15.8900	7	11	-12	
3179	15.8950	7	11	-12	
3180	15.9000	7	11	-12	
3181	15.9050	7	11	-13	
3182	15.9100	7	11	-13	
3183	15.9150	7	11	-13	
3184	15.9200	7	11	-13	
3185	15.9250	7	10	-13	
3186	15.9300	7	10	-14	
3187	15.9350	7	10	-14	
3188	15.9400	7	10	-14	
3189	15.9450	7	10	-14	
3190	15.9500	7	10	-14	
3191	15.9550	7	10	-14	
3192	15.9600	7	10	-14	
3193	15.9650	7	10	-14	
3194	15.9700	7	10	-15	
3195	15.9750	7	9	-15	
3196	15.9800	7	9	-15	
3197	15.9850	7	9	-15	
3198	15.9900	7	9	-15	
3199	15.9950	7	9	-15	
3200	16.0000	7	8	-15	
3201	16.0050	7	8	-16	
3202	16.0100	7	8	-16	
3203	16.0150	7	8	-16	
3204	16.0200	7	8	-16	
3205	16.0250	7	8	-16	
3206	16.0300	7	8	-16	
3207	16.0350	8	7	-16	
3208	16.0400	8	7	-16	
3209	16.0450	8	7	-16	
3210	16.0500	8	7	-16	
3211	16.0550	8	6	-16	
3212	16.0600	8	6	-16	
3213	16.0650	8	6	-16	
3214	16.0700	8	6	-16	
3215	16.0750	8	6	-16	
3216	16.0800	8	5	-16	
3217	16.0850	8	5	-16	
3218	16.0900	8	5	-16	
3219	16.0950	8	5	-16	
3220	16.1000	8	4	-16	
3221	16.1050	8	4	-16	
3222	16.1100	8	4	-16	
3223	16.1150	8	4	-16	
3224	16.1200	8	4	-16	
3225	16.1250	8	3	-16	
3226	16.1300	8	3	-15	
3227	16.1350	8	3	-15	
3228	16.1400	9	2	-15	
3229	16.1450	9	2	-15	
3230	16.1500	9	2	-15	
3231	16.1550	9	2	-15	
3232	16.1600	9	2	-15	
3233	16.1650	9	1	-14	
3234	16.1700	9	1	-14	
3235	16.1750	10	1	-14	
3236	16.1800	10	0	-14	
3237	16.1850	10	0	-14	
3238	16.1900	10	0	-14	
3239	16.1950	10	0	-14	
3240	16.2000	10	0	-14	
3241	16.2050	10	-1	-13	
3242	16.2100	10	-1	-13	
3243	16.2150	10	-1	-13	
3244	16.2200	10	-2	-13	
3245	16.2250	10	-2	-12	
3246	16.2300	10	-2	-12	
3247	16.2350	10	-2	-12	
3248	16.2400	10	-2	-12	
3249	16.2450	11	-3	-12	
3250	16.2500	11	-3	-12	
3251	16.2550	11	-3	-11	
3252	16.2600	11	-4	-11	
3253	16.2650	11	-4	-11	
3254	16.2700	11	-4	-10	
3255	16.2750	12	-4	-10	
3256	16.2800	12	-4	-10	
3257	16.2850	12	-4	-10	
3258	16.2900	12	-5	-10	
3259	16.2950	12	-5	-9	
3260	16.3000	12	-5	-9	
3261	16.3050	12	-6	-9	
3262	16.3100	12	-6	-8	
3263	16.3150	12	-6	-8	
3264	16.3200	12	-6	-8	
3265	16.3250	12	-6	-8	
3266	16.3300	12	-6	-7	
3267	16.3350	12	-7	-7	
3268	16.3400	12	-7	-7	
3269	16.3450	13	-7	-6	
3270	16.3500	13	-7	-6	
3271	16.3550	13	-7	-6	
3272	16.3600	13	-8	-6	
3273	16.3650	13	-8	-5	
3274	16.3700	13	-8	-5	
3275	16.3750	13	-8	-5	
3276	16.3800	14	-8	-4	
3277	16.3850	14	-8	-4	
3278	16.3900	14	-8	-4	
3279	16.3950	14	-8	-4	
3280	16.4000	14	-8	-3	
3281	16.4050	14	-9	-3	
3282	16.4100	14	-9	-2	
3283	16.4150	14	-9	-2	
3284	16.4200	14	-9	-2	
3285	16.4250	14	-9	-2	
3286	16.4300	14	-9	-2	
3287	16.4350	14	-9	-1	
3288	16.4400	14	-9	-1	
3289	16.4450	14	-9	-1	
3290	16.4500	14	-10	0	
3291	16.4550	14	-10	0	
3292	16.4600	14	-10	0	
3293	16.4650	14	-10	0	
3294	16.4700	15	-10	1	
3295	16.4750	15	-10	1	
3296	16.4800	15	-10	1	
3297	16.4850	15	-10	2	
3298	16.4900	15	-10	2	
3299	16.4950	15	-10	2	
3300	16.5000	15	-10	2	
3301	16.5050	15	-10	3	
3302	16.5100	15	-10	3	
3303	16.5150	15	-10	3	
3304	16.5200	15	-10	4	
3305	16.5250	15	-10	4	
3306	16.5300	15	-10	4	
3307	16.5350	15	-10	4	
3308	16.5400	15	-10	4	
3309	16.5450	16	-10	5	
3310	16.5500	16	-10	5	
3311	16.5550	16	-10	5	
3312	16.5600	16	-9	5	
3313	16.5650	16	-9	6	
3314	16.5700	16	-9	6	
3315	16.5750	16	-9	6	
3316	16.5800	16	-9	6	
3317	16.5850	16	-9	6	
3318	16.5900	16	-9	6	
3319	16.5950	16	-9	6	
3320	16.6000	16	-9	7	
3321	16.6050	16	-8	7	
3322	16.6100	16	-8	7	
3323	16.6150	16	-8	7	
3324	16.6200	16	-8	8	
3325	16.6250	16	-8	8	
3326	16.6300	16	-8	8	
3327	16.6350	16	-8	8	
3328	16.6400	16	-8	8	
3329	16.6450	16	-7	8	
3330	16.6500	16	-7	8	
3331	16.6550	16	-7	8	
3332	16.6600	16	-7	8	
3333	16.6650	15	-7	8	
3334	16.6700	15	-7	8	
3335	16.6750	15	-6	8	
3336	16.6800	15	-6	8	
3337	16.6850	15	-6	9	
3338	16.6900	15	-6	9	
3339	16.6950	15	-6	9	
3340	16.7000	15	-6	9	
3341	16.7050	15	-5	9	
3342	16.7100	15	-5	9	
3343	16.7150	15	-5	9	
3344	16.7200	15	-5	9	
3345	16.7250	15	-4	9	
3346	16.7300	15	-4	9	
3347	16.7350	14	-4	9	
3348	16.7400	14	-4	9	
3349	16.7450	14	-4	9	
3350	16.7500	14	-3	9	
3351	16.7550	14	-3	9	
3352	16.7600	14	-3	9	
3353	16.7650	14	-2	9	
3354	16.7700	14	-2	8	
3355	16.7750	14	-2	8	
3356	16.7800	14	-2	8	
3357	16.7850	14	-2	8	
3358	16.7900	14	-1	8	
3359	16.7950	14	-1	8	
3360	16.8000	14	-1	8	
3361	16.8050	14	-1	8	
3362	16.8100	14	0	8	
3363	16.8150	14	0	8	
3364	16.8200	14	0	8	
3365	16.8250	13	0	8	
3366	16.8300	13	0	7	
3367	16.8350	13	1	7	
3368	16.8400	13	1	7	
3369	16.8450	13	1	7	
3370	16.8500	13	2	7	
3371	16.8550	13	2	6	
3372	16.8600	12	2	6	
3373	16.8650	12	2	6	
3374	16.8700	12	2	6	
3375	16.8750	12	3	6	
3376	16.8800	12	3	6	
3377	16.8850	12	3	6	
3378	16.8900	12	4	5	
3379	16.8950	12	4	5	
3380	16.9000	12	4	5	
3381	16.9050	12	4	4	
3382	16.9100	12	4	4	
3383	16.9150	12	5	4	
3384	16.9200	12	5	4	
3385	16.9250	11	5	4	
3386	16.9300	11	5	4	
3387	16.9350	11	6	3	
3388	16.9400	11	6	3	
3389	16.9450	11	6	3	
3390	16.9500	11	6	2	
3391	16.9550	11	6	2	
3392	16.9600	10	6	2	
3393	16.9650	10	7	2	
3394	16.9700	10	7	1	
3395	16.9750	10	7	1	
3396	16.9800	10	7	1	
3397	16.9850	10	8	0	
3398	16.9900	10	8	0	
3399	16.9950	10	8	0	
3400	17.0000	10	8	0	
3401	17.0050	10	8	-1	
3402	17.0100	10	8	-1	
3403	17.0150	10	8	-1	
3404	17.0200	10	9	-2	
3405	17.0250	9	9	-2	
3406	17.0300	9	9	-2	
3407	17.0350	9	9	-2	
3408	17.0400	9	9	-2	
3409	17.0450	9	10	-3	
3410	17.0500	9	10	-3	
3411	17.0550	9	10	-4	
3412	17.0600	9	10	-4	
3413	17.0650	8	10	-4	
3414	17.0700	8	10	-4	
3415	17.0750	8	10	-5	
3416	17.0800	8	10	-5	
3417	17.0850	8	10	-5	
3418	17.0900	8	10	-6	
3419	17.0950	8	10	-6	
3420	17.1000	8	11	-6	
3421	17.1050	8	11	-6	
3422	17.1100	8	11	-7	
3423	17.1150	8	11	-7	
3424	17.1200	8	11	-7	
3425	17.1250	8	11	-8	
3426	17.1300	8	11	-8	
3427	17.1350	8	11	-8	
3428	17.1400	8	11	-8	
3429	17.1450	8	11	-8	
3430	17.1500	8	11	-9	
3431	17.1550	8	11	-9	
3432	17.1600	8	11	-9	
3433	17.1650	8	11	-10	
3434	17.1700	7	11	-10	
3435	17.1750	7	11	-10	
3436	17.1800	7	11	-10	
3437	17.1850	7	11	-10	
3438	17.1900	7	11	-11	
3439	17.1950	7	11	-11	
3440	17.2000	7	11	-11	
3441	17.2050	7	11	-12	
3442	17.2100	7	11	-12	
3443	17.2150	7	11	-12	
3444	17.2200	7	11	-12	
3445	17.2250	7	11	-12	
3446	17.2300	7	11	-12	
3447	17.2350	7	11	-13	
3448	17.2400	7	10	-13	
3449	17.2450	7	10	-13	
3450	17.2500	7	10	-13	
3451	17.2550	7	10	-13	
3452	17.2600	7	10	-14	
3453	17.2650	7	10	-14	
3454	17.2700	7	10	-14	
3455	17.2750	7	10	-14	
3456	17.2800	7	10	-14	
3457	17.2850	7	10	-14	
3458	17.2900	7	10	-14	
3459	17.2950	7	9	-14	
3460	17.3000	7	9	-14	
3461	17.3050	7	9	-15	
3462	17.3100	7	9	-15	
3463	17.3150	7	9	-15	
3464	17.3200	7	8	-15	
3465	17.3250	7	8	-15	
3466	17.3300	7	8	-15	
3467	17.3350	7	8	-15	
3468	17.3400	7	8	-15	
3469	17.3450	7	8	-15	
3470	17.3500	7	8	-16	
3471	17.3550	7	7	-16	
3472	17.3600	7	7	-16	
3473	17.3650	8	7	-16	
3474	17.3700	8	7	-16	
3475	17.3750	8	7	-16	
3476	17.3800	8	6	-16	
3477	17.3850	8	6	-16	
3478	17.3900	8	6	-16	
3479	17.3950	8	6	-16	
3480	17.4000	8	6	-16	
3481	17.4050	8	5	-16	
3482	17.4100	8	5	-16	
3483	17.4150	8	5	-16	
3484	17.4200	8	5	-16	
3485	17.4250	8	4	-16	
3486	17.4300	8	4	-16	
3487	17.4350	8	4	-15	
3488	17.4400	8	4	-15	
3489	17.4450	8	4	-15	
3490	17.4500	8	3	-15	
3491	17.4550	8	3	-15	
3492	17.4600	8	3	-15	
3493	17.4650	8	3	-15	
3494	17.4700	9	2	-15	
3495	17.4750	9	2	-15	
3496	17.4800	9	2	-14	
3497	17.4850	9	2	-14	
3498	17.4900	9	1	-14	
3499	17.4950	9	1	-14	
3500	17.5000	9	1	-14	
3501	17.5050	10	1	-14	
3502	17.5100	10	0	-14	
3503	17.5150	10	0	-14	
3504	17.5200	10	0	-14	
3505	17.5250	10	0	-13	
3506	17.5300	10	0	-13	
3507	17.5350	10	-1	-13	
3508	17.5400	10	-1	-13	
3509	17.5450	10	-1	-12	
3510	17.5500	10	-2	-12	
3511	17.5550	10	-2	-12	
3512	17.5600	10	-2	-12	
3513	17.5650	10	-2	-12	
3514	17.5700	10	-2	-12	
3515	17.5750	11	-3	-11	
3516	17.5800	11	-3	-11	
3517	17.5850	11	-3	-11	
3518	17.5900	11	-3	-11	
3519	17.5950	11	-4	-10	
3520	17.6000	11	-4	-10	
3521	17.6050	12	-4	-10	
3522	17.6100	12	-4	-10	
3523	17.6150	12	-4	-10	
3524	17.6200	12	-5	-9	
3525	17.6250	12	-5	-9	
3526	17.6300	12	-5	-9	
3527	17.6350	12	-5	-8	
3528	17.6400	12	-6	-8	
3529	17.6450	12	-6	-8	
3530	17.6500	12	-6	-8	
3531	17.6550	12	-6	-7	
3532	17.6600	12	-6	-7	
3533	17.6650	12	-6	-7	
3534	17.6700	12	-7	-6	
3535	17.6750	13	-7	-6	
3536	17.6800	13	-7	-6	
3537	17.6850	13	-7	-6	
3538	17.6900	13	-7	-6	
3539	17.6950	13	-8	-5	
3540	17.7000	13	-8	-5	
3541	17.7050	13	-8	-4	
3542	17.7100	14	-8	-4	
3543	17.7150	14	-8	-4	
3544	17.7200	14	-8	-4	
3545	17.7250	14	-8	-4	
3546	17.7300	14	-8	-3	
3547	17.7350	14	-8	-3	
3548	17.7400	14	-9	-2	
3549	17.7450	14	-9	-2	
3550	17.7500	14	-9	-2	
3551	17.7550	14	-9	-2	
3552	17.7600	14	-9	-2	
3553	17.7650	14	-9	-1	
3554	17.7700	14	-9	-1	
3555	17.7750	14	-9	-1	
3556	17.7800	14	-10	0	
3557	17.7850	14	-10	0	
3558	17.7900	14	-10	0	
3559	17.7950	14	-10	0	
3560	17.8000	15	-10	1	
3561	17.8050	15	-10	1	
3562	17.8100	15	-10	1	
3563	17.8150	15	-10	2	
3564	17.8200	15	-10	2	
3565	17.8250	15	-10	2	
3566	17.8300	15	-10	2	
3567	17.8350	15	-10	2	
3568	17.8400	15	-10	3	
3569	17.8450	15	-10	3	
3570	17.8500	15	-10	3	
3571	17.8550	15	-10	4	
3572	17.8600	15	-10	4	
3573	17.8650	15	-10	4	
3574	17.8700	15	-10	4	
3575	17.8750	16	-10	4	
3576	17.8800	16	-10	4	
3577	17.8850	16	-10	5	
3578	17.8900	16	-10	5	
3579	17.8950	16	-10	5	
3580	17.9000	16	-9	6	
3581	17.9050	16	-9	6	
3582	17.9100	16	-9	6	
3583	17.9150	16	-9	6	
3584	17.9200	16	-9	6	
3585	17.9250	16	-9	6	
3586	17.9300	16	-9	6	
3587	17.9350	16	-9	7	
3588	17.9400	16	-9	7	
3589	17.9450	16	-8	7	
3590	17.9500	16	-8	7	
3591	17.9550	16	-8	7	
3592	17.9600	16	-8	7	
3593	17.9650	16	-8	8	
3594	17.9700	16	-8	8	
3595	17.9750	16	-8	8	
3596	17.9800	16	-8	8	
3597	17.9850	16	-8	8	
3598	17.9900	16	-7	8	
3599	17.9950	15	-7	8	
3600	18.0000	15	-7	8	
3601	18.0050	15	-7	8	
3602	18.0100	15	-7	8	
3603	18.0150	15	-6	8	
3604	18.0200	15	-6	8	
3605	18.0250	15	-6	8	
3606	18.0300	15	-6	8	
3607	18.0350	15	-6	8	
3608	18.0400	15	-6	9	
3609	18.0450	15	-5	9	
3610	18.0500	15	-5	9	
3611	18.0550	15	-5	9	
3612	18.0600	15	-4	9	
3613	18.0650	15	-4	9	
3614	18.0700	14	-4	9	
3615	18.0750	14	-4	9	
3616	18.0800	14	-4	9	
3617	18.0850	14	-4	8	
3618	18.0900	14	-3	8	
3619	18.0950	14	-3	8	
3620	18.1000	14	-3	8	
3621	18.1050	14	-2	8	
3622	18.1100	14	-2	8	
3623	18.1150	14	-2	8	
3624	18.1200	14	-2	8	
3625	18.1250	14	-2	8	
3626	18.1300	14	-1	8	
3627	18.1350	14	-1	8	
3628	18.1400	14	-1	8	
3629	18.1450	14	0	8	
3630	18.1500	14	0	8	
3631	18.1550	13	0	8	
3632	18.1600	13	0	7	
3633	18.1650	13	0	7	
3634	18.1700	13	1	7	
3635	18.1750	13	1	7	
3636	18.1800	13	1	7	
3637	18.1850	13	1	6	
3638	18.1900	13	2	6	
3639	18.1950	12	2	6	
3640	18.2000	12	2	6	
3641	18.2050	12	2	6	
3642	18.2100	12	3	6	
3643	18.2150	12	3	6	
3644	18.2200	12	3	5	
3645	18.2250	12	3	5	
3646	18.2300	12	4	5	
3647	18.2350	12	4	4	
3648	18.2400	12	4	4	
3649	18.2450	12	4	4	
3650	18.2500	12	5	4	
3651	18.2550	12	5	4	
3652	18.2600	11	5	4	
3653	18.2650	11	5	3	
3654	18.2700	11	6	3	
3655	18.2750	11	6	3	
3656	18.2800	11	6	2	
3657	18.2850	11	6	2	
3658	18.2900	11	6	2	
3659	18.2950	10	6	2	
3660	18.3000	10	7	1	
3661	18.3050	10	7	1	
3662	18.3100	10	7	1	
3663	18.3150	10	7	0	
3664	18.3200	10	8	0	
3665	18.3250	10	8	0	
3666	18.3300	10	8	0	
3667	18.3350	10	8	-1	
3668	18.3400	10	8	-1	
3669	18.3450	10	8	-1	
3670	18.3500	10	9	-2	
3671	18.3550	10	9	-2	
3672	18.3600	9	9	-2	
3673	18.3650	9	9	-2	
3674	18.3700	9	9	-3	
3675	18.3750	9	9	-3	
3676	18.3800	9	10	-3	
3677	18.3850	9	10	-4	
3678	18.3900	9	10	-4	
3679	18.3950	9	10	-4	
3680	18.4000	8	10	-4	
3681	18.4050	8	10	-5	
3682	18.4100	8	10	-5	
3683	18.4150	8	10	-5	
3684	18.4200	8	10	-6	
3685	18.4250	8	10	-6	
3686	18.4300	8	11	-6	
3687	18.4350	8	11	-6	
3688	18.4400	8	11	-7	
3689	18.4450	8	11	-7	
3690	18.4500	8	11	-7	
3691	18.4550	8	11	-8	
3692	18.4600	8	11	-8	
3693	18.4650	8	11	-8	
3694	18.4700	8	11	-8	
3695	18.4750	8	11	-9	
3696	18.4800	8	11	-9	
3697	18.4850	8	11	-9	
3698	18.4900	8	11	-10	
3699	18.4950	8	11	-10	
3700	18.5000	7	11	-10	
3701	18.5050	7	11	-10	
3702	18.5100	7	11	-10	
3703	18.5150	7	11	-11	
3704	18.5200	7	11	-11	
3705	18.5250	7	11	-11	
3706	18.5300	7	11	-12	
3707	18.5350	7	11	-12	
3708	18.5400	7	11	-12	
3709	18.5450	7	11	-12	
3710	18.5500	7	11	-12	
3711	18.5550	7	11	-13	
3712	18.5600	7	11	-13	
3713	18.5650	7	11	-13	
3714	18.5700	7	11	-13	
3715	18.5750	7	11	-14	
3716	18.5800	7	10	-14	
3717	18.5850	7	10	-14	
3718	18.5900	7	10	-14	
3719	18.5950	7	10	-14	
3720	18.6000	7	10	-14	
3721	18.6050	7	10	-14	
3722	18.6100	7	10	-14	
3723	18.6150	7	10	-15	
3724	18.6200	7	10	-15	
3725	18.6250	7	10	-15	
3726	18.6300	7	9	-15	
3727	18.6350	7	9	-15	
3728	18.6400	7	9	-15	
3729	18.6450	7	9	-16	
3730	18.6500	7	9	-16	
3731	18.6550	7	8	-16	
3732	18.6600	7	8	-16	
3733	18.6650	7	8	-16	
3734	18.6700	7	8	-16	
3735	18.6750	7	8	-16	
3736	18.6800	7	8	-16	
3737	18.6850	7	8	-16	
3738	18.6900	7	7	-16	
3739	18.6950	7	7	-16	
3740	18.7000	8	7	-16	
3741	18.7050	8	7	-16	
3742	18.7100	8	6	-16	
3743	18.7150	8	6	-16	
3744	18.7200	8	6	-16	
3745	18.7250	8	6	-16	
3746	18.7300	8	6	-16	
3747	18.7350	8	6	-16	
3748	18.7400	8	5	-16	
3749	18.7450	8	5	-16	
3750	18.7500	8	5	-16	
3751	18.7550	8	4	-16	
3752	18.7600	8	4	-16	
3753	18.7650	8	4	-16	
3754	18.7700	8	4	-16	
3755	18.7750	8	4	-16	
3756	18.7800	8	3	-16	
3757	18.7850	8	3	-16	
3758	18.7900	8	3	-15	
3759	18.7950	8	3	-15	
3760	18.8000	9	2	-15	
3761	18.8050	9	2	-15	
3762	18.8100	9	2	-15	
3763	18.8150	9	2	-15	
3764	18.8200	9	1	-15	
3765	18.8250	9	1	-14	
3766	18.8300	9	1	-14	
3767	18.8350	9	1	-14	
3768	18.8400	10	0	-14	
3769	18.8450	10	0	-14	
3770	18.8500	10	0	-14	
3771	18.8550	10	0	-14	
3772	18.8600	10	0	-13	
3773	18.8650	10	-1	-13	
3774	18.8700	10	-1	-13	
3775	18.8750	10	-1	-13	
3776	18.8800	10	-2	-12	
3777	18.8850	10	-2	-12	
3778	18.8900	10	-2	-12	
3779	18.8950	10	-2	-12	
3780	18.9000	10	-2	-12	
3781	18.9050	10	-3	-12	
3782	18.9100	11	-3	-11	
3783	18.9150	11	-3	-11	
3784	18.9200	11	-3	-11	
3785	18.9250	11	-4	-10	
3786	18.9300	11	-4	-10	
3787	18.9350	11	-4	-10	
3788	18.9400	12	-4	-10	
3789	18.9450	12	-4	-10	
3790	18.9500	12	-5	-9	
3791	18.9550	12	-5	-9	
3792	18.9600	12	-5	-9	
3793	18.9650	12	-5	-8	
3794	18.9700	12	-6	-8	
3795	18.9750	12	-6	-8	
3796	18.9800	12	-6	-8	
3797	18.9850	12	-6	-7	
3798	18.9900	12	-6	-7	
3799	18.9950	12	-6	-7	
3800	19.0000	12	-7	-6	
3801	19.0050	12	-7	-6	
3802	19.0100	13	-7	-6	
3803	19.0150	13	-7	-6	
3804	19.0200	13	-7	-5	
3805	19.0250	13	-8	-5	
3806	19.0300	13	-8	-5	
3807	19.0350	13	-8	-4	
3808	19.0400	13	-8	-4	
3809	19.0450	14	-8	-4	
3810	19.0500	14	-8	-4	
3811	19.0550	14	-8	-3	
3812	19.0600	14	-8	-3	
3813	19.0650	14	-8	-2	
3814	19.0700	14	-8	-2	
3815	19.0750	14	-9	-2	
3816	19.0800	14	-9	-2	
3817	19.0850	14	-9	-2	
3818	19.0900	14	-9	-1	
3819	19.0950	14	-9	-1	
3820	19.1000	14	-9	-1	
3821	19.1050	14	-9	0	
3822	19.1100	14	-9	0	
3823	19.1150	14	-9	0	
3824	19.1200	14	-9	0	
3825	19.1250	14	-10	1	
3826	19.1300	14	-10	1	
3827	19.1350	15	-10	1	
3828	19.1400	15	-10	2	
3829	19.1450	15	-10	2	
3830	19.1500	15	-10	2	
3831	19.1550	15	-10	2	
3832	19.1600	15	-10	3	
3833	19.1650	15	-10	3	
3834	19.1700	15	-10	3	
3835	19.1750	15	-10	4	
3836	19.1800	15	-10	4	
3837	19.1850	15	-10	4	
3838	19.1900	15	-10	4	
3839	19.1950	15	-10	4	
3840	19.2000	15	-10	4	
3841	19.2050	15	-10	5	
3842	19.2100	16	-10	5	
3843	19.2150	16	-9	5	
3844	19.2200	16	-9	5	
3845	19.2250	16	-9	6	
3846	19.2300	16	-9	6	
3847	19.2350	16	-9	6	
3848	19.2400	16	-9	6	
3849	19.2450	16	-9	6	
3850	19.2500	16	-9	6	
3851	19.2550	16	-9	7	
3852	19.2600	16	-9	7	
3853	19.2650	16	-8	7	
3854	19.2700	16	-8	7	
3855	19.2750	16	-8	7	
3856	19.2800	16	-8	7	
3857	19.2850	16	-8	8	
3858	19.2900	16	-8	8	
3859	19.2950	16	-8	8	
3860	19.3000	16	-8	8	
3861	19.3050	16	-8	8	
3862	19.3100	16	-7	8	
3863	19.3150	16	-7	8	
3864	19.3200	16	-7	8	
3865	19.3250	15	-7	8	
3866	19.3300	15	-7	8	
3867	19.3350	15	-7	8	
3868	19.3400	15	-6	8	
3869	19.3450	15	-6	8	
3870	19.3500	15	-6	8	
3871	19.3550	15	-6	8	
3872	19.3600	15	-6	8	
3873	19.3650	15	-6	8	
3874	19.3700	15	-5	9	
3875	19.3750	15	-5	9	
3876	19.3800	15	-5	9	
3877	19.3850	15	-5	9	
3878	19.3900	15	-4	9	
3879	19.3950	15	-4	9	
3880	19.4000	14	-4	8	
3881	19.4050	14	-4	8	
3882	19.4100	14	-4	8	
3883	19.4150	14	-3	8	
3884	19.4200	14	-3	8	
3885	19.4250	14	-3	8	
3886	19.4300	14	-3	8	
3887	19.4350	14	-2	8	
3888	19.4400	14	-2	8	
3889	19.4450	14	-2	8	
3890	19.4500	14	-2	8	
3891	19.4550	14	-2	8	
3892	19.4600	14	-1	8	
3893	19.4650	14	-1	8	
3894	19.4700	14	-1	8	
3895	19.4750	14	-1	8	
3896	19.4800	14	0	7	
3897	19.4850	14	0	7	
3898	19.4900	13	0	7	
3899	19.4950	13	0	7	
3900	19.5000	13	1	7	
3901	19.5050	13	1	6	
3902	19.5100	13	1	6	
3903	19.5150	13	1	6	
3904	19.5200	13	2	6	
3905	19.5250	12	2	6	
3906	19.5300	12	2	6	
3907	19.5350	12	2	6	
3908	19.5400	12	2	5	
3909	19.5450	12	3	5	
3910	19.5500	12	3	5	
3911	19.5550	12	3	5	
3912	19.5600	12	4	4	
3913	19.5650	12	4	4	
3914	19.5700	12	4	4	
3915	19.5750	12	4	4	
3916	19.5800	12	4	4	
3917	19.5850	12	5	4	
3918	19.5900	11	5	3	
3919	19.5950	11	5	3	
3920	19.6000	11	5	3	
3921	19.6050	11	6	2	
3922	19.6100	11	6	2	
3923	19.6150	11	6	2	
3924	19.6200	11	6	2	
3925	19.6250	10	6	2	
3926	19.6300	10	7	1	
3927	19.6350	10	7	1	
3928	19.6400	10	7	1	
3929	19.6450	10	7	0	
3930	19.6500	10	7	0	
3931	19.6550	10	8	0	
3932	19.6600	10	8	0	
3933	19.6650	10	8	-1	
3934	19.6700	10	8	-1	
3935	19.6750	10	8	-1	
3936	19.6800	10	8	-2	
3937	19.6850	10	8	-2	
3938	19.6900	9	9	-2	
3939	19.6950	9	9	-2	
3940	19.7000	9	9	-3	
3941	19.7050	9	9	-3	
3942	19.7100	9	9	-3	
3943	19.7150	9	10	-4	
3944	19.7200	9	10	-4	
3945	19.7250	9	10	-4	
3946	19.7300	8	10	-4	
3947	19.7350	8	10	-5	
3948	19.7400	8	10	-5	
3949	19.7450	8	10	-5	
3950	19.7500	8	10	-6	
3951	19.7550	8	10	-6	
3952	19.7600	8	10	-6	
3953	19.7650	8	10	-6	
3954	19.7700	8	11	-7	
3955	19.7750	8	11	-7	
3956	19.7800	8	11	-7	
3957	19.7850	8	11	-8	
3958	19.7900	8	11	-8	
3959	19.7950	8	11	-8	
3960	19.8000	8	11	-8	
3961	19.8050	8	11	-9	
3962	19.8100	8	11	-9	
3963	19.8150	8	11	-9	
3964	19.8200	8	11	-10	
3965	19.8250	8	11	-10	
3966	19.8300	7	11	-10	
3967	19.8350	7	11	-10	
3968	19.8400	7	11	-10	
3969	19.8450	7	11	-11	
3970	19.8500	7	11	-11	
3971	19.8550	7	11	-11	
3972	19.8600	7	11	-12	
3973	19.8650	7	11	-12	
3974	19.8700	7	11	-12	
3975	19.8750	7	11	-12	
3976	19.8800	7	11	-12	
3977	19.8850	7	11	-12	
3978	19.8900	7	11	-13	
3979	19.8950	7	11	-13	
3980	19.9000	7	11	-13	
3981	19.9050	7	11	-13	
3982	19.9100	7	11	-14	
3983	19.9150	7	10	-14	
3984	19.9200	7	10	-14	
3985	19.9250	7	10	-14	
3986	19.9300	7	10	-14	
3987	19.9350	7	10	-14	
3988	19.9400	7	10	-14	
3989	19.9450	7	10	-14	
3990	19.9500	7	10	-15	
3991	19.9550	7	10	-15	
3992	19.9600	7	10	-15	
3993	19.9650	7	9	-15	
3994	19.9700	7	9	-15	
3995	19.9750	7	9	-15	
3996	19.9800	7	9	-16	
3997	19.9850	7	9	-16	
3998	19.9900	7	9	-16	
3999	19.9950	7	8	-16	
4000	20.0000	7	8	-16	
4001	20.0050	7	8	-16	
4002	20.0100	7	8	-16	
4003	20.0150	7	8	-16	
4004	20.0200	7	8	-16	
4005	20.0250	7	7	-16	
4006	20.0300	8	7	-16	
4007	20.0350	8	7	-16	
4008	20.0400	8	7	-16	
4009	20.0450	8	6	-16	
4010	20.0500	8	6	-16	
4011	20.0550	8	6	-16	
4012	20.0600	8	6	-16	
4013	20.0650	8	6	-16	
4014	20.0700	8	6	-16	
4015	20.0750	8	5	-16	
4016	20.0800	8	5	-16	
4017	20.0850	8	5	-16	
4018	20.0900	8	5	-16	
4019	20.0950	8	4	-16	
4020	20.1000	8	4	-16	
4021	20.1050	8	4	-16	
4022	20.1100	8	4	-16	
4023	20.1150	8	4	-16	
4024	20.1200	8	3	-16	
4025	20.1250	8	3	-16	
4026	20.1300	9	3	-15	
4027	20.1350	9	2	-15	
4028	20.1400	9	2	-15	
4029	20.1450	9	2	-15	
4030	20.1500	9	2	-15	
4031	20.1550	9	2	-15	
4032	20.1600	9	1	-14	
4033	20.1650	9	1	-14	
4034	20.1700	10	1	-14	
4035	20.1750	10	0	-14	
4036	20.1800	10	0	-14	
4037	20.1850	10	0	-14	
4038	20.1900	10	0	-14	
4039	20.1950	10	0	-14	
4040	20.2000	10	-1	-13	
4041	20.2050	10	-1	-13	
4042	20.2100	10	-1	-13	
4043	20.2150	10	-2	-13	
4044	20.2200	10	-2	-12	
4045	20.2250	10	-2	-12	
4046	20.2300	10	-2	-12	
4047	20.2350	10	-2	-12	
4048	20.2400	11	-3	-12	
4049	20.2450	11	-3	-11	
4050	20.2500	11	-3	-11	
4051	20.2550	11	-3	-11	
4052	20.2600	11	-4	-10	
4053	20.2650	11	-4	-10	
4054	20.2700	12	-4	-10	
4055	20.2750	12	-4	-10	
4056	20.2800	12	-4	-10	
4057	20.2850	12	-5	-9	
4058	20.2900	12	-5	-9	
4059	20.2950	12	-5	-9	
4060	20.3000	12	-5	-8	
4061	20.3050	12	-6	-8	
4062	20.3100	12	-6	-8	
4063	20.3150	12	-6	-8	
4064	20.3200	12	-6	-7	
4065	20.3250	12	-6	-7	
4066	20.3300	12	-6	-7	
4067	20.3350	12	-6	-6	
4068	20.3400	13	-7	-6	
4069	20.3450	13	-7	-6	
4070	20.3500	13	-7	-6	
4071	20.3550	13	-7	-5	
4072	20.3600	13	-7	-5	
4073	20.3650	13	-8	-5	
4074	20.3700	13	-8	-4	
4075	20.3750	14	-8	-4	
4076	20.3800	14	-8	-4	
4077	20.3850	14	-8	-4	
4078	20.3900	14	-8	-3	
4079	20.3950	14	-8	-3	
4080	20.4000	14	-8	-3	
4081	20.4050	14	-8	-2	
4082	20.4100	14	-9	-2	
4083	20.4150	14	-9	-2	
4084	20.4200	14	-9	-2	
4085	20.4250	14	-9	-1	
4086	20.4300	14	-9	-1	
4087	20.4350	14	-9	-1	
4088	20.4400	14	-9	0	
4089	20.4450	14	-9	0	
4090	20.4500	14	-9	0	
4091	20.4550	14	-9	0	
4092	20.4600	14	-9	1	
4093	20.4650	15	-10	1	
4094	20.4700	15	-10	2	
4095	20.4750	15	-10	2	
4096	20.4800	15	-10	2	
4097	20.4850	15	-10	2	
4098	20.4900	15	-10	2	
4099	20.4950	15	-10	3	
4100	20.5000	15	-10	3	
4101	20.5050	15	-10	3	
4102	20.5100	15	-10	4	
4103	20.5150	15	-10	4	
4104	20.5200	15	-10	4	
4105	20.5250	15	-10	4	
4106	20.5300	15	-10	4	
4107	20.5350	16	-10	5	
4108	20.5400	16	-9	5	
4109	20.5450	16	-9	5	
4110	20.5500	16	-9	5	
4111	20.5550	16	-9	6	
4112	20.5600	16	-9	6	
4113	20.5650	16	-9	6	
4114	20.5700	16	-9	6	
4115	20.5750	16	-9	6	
4116	20.5800	16	-9	6	
4117	20.5850	16	-9	7	
4118	20.5900	16	-8	7	
4119	20.5950	16	-8	7	
4120	20.6000	16	-8	7	
