#	time(s)	count A	count B	count C	count D
1	0.0050	16	4	-40	
2	0.0100	16	5	-39	
3	0.0150	16	6	-39	
4	0.0200	16	7	-38	
5	0.0250	16	8	-38	
6	0.0300	16	8	-38	
7	0.0350	16	9	-37	
8	0.0400	16	10	-37	
9	0.0450	16	11	-36	
10	0.0500	16	12	-36	
11	0.0550	16	13	-35	
12	0.0600	16	14	-35	
13	0.0650	16	14	-34	
14	0.0700	16	15	-34	
15	0.0750	16	16	-33	
16	0.0800	16	17	-32	
17	0.0850	16	18	-32	
18	0.0900	16	18	-31	
19	0.0950	16	19	-31	
20	0.1000	16	20	-30	
21	0.1050	16	21	-30	
22	0.1100	16	22	-29	
23	0.1150	16	22	-28	
24	0.1200	16	23	-28	
25	0.1250	16	24	-27	
26	0.1300	16	25	-26	
27	0.1350	16	25	-25	
28	0.1400	16	26	-24	
29	0.1450	15	27	-24	
30	0.1500	15	27	-23	
31	0.1550	15	28	-22	
32	0.1600	15	29	-22	
33	0.1650	15	29	-21	
34	0.1700	15	30	-20	
35	0.1750	15	30	-19	
36	0.1800	15	31	-18	
37	0.1850	15	32	-18	
38	0.1900	15	32	-17	
39	0.1950	15	33	-16	
40	0.2000	15	34	-15	
41	0.2050	15	34	-14	
42	0.2100	15	34	-14	
43	0.2150	15	35	-13	
44	0.2200	14	36	-12	
45	0.2250	14	36	-11	
46	0.2300	14	36	-10	
47	0.2350	14	37	-9	
48	0.2400	14	37	-8	
49	0.2450	14	38	-8	
50	0.2500	14	38	-7	
51	0.2550	14	38	-6	
52	0.2600	14	39	-5	
53	0.2650	14	39	-4	
54	0.2700	14	39	-3	
55	0.2750	14	40	-2	
56	0.2800	14	40	-2	
57	0.2850	14	40	-1	
58	0.2900	14	40	0	
59	0.2950	14	41	1	
60	0.3000	14	41	2	
61	0.3050	14	41	3	
62	0.3100	14	41	4	
63	0.3150	14	41	4	
64	0.3200	13	42	5	
65	0.3250	13	42	6	
66	0.3300	13	42	7	
67	0.3350	13	42	8	
68	0.3400	13	42	8	
69	0.3450	13	42	9	
70	0.3500	13	42	10	
71	0.3550	13	42	11	
72	0.3600	12	42	12	
73	0.3650	12	42	12	
74	0.3700	12	42	13	
75	0.3750	12	42	14	
76	0.3800	12	42	15	
77	0.3850	12	42	16	
78	0.3900	12	41	16	
79	0.3950	12	41	17	
80	0.4000	12	41	18	
81	0.4050	12	41	18	
82	0.4100	12	40	19	
83	0.4150	12	40	20	
84	0.4200	12	40	21	
85	0.4250	12	40	21	
86	0.4300	12	40	22	
87	0.4350	11	39	23	
88	0.4400	11	39	23	
89	0.4450	11	38	24	
90	0.4500	11	38	24	
91	0.4550	11	38	25	
92	0.4600	11	38	26	
93	0.4650	11	37	26	
94	0.4700	10	37	27	
95	0.4750	10	36	28	
96	0.4800	10	36	28	
97	0.4850	10	35	28	
98	0.4900	10	35	29	
99	0.4950	10	34	30	
100	0.5000	10	34	30	
101	0.5050	10	33	30	
102	0.5100	10	33	31	
103	0.5150	10	32	31	
104	0.5200	10	32	32	
105	0.5250	10	31	32	
106	0.5300	10	30	32	
107	0.5350	10	30	33	
108	0.5400	10	29	33	
109	0.5450	9	28	34	
110	0.5500	9	28	34	
111	0.5550	9	27	34	
112	0.5600	9	26	34	
113	0.5650	9	26	34	
114	0.5700	9	25	35	
115	0.5750	9	24	35	
116	0.5800	9	24	35	
117	0.5850	9	23	36	
118	0.5900	8	22	36	
119	0.5950	8	21	36	
120	0.6000	8	20	36	
121	0.6050	8	20	36	
122	0.6100	8	19	36	
123	0.6150	8	18	36	
124	0.6200	8	17	36	
125	0.6250	8	16	36	
126	0.6300	8	16	36	
127	0.6350	8	15	36	
128	0.6400	8	14	36	
129	0.6450	8	13	36	
130	0.6500	8	12	36	
131	0.6550	8	12	36	
132	0.6600	8	11	36	
133	0.6650	8	10	36	
134	0.6700	8	9	36	
135	0.6750	8	8	36	
136	0.6800	8	7	36	
137	0.6850	8	6	35	
138	0.6900	8	6	35	
139	0.6950	8	5	35	
140	0.7000	7	4	34	
141	0.7050	7	3	34	
142	0.7100	7	2	34	
143	0.7150	7	1	34	
144	0.7200	7	0	34	
145	0.7250	7	-1	33	
146	0.7300	7	-2	33	
147	0.7350	7	-2	32	
148	0.7400	7	-3	32	
149	0.7450	7	-4	32	
150	0.7500	7	-5	31	
151	0.7550	7	-6	31	
152	0.7600	7	-7	30	
153	0.7650	7	-8	30	
154	0.7700	7	-8	30	
155	0.7750	7	-9	29	
156	0.7800	7	-10	28	
157	0.7850	7	-11	28	
158	0.7900	7	-12	27	
159	0.7950	7	-12	27	
160	0.8000	7	-13	26	
161	0.8050	7	-14	26	
162	0.8100	7	-15	25	
163	0.8150	7	-16	24	
164	0.8200	7	-17	24	
165	0.8250	7	-17	23	
166	0.8300	7	-18	22	
167	0.8350	7	-19	22	
168	0.8400	7	-20	21	
169	0.8450	7	-20	20	
170	0.8500	7	-21	20	
171	0.8550	7	-22	19	
172	0.8600	7	-23	18	
173	0.8650	7	-23	18	
174	0.8700	7	-24	17	
175	0.8750	7	-25	16	
176	0.8800	7	-25	16	
177	0.8850	7	-26	15	
178	0.8900	7	-27	14	
179	0.8950	7	-27	13	
180	0.9000	7	-28	12	
181	0.9050	7	-28	12	
182	0.9100	7	-29	11	
183	0.9150	7	-30	10	
184	0.9200	7	-30	9	
185	0.9250	8	-31	8	
186	0.9300	8	-31	8	
187	0.9350	8	-32	7	
188	0.9400	8	-32	6	
189	0.9450	8	-33	5	
190	0.9500	8	-33	4	
191	0.9550	8	-34	3	
192	0.9600	8	-34	2	
193	0.9650	8	-35	2	
194	0.9700	8	-35	1	
195	0.9750	8	-36	0	
196	0.9800	8	-36	-1	
197	0.9850	8	-36	-2	
198	0.9900	8	-36	-3	
199	0.9950	8	-37	-4	
200	1.0000	8	-37	-4	
201	1.0050	8	-38	-5	
202	1.0100	8	-38	-6	
203	1.0150	8	-38	-7	
204	1.0200	8	-38	-8	
205	1.0250	8	-38	-9	
206	1.0300	8	-39	-10	
207	1.0350	8	-39	-10	
208	1.0400	9	-39	-11	
209	1.0450	9	-39	-12	
210	1.0500	9	-39	-13	
211	1.0550	9	-39	-14	
212	1.0600	9	-40	-14	
213	1.0650	9	-40	-15	
214	1.0700	9	-40	-16	
215	1.0750	9	-40	-17	
216	1.0800	10	-40	-18	
217	1.0850	10	-40	-18	
218	1.0900	10	-40	-20	
219	1.0950	10	-40	-20	
220	1.1000	10	-40	-21	
221	1.1050	10	-40	-22	
222	1.1100	10	-39	-22	
223	1.1150	10	-39	-23	
224	1.1200	10	-39	-24	
225	1.1250	10	-39	-25	
226	1.1300	10	-39	-26	
227	1.1350	10	-38	-26	
228	1.1400	10	-38	-27	
229	1.1450	10	-38	-28	
230	1.1500	10	-38	-28	
231	1.1550	10	-38	-29	
232	1.1600	11	-37	-30	
233	1.1650	11	-37	-30	
234	1.1700	11	-37	-31	
235	1.1750	11	-36	-32	
236	1.1800	11	-36	-32	
237	1.1850	11	-36	-33	
238	1.1900	11	-35	-33	
239	1.1950	12	-35	-34	
240	1.2000	12	-34	-34	
241	1.2050	12	-34	-35	
242	1.2100	12	-34	-36	
243	1.2150	12	-33	-36	
244	1.2200	12	-33	-36	
245	1.2250	12	-32	-37	
246	1.2300	12	-32	-37	
247	1.2350	12	-31	-38	
248	1.2400	12	-31	-38	
249	1.2450	12	-30	-39	
250	1.2500	12	-30	-39	
251	1.2550	12	-29	-40	
252	1.2600	12	-28	-40	
253	1.2650	12	-28	-40	
254	1.2700	13	-27	-40	
255	1.2750	13	-26	-41	
256	1.2800	13	-26	-41	
257	1.2850	13	-25	-41	
258	1.2900	13	-24	-42	
259	1.2950	13	-24	-42	
260	1.3000	13	-23	-42	
261	1.3050	13	-22	-42	
262	1.3100	14	-22	-42	
263	1.3150	14	-21	-42	
264	1.3200	14	-20	-43	
265	1.3250	14	-20	-43	
266	1.3300	14	-19	-43	
267	1.3350	14	-18	-43	
268	1.3400	14	-17	-43	
269	1.3450	14	-16	-43	
270	1.3500	14	-16	-43	
271	1.3550	14	-15	-43	
272	1.3600	14	-14	-43	
273	1.3650	14	-13	-43	
274	1.3700	14	-12	-43	
275	1.3750	14	-12	-43	
276	1.3800	14	-11	-43	
277	1.3850	14	-10	-43	
278	1.3900	14	-9	-43	
279	1.3950	14	-8	-43	
280	1.4000	14	-7	-42	
281	1.4050	14	-6	-42	
282	1.4100	15	-6	-42	
283	1.4150	15	-5	-42	
284	1.4200	15	-4	-42	
285	1.4250	15	-3	-42	
286	1.4300	15	-2	-41	
287	1.4350	15	-1	-41	
288	1.4400	15	0	-41	
289	1.4450	15	0	-40	
290	1.4500	15	1	-40	
291	1.4550	15	2	-40	
292	1.4600	15	3	-39	
293	1.4650	15	4	-39	
294	1.4700	15	5	-38	
295	1.4750	15	6	-38	
296	1.4800	16	6	-38	
297	1.4850	16	7	-37	
298	1.4900	16	8	-37	
299	1.4950	16	9	-36	
300	1.5000	16	10	-36	
301	1.5050	16	11	-35	
302	1.5100	16	12	-35	
303	1.5150	16	12	-34	
304	1.5200	16	13	-34	
305	1.5250	16	14	-33	
306	1.5300	16	15	-32	
307	1.5350	16	16	-32	
308	1.5400	16	17	-31	
309	1.5450	16	18	-31	
310	1.5500	16	18	-30	
311	1.5550	16	19	-29	
312	1.5600	16	20	-29	
313	1.5650	16	20	-28	
314	1.5700	16	21	-27	
315	1.5750	16	22	-27	
316	1.5800	16	23	-26	
317	1.5850	16	24	-25	
318	1.5900	16	24	-24	
319	1.5950	16	25	-24	
320	1.6000	16	26	-23	
321	1.6050	16	26	-22	
322	1.6100	16	27	-22	
323	1.6150	16	28	-21	
324	1.6200	16	28	-20	
325	1.6250	16	29	-19	
326	1.6300	16	30	-18	
327	1.6350	16	30	-18	
328	1.6400	15	31	-17	
329	1.6450	15	32	-16	
330	1.6500	15	32	-15	
331	1.6550	15	33	-14	
332	1.6600	15	33	-14	
333	1.6650	15	34	-12	
334	1.6700	15	34	-12	
335	1.6750	15	35	-11	
336	1.6800	15	35	-10	
337	1.6850	15	36	-9	
338	1.6900	15	36	-8	
339	1.6950	15	36	-8	
340	1.7000	15	37	-7	
341	1.7050	15	37	-6	
342	1.7100	14	38	-5	
343	1.7150	14	38	-4	
344	1.7200	14	38	-3	
345	1.7250	14	39	-2	
346	1.7300	14	39	-2	
347	1.7350	14	40	0	
348	1.7400	14	40	0	
349	1.7450	14	40	1	
350	1.7500	14	40	2	
351	1.7550	14	40	3	
352	1.7600	14	41	4	
353	1.7650	14	41	4	
354	1.7700	14	41	5	
355	1.7750	14	41	6	
356	1.7800	14	41	7	
357	1.7850	14	42	8	
358	1.7900	14	42	9	
359	1.7950	14	42	10	
360	1.8000	14	42	10	
361	1.8050	14	42	11	
362	1.8100	13	42	12	
363	1.8150	13	42	13	
364	1.8200	13	42	14	
365	1.8250	13	42	14	
366	1.8300	13	42	15	
367	1.8350	13	42	16	
368	1.8400	13	42	16	
369	1.8450	13	42	17	
370	1.8500	12	41	18	
371	1.8550	12	41	19	
372	1.8600	12	41	20	
373	1.8650	12	41	20	
374	1.8700	12	41	21	
375	1.8750	12	40	22	
376	1.8800	12	40	22	
377	1.8850	12	40	23	
378	1.8900	12	40	24	
379	1.8950	12	40	24	
380	1.9000	12	39	25	
381	1.9050	12	39	25	
382	1.9100	12	38	26	
383	1.9150	12	38	26	
384	1.9200	11	38	27	
385	1.9250	11	37	28	
386	1.9300	11	37	28	
387	1.9350	11	36	29	
388	1.9400	11	36	29	
389	1.9450	11	36	30	
390	1.9500	11	35	30	
391	1.9550	11	35	30	
392	1.9600	10	34	31	
393	1.9650	10	34	31	
394	1.9700	10	33	32	
395	1.9750	10	32	32	
396	1.9800	10	32	32	
397	1.9850	10	31	33	
398	1.9900	10	31	33	
399	1.9950	10	30	34	
400	2.0000	10	30	34	
401	2.0050	10	29	34	
402	2.0100	10	28	34	
403	2.0150	10	28	35	
404	2.0200	10	27	35	
405	2.0250	10	26	35	
406	2.0300	10	26	35	
407	2.0350	9	25	36	
408	2.0400	9	24	36	
409	2.0450	9	24	36	
410	2.0500	9	23	36	
411	2.0550	9	22	36	
412	2.0600	9	21	36	
413	2.0650	9	20	36	
414	2.0700	9	20	36	
415	2.0750	9	19	36	
416	2.0800	8	18	36	
417	2.0850	8	17	36	
418	2.0900	8	16	36	
419	2.0950	8	16	36	
420	2.1000	8	15	36	
421	2.1050	8	14	36	
422	2.1100	8	13	36	
423	2.1150	8	12	36	
424	2.1200	8	12	36	
425	2.1250	8	11	36	
426	2.1300	8	10	36	
427	2.1350	8	9	35	
428	2.1400	8	8	35	
429	2.1450	8	7	35	
430	2.1500	8	6	34	
431	2.1550	8	6	34	
432	2.1600	8	5	34	
433	2.1650	8	4	34	
434	2.1700	8	3	34	
435	2.1750	8	2	33	
436	2.1800	8	1	33	
437	2.1850	8	0	32	
438	2.1900	7	0	32	
439	2.1950	7	-2	32	
440	2.2000	7	-2	31	
441	2.2050	7	-3	31	
442	2.2100	7	-4	30	
443	2.2150	7	-5	30	
444	2.2200	7	-6	29	
445	2.2250	7	-7	29	
446	2.2300	7	-8	28	
447	2.2350	7	-8	28	
448	2.2400	7	-9	27	
449	2.2450	7	-10	27	
450	2.2500	7	-11	26	
451	2.2550	7	-12	26	
452	2.2600	7	-12	25	
453	2.2650	7	-13	24	
454	2.2700	7	-14	24	
455	2.2750	7	-15	23	
456	2.2800	7	-16	22	
457	2.2850	7	-16	22	
458	2.2900	7	-17	21	
459	2.2950	7	-18	20	
460	2.3000	7	-19	20	
461	2.3050	7	-20	19	
462	2.3100	7	-20	18	
463	2.3150	7	-21	18	
464	2.3200	7	-22	17	
465	2.3250	7	-22	16	
466	2.3300	7	-23	15	
467	2.3350	7	-24	14	
468	2.3400	7	-25	14	
469	2.3450	7	-25	13	
470	2.3500	7	-26	12	
471	2.3550	7	-26	12	
472	2.3600	7	-27	11	
473	2.3650	7	-28	10	
474	2.3700	7	-28	9	
475	2.3750	7	-29	8	
476	2.3800	7	-30	8	
477	2.3850	7	-30	7	
478	2.3900	7	-31	6	
479	2.3950	7	-31	5	
480	2.4000	7	-32	4	
481	2.4050	7	-32	3	
482	2.4100	7	-33	2	
483	2.4150	8	-33	2	
484	2.4200	8	-34	1	
485	2.4250	8	-34	0	
486	2.4300	8	-34	-1	
487	2.4350	8	-35	-2	
488	2.4400	8	-35	-3	
489	2.4450	8	-36	-4	
490	2.4500	8	-36	-4	
491	2.4550	8	-36	-5	
492	2.4600	8	-37	-6	
493	2.4650	8	-37	-7	
494	2.4700	8	-37	-8	
495	2.4750	8	-38	-9	
496	2.4800	8	-38	-10	
497	2.4850	8	-38	-10	
498	2.4900	8	-38	-11	
499	2.4950	8	-38	-12	
500	2.5000	8	-39	-13	
501	2.5050	8	-39	-14	
502	2.5100	8	-39	-15	
503	2.5150	8	-39	-16	
504	2.5200	8	-39	-16	
505	2.5250	9	-39	-17	
506	2.5300	9	-40	-18	
507	2.5350	9	-40	-19	
508	2.5400	9	-40	-20	
509	2.5450	9	-40	-20	
510	2.5500	9	-40	-21	
511	2.5550	9	-40	-22	
512	2.5600	9	-40	-23	
513	2.5650	9	-40	-24	
514	2.5700	10	-39	-24	
515	2.5750	10	-39	-25	
516	2.5800	10	-39	-26	
517	2.5850	10	-39	-26	
518	2.5900	10	-39	-27	
519	2.5950	10	-39	-28	
520	2.6000	10	-38	-28	
521	2.6050	10	-38	-29	
522	2.6100	10	-38	-30	
523	2.6150	10	-38	-30	
524	2.6200	10	-38	-31	
525	2.6250	10	-37	-32	
526	2.6300	10	-37	-32	
527	2.6350	10	-37	-33	
528	2.6400	10	-36	-33	
529	2.6450	11	-36	-34	
530	2.6500	11	-36	-34	
531	2.6550	11	-35	-35	
532	2.6600	11	-35	-36	
533	2.6650	11	-34	-36	
534	2.6700	11	-34	-36	
535	2.6750	11	-34	-37	
536	2.6800	12	-33	-38	
537	2.6850	12	-33	-38	
538	2.6900	12	-32	-38	
539	2.6950	12	-32	-39	
540	2.7000	12	-31	-39	
541	2.7050	12	-31	-40	
542	2.7100	12	-30	-40	
543	2.7150	12	-30	-40	
544	2.7200	12	-29	-40	
545	2.7250	12	-28	-41	
546	2.7300	12	-28	-41	
547	2.7350	12	-27	-41	
548	2.7400	12	-26	-42	
549	2.7450	12	-26	-42	
550	2.7500	12	-25	-42	
551	2.7550	13	-24	-42	
552	2.7600	13	-24	-42	
553	2.7650	13	-23	-42	
554	2.7700	13	-22	-43	
555	2.7750	13	-22	-43	
556	2.7800	13	-21	-43	
557	2.7850	13	-20	-43	
558	2.7900	13	-20	-43	
559	2.7950	14	-19	-43	
560	2.8000	14	-18	-43	
561	2.8050	14	-17	-43	
562	2.8100	14	-16	-43	
563	2.8150	14	-16	-43	
564	2.8200	14	-15	-43	
565	2.8250	14	-14	-43	
566	2.8300	14	-13	-43	
567	2.8350	14	-12	-43	
568	2.8400	14	-12	-43	
569	2.8450	14	-11	-43	
570	2.8500	14	-10	-42	
571	2.8550	14	-9	-42	
572	2.8600	14	-8	-42	
573	2.8650	14	-8	-42	
574	2.8700	14	-7	-42	
575	2.8750	14	-6	-42	
576	2.8800	14	-5	-41	
577	2.8850	14	-4	-41	
578	2.8900	14	-3	-41	
579	2.8950	15	-2	-40	
580	2.9000	15	-2	-40	
581	2.9050	15	0	-40	
582	2.9100	15	0	-39	
583	2.9150	15	1	-39	
584	2.9200	15	2	-38	
585	2.9250	15	3	-38	
586	2.9300	15	4	-38	
587	2.9350	15	5	-37	
588	2.9400	15	6	-37	
589	2.9450	15	6	-36	
590	2.9500	15	7	-36	
591	2.9550	15	8	-35	
592	2.9600	15	9	-35	
593	2.9650	15	10	-34	
594	2.9700	16	10	-34	
595	2.9750	16	12	-33	
596	2.9800	16	12	-32	
597	2.9850	16	13	-32	
598	2.9900	16	14	-31	
599	2.9950	16	15	-30	
600	3.0000	16	16	-30	
601	3.0050	16	16	-29	
602	3.0100	16	17	-28	
603	3.0150	16	18	-28	
604	3.0200	16	19	-27	
605	3.0250	16	20	-26	
606	3.0300	16	20	-26	
607	3.0350	16	21	-25	
608	3.0400	16	22	-24	
609	3.0450	16	23	-24	
610	3.0500	16	23	-23	
611	3.0550	16	24	-22	
612	3.0600	16	25	-22	
613	3.0650	16	26	-21	
614	3.0700	16	26	-20	
615	3.0750	16	27	-19	
616	3.0800	16	28	-18	
617	3.0850	16	28	-18	
618	3.0900	16	29	-17	
619	3.0950	16	30	-16	
620	3.1000	16	30	-15	
621	3.1050	16	31	-14	
622	3.1100	16	31	-13	
623	3.1150	16	32	-12	
624	3.1200	16	32	-12	
625	3.1250	15	33	-11	
626	3.1300	15	34	-10	
627	3.1350	15	34	-9	
628	3.1400	15	34	-8	
629	3.1450	15	35	-7	
630	3.1500	15	36	-6	
631	3.1550	15	36	-6	
632	3.1600	15	36	-5	
633	3.1650	15	37	-4	
634	3.1700	15	37	-3	
635	3.1750	15	38	-2	
636	3.1800	15	38	-1	
637	3.1850	15	38	0	
638	3.1900	15	39	0	
639	3.1950	15	39	1	
640	3.2000	14	39	2	
641	3.2050	14	40	3	
642	3.2100	14	40	4	
643	3.2150	14	40	5	
644	3.2200	14	40	6	
645	3.2250	14	40	6	
646	3.2300	14	41	7	
647	3.2350	14	41	8	
648	3.2400	14	41	9	
649	3.2450	14	41	10	
650	3.2500	14	41	10	
651	3.2550	14	41	11	
652	3.2600	14	42	12	
653	3.2650	14	42	13	
654	3.2700	14	42	14	
655	3.2750	14	42	14	
656	3.2800	14	42	15	
657	3.2850	14	42	16	
658	3.2900	14	42	17	
659	3.2950	13	42	18	
660	3.3000	13	42	18	
661	3.3050	13	42	19	
662	3.3100	13	41	20	
663	3.3150	13	41	20	
664	3.3200	13	41	21	
665	3.3250	13	41	22	
666	3.3300	13	41	22	
667	3.3350	12	41	23	
668	3.3400	12	40	24	
669	3.3450	12	40	24	
670	3.3500	12	40	25	
671	3.3550	12	40	26	
672	3.3600	12	39	26	
673	3.3650	12	39	27	
674	3.3700	12	39	27	
675	3.3750	12	38	28	
676	3.3800	12	38	28	
677	3.3850	12	38	29	
678	3.3900	12	37	29	
679	3.3950	12	37	30	
680	3.4000	12	36	30	
681	3.4050	12	36	31	
682	3.4100	11	36	31	
683	3.4150	11	35	32	
684	3.4200	11	35	32	
685	3.4250	11	34	32	
686	3.4300	11	34	33	
687	3.4350	11	33	33	
688	3.4400	11	33	34	
689	3.4450	10	32	34	
690	3.4500	10	32	34	
691	3.4550	10	31	34	
692	3.4600	10	30	35	
693	3.4650	10	30	35	
694	3.4700	10	29	35	
695	3.4750	10	28	35	
696	3.4800	10	28	36	
697	3.4850	10	27	36	
698	3.4900	10	26	36	
699	3.4950	10	26	36	
700	3.5000	10	25	36	
701	3.5050	10	24	36	
702	3.5100	10	24	36	
703	3.5150	10	23	36	
704	3.5200	9	22	36	
705	3.5250	9	22	36	
706	3.5300	9	21	36	
707	3.5350	9	20	36	
708	3.5400	9	19	36	
709	3.5450	9	18	36	
710	3.5500	9	18	36	
711	3.5550	9	17	36	
712	3.5600	9	16	36	
713	3.5650	8	15	36	
714	3.5700	8	14	36	
715	3.5750	8	14	36	
716	3.5800	8	13	36	
717	3.5850	8	12	35	
718	3.5900	8	11	35	
719	3.5950	8	10	35	
720	3.6000	8	10	35	
721	3.6050	8	8	34	
722	3.6100	8	8	34	
723	3.6150	8	7	34	
724	3.6200	8	6	34	
725	3.6250	8	5	33	
726	3.6300	8	4	33	
727	3.6350	8	4	32	
728	3.6400	8	2	32	
729	3.6450	8	2	32	
730	3.6500	8	1	31	
731	3.6550	8	0	31	
732	3.6600	8	-1	30	
733	3.6650	8	-2	30	
734	3.6700	7	-3	30	
735	3.6750	7	-4	29	
736	3.6800	7	-4	28	
737	3.6850	7	-5	28	
738	3.6900	7	-6	27	
739	3.6950	7	-7	27	
740	3.7000	7	-8	26	
741	3.7050	7	-9	26	
742	3.7100	7	-10	25	
743	3.7150	7	-10	24	
744	3.7200	7	-11	24	
745	3.7250	7	-12	23	
746	3.7300	7	-13	22	
747	3.7350	7	-14	22	
748	3.7400	7	-14	21	
749	3.7450	7	-15	20	
750	3.7500	7	-16	20	
751	3.7550	7	-17	19	
752	3.7600	7	-18	18	
753	3.7650	7	-18	18	
754	3.7700	7	-19	17	
755	3.7750	7	-20	16	
756	3.7800	7	-20	15	
757	3.7850	7	-21	14	
758	3.7900	7	-22	14	
759	3.7950	7	-22	13	
760	3.8000	7	-23	12	
761	3.8050	7	-24	11	
762	3.8100	7	-25	10	
763	3.8150	7	-25	10	
764	3.8200	7	-26	9	
765	3.8250	7	-26	8	
766	3.8300	7	-27	7	
767	3.8350	7	-28	6	
768	3.8400	7	-28	6	
769	3.8450	7	-29	5	
770	3.8500	7	-30	4	
771	3.8550	7	-30	3	
772	3.8600	7	-31	2	
773	3.8650	7	-31	1	
774	3.8700	7	-32	0	
775	3.8750	7	-32	0	
776	3.8800	7	-33	-1	
777	3.8850	7	-33	-2	
778	3.8900	7	-34	-3	
779	3.8950	7	-34	-4	
780	3.9000	8	-34	-4	
781	3.9050	8	-35	-6	
782	3.9100	8	-35	-6	
783	3.9150	8	-36	-7	
784	3.9200	8	-36	-8	
785	3.9250	8	-36	-9	
786	3.9300	8	-36	-10	
787	3.9350	8	-37	-11	
788	3.9400	8	-37	-12	
789	3.9450	8	-37	-12	
790	3.9500	8	-38	-13	
791	3.9550	8	-38	-14	
792	3.9600	8	-38	-15	
793	3.9650	8	-38	-16	
794	3.9700	8	-38	-16	
795	3.9750	8	-39	-17	
796	3.9800	8	-39	-18	
797	3.9850	8	-39	-19	
798	3.9900	8	-39	-20	
799	3.9950	8	-39	-20	
800	4.0000	8	-39	-21	
801	4.0050	8	-39	-22	
802	4.0100	8	-39	-23	
803	4.0150	9	-39	-24	
804	4.0200	9	-39	-24	
805	4.0250	9	-39	-25	
806	4.0300	9	-39	-26	
807	4.0350	9	-39	-26	
808	4.0400	9	-39	-27	
809	4.0450	9	-39	-28	
810	4.0500	9	-39	-29	
811	4.0550	10	-39	-29	
812	4.0600	10	-38	-30	
813	4.0650	10	-38	-30	
814	4.0700	10	-38	-31	
815	4.0750	10	-38	-32	
816	4.0800	10	-38	-32	
817	4.0850	10	-38	-33	
818	4.0900	10	-37	-34	
819	4.0950	10	-37	-34	
820	4.1000	10	-37	-35	
821	4.1050	10	-36	-35	
822	4.1100	10	-36	-36	
823	4.1150	10	-36	-36	
824	4.1200	10	-36	-37	
825	4.1250	10	-35	-37	
826	4.1300	11	-35	-38	
827	4.1350	11	-34	-38	
828	4.1400	11	-34	-39	
829	4.1450	11	-33	-39	
830	4.1500	11	-33	-40	
831	4.1550	11	-32	-40	
832	4.1600	11	-32	-40	
833	4.1650	11	-32	-40	
834	4.1700	12	-31	-41	
835	4.1750	12	-30	-41	
836	4.1800	12	-30	-41	
837	4.1850	12	-29	-42	
838	4.1900	12	-29	-42	
839	4.1950	12	-28	-42	
840	4.2000	12	-28	-42	
841	4.2050	12	-27	-42	
842	4.2100	12	-26	-43	
843	4.2150	12	-26	-43	
844	4.2200	12	-25	-43	
845	4.2250	12	-24	-43	
846	4.2300	12	-24	-43	
847	4.2350	12	-23	-43	
848	4.2400	13	-22	-43	
849	4.2450	13	-22	-44	
850	4.2500	13	-21	-44	
851	4.2550	13	-20	-44	
852	4.2600	13	-20	-44	
853	4.2650	13	-19	-44	
854	4.2700	13	-18	-44	
855	4.2750	13	-17	-43	
856	4.2800	14	-16	-43	
857	4.2850	14	-16	-43	
858	4.2900	14	-15	-43	
859	4.2950	14	-14	-43	
860	4.3000	14	-13	-43	
861	4.3050	14	-12	-42	
862	4.3100	14	-12	-42	
863	4.3150	14	-11	-42	
864	4.3200	14	-10	-42	
865	4.3250	14	-9	-42	
866	4.3300	14	-8	-42	
867	4.3350	14	-7	-41	
868	4.3400	14	-6	-41	
869	4.3450	14	-6	-40	
870	4.3500	14	-5	-40	
871	4.3550	14	-4	-40	
872	4.3600	14	-3	-40	
873	4.3650	14	-2	-39	
874	4.3700	14	-2	-39	
875	4.3750	14	-1	-38	
876	4.3800	15	0	-38	
877	4.3850	15	1	-37	
878	4.3900	15	2	-37	
879	4.3950	15	3	-36	
880	4.4000	15	4	-36	
881	4.4050	15	5	-35	
882	4.4100	15	6	-35	
883	4.4150	15	6	-34	
884	4.4200	15	7	-34	
885	4.4250	15	8	-33	
886	4.4300	15	9	-32	
887	4.4350	15	10	-32	
888	4.4400	15	10	-31	
889	4.4450	15	11	-31	
890	4.4500	15	12	-30	
891	4.4550	16	13	-30	
892	4.4600	16	14	-29	
893	4.4650	16	15	-28	
894	4.4700	16	16	-27	
895	4.4750	16	16	-27	
896	4.4800	16	17	-26	
897	4.4850	16	18	-25	
898	4.4900	16	19	-24	
899	4.4950	16	19	-24	
900	4.5000	16	20	-23	
901	4.5050	16	21	-22	
902	4.5100	16	22	-22	
903	4.5150	16	22	-21	
904	4.5200	16	23	-20	
905	4.5250	16	24	-19	
906	4.5300	16	24	-18	
907	4.5350	16	25	-18	
908	4.5400	16	26	-17	
909	4.5450	16	27	-16	
910	4.5500	16	27	-15	
911	4.5550	16	28	-14	
912	4.5600	16	28	-14	
913	4.5650	16	29	-13	
914	4.5700	16	30	-12	
915	4.5750	16	30	-11	
916	4.5800	16	31	-10	
917	4.5850	16	32	-9	
918	4.5900	16	32	-8	
919	4.5950	16	33	-8	
920	4.6000	16	33	-7	
921	4.6050	16	34	-6	
922	4.6100	16	34	-5	
923	4.6150	15	35	-4	
924	4.6200	15	35	-3	
925	4.6250	15	36	-2	
926	4.6300	15	36	-1	
927	4.6350	15	36	0	
928	4.6400	15	37	0	
929	4.6450	15	37	1	
930	4.6500	15	38	2	
931	4.6550	15	38	3	
932	4.6600	15	38	4	
933	4.6650	15	39	5	
934	4.6700	15	39	6	
935	4.6750	15	39	6	
936	4.6800	15	40	7	
937	4.6850	14	40	8	
938	4.6900	14	40	9	
939	4.6950	14	40	10	
940	4.7000	14	40	10	
941	4.7050	14	40	11	
942	4.7100	14	41	12	
943	4.7150	14	41	13	
944	4.7200	14	41	14	
945	4.7250	14	41	14	
946	4.7300	14	41	15	
947	4.7350	14	41	16	
948	4.7400	14	41	17	
949	4.7450	14	41	18	
950	4.7500	14	41	18	
951	4.7550	14	41	19	
952	4.7600	14	41	20	
953	4.7650	14	41	20	
954	4.7700	14	41	21	
955	4.7750	14	41	22	
956	4.7800	14	41	22	
957	4.7850	13	41	23	
958	4.7900	13	41	24	
959	4.7950	13	41	24	
960	4.8000	13	40	25	
961	4.8050	13	40	26	
962	4.8100	13	40	26	
963	4.8150	13	40	27	
964	4.8200	12	40	27	
965	4.8250	12	39	28	
966	4.8300	12	39	28	
967	4.8350	12	39	29	
968	4.8400	12	38	29	
969	4.8450	12	38	30	
970	4.8500	12	38	30	
971	4.8550	12	38	31	
972	4.8600	12	37	31	
973	4.8650	12	37	32	
974	4.8700	12	36	32	
975	4.8750	12	36	32	
976	4.8800	12	35	33	
977	4.8850	12	35	33	
978	4.8900	12	34	34	
979	4.8950	11	34	34	
980	4.9000	11	34	34	
981	4.9050	11	33	34	
982	4.9100	11	32	35	
983	4.9150	11	32	35	
984	4.9200	11	31	35	
985	4.9250	11	31	36	
986	4.9300	11	30	36	
987	4.9350	10	30	36	
988	4.9400	10	29	36	
989	4.9450	10	28	36	
990	4.9500	10	28	36	
991	4.9550	10	27	36	
992	4.9600	10	26	36	
993	4.9650	10	26	36	
994	4.9700	10	25	36	
995	4.9750	10	24	36	
996	4.9800	10	24	36	
997	4.9850	10	23	36	
998	4.9900	10	22	36	
999	4.9950	10	21	36	
1000	5.0000	10	21	36	
1001	5.0050	10	20	36	
1002	5.0100	9	19	36	
1003	5.0150	9	18	36	
1004	5.0200	9	18	36	
1005	5.0250	9	17	36	
1006	5.0300	9	16	36	
1007	5.0350	9	15	36	
1008	5.0400	9	14	35	
1009	5.0450	9	14	35	
1010	5.0500	9	13	35	
1011	5.0550	8	12	34	
1012	5.0600	8	11	34	
1013	5.0650	8	10	34	
1014	5.0700	8	10	34	
1015	5.0750	8	8	33	
1016	5.0800	8	8	33	
1017	5.0850	8	7	33	
1018	5.0900	8	6	32	
1019	5.0950	8	5	32	
1020	5.1000	8	4	32	
1021	5.1050	8	4	31	
1022	5.1100	8	3	30	
1023	5.1150	8	2	30	
1024	5.1200	8	1	30	
1025	5.1250	8	0	29	
1026	5.1300	8	-1	28	
1027	5.1350	8	-2	28	
1028	5.1400	8	-2	28	
1029	5.1450	8	-3	27	
1030	5.1500	8	-4	26	
1031	5.1550	8	-5	26	
1032	5.1600	7	-6	25	
1033	5.1650	7	-7	24	
1034	5.1700	7	-8	24	
1035	5.1750	7	-8	23	
1036	5.1800	7	-9	22	
1037	5.1850	7	-10	22	
1038	5.1900	7	-11	21	
1039	5.1950	7	-12	20	
1040	5.2000	7	-12	20	
1041	5.2050	7	-13	19	
1042	5.2100	7	-14	18	
1043	5.2150	7	-15	18	
1044	5.2200	7	-16	17	
1045	5.2250	7	-16	16	
1046	5.2300	7	-17	15	
1047	5.2350	7	-18	15	
1048	5.2400	7	-18	14	
1049	5.2450	7	-19	13	
1050	5.2500	7	-20	12	
1051	5.2550	7	-21	12	
1052	5.2600	7	-22	11	
1053	5.2650	7	-22	10	
1054	5.2700	7	-23	9	
1055	5.2750	7	-24	8	
1056	5.2800	7	-24	8	
1057	5.2850	7	-25	6	
1058	5.2900	7	-25	6	
1059	5.2950	7	-26	5	
1060	5.3000	7	-27	4	
1061	5.3050	7	-27	3	
1062	5.3100	7	-28	2	
1063	5.3150	7	-28	1	
1064	5.3200	7	-29	0	
1065	5.3250	7	-30	0	
1066	5.3300	7	-30	-1	
1067	5.3350	7	-30	-2	
1068	5.3400	7	-31	-3	
1069	5.3450	7	-32	-4	
1070	5.3500	7	-32	-5	
1071	5.3550	7	-32	-6	
1072	5.3600	7	-33	-6	
1073	5.3650	7	-33	-7	
1074	5.3700	7	-34	-8	
1075	5.3750	7	-34	-9	
1076	5.3800	7	-34	-10	
1077	5.3850	7	-35	-11	
1078	5.3900	7	-35	-12	
1079	5.3950	8	-36	-12	
1080	5.4000	8	-36	-13	
1081	5.4050	8	-36	-14	
1082	5.4100	8	-36	-15	
1083	5.4150	8	-37	-16	
1084	5.4200	8	-37	-17	
1085	5.4250	8	-37	-18	
1086	5.4300	8	-38	-18	
1087	5.4350	8	-38	-19	
1088	5.4400	8	-38	-20	
1089	5.4450	8	-38	-21	
1090	5.4500	8	-38	-22	
1091	5.4550	8	-38	-22	
1092	5.4600	8	-38	-23	
1093	5.4650	8	-38	-24	
1094	5.4700	8	-38	-24	
1095	5.4750	8	-39	-25	
1096	5.4800	8	-39	-26	
1097	5.4850	8	-39	-27	
1098	5.4900	8	-39	-27	
1099	5.4950	8	-39	-28	
1100	5.5000	8	-39	-29	
1101	5.5050	9	-38	-30	
1102	5.5100	9	-38	-30	
1103	5.5150	9	-38	-31	
1104	5.5200	9	-38	-31	
1105	5.5250	9	-38	-32	
1106	5.5300	9	-38	-32	
1107	5.5350	9	-38	-33	
1108	5.5400	9	-38	-34	
1109	5.5450	9	-38	-34	
1110	5.5500	10	-37	-35	
1111	5.5550	10	-37	-35	
1112	5.5600	10	-37	-36	
1113	5.5650	10	-36	-36	
1114	5.5700	10	-36	-37	
1115	5.5750	10	-36	-37	
1116	5.5800	10	-36	-38	
1117	5.5850	10	-35	-38	
1118	5.5900	10	-35	-39	
1119	5.5950	10	-35	-39	
1120	5.6000	10	-34	-40	
1121	5.6050	10	-34	-40	
1122	5.6100	10	-34	-40	
1123	5.6150	10	-33	-40	
1124	5.6200	10	-32	-41	
1125	5.6250	11	-32	-41	
1126	5.6300	11	-32	-42	
1127	5.6350	11	-31	-42	
1128	5.6400	11	-31	-42	
1129	5.6450	11	-30	-42	
1130	5.6500	11	-30	-42	
1131	5.6550	11	-29	-43	
1132	5.6600	12	-28	-43	
1133	5.6650	12	-28	-43	
1134	5.6700	12	-27	-43	
1135	5.6750	12	-27	-43	
1136	5.6800	12	-26	-43	
1137	5.6850	12	-26	-44	
1138	5.6900	12	-25	-44	
1139	5.6950	12	-24	-44	
1140	5.7000	12	-24	-44	
1141	5.7050	12	-23	-44	
1142	5.7100	12	-22	-44	
1143	5.7150	12	-22	-44	
1144	5.7200	12	-21	-44	
1145	5.7250	12	-20	-44	
1146	5.7300	12	-20	-43	
1147	5.7350	13	-19	-43	
1148	5.7400	13	-18	-43	
1149	5.7450	13	-17	-43	
1150	5.7500	13	-16	-43	
1151	5.7550	13	-16	-43	
1152	5.7600	13	-15	-42	
1153	5.7650	13	-14	-42	
1154	5.7700	13	-13	-42	
1155	5.7750	14	-12	-42	
1156	5.7800	14	-12	-42	
1157	5.7850	14	-11	-41	
1158	5.7900	14	-10	-41	
1159	5.7950	14	-9	-40	
1160	5.8000	14	-8	-40	
1161	5.8050	14	-8	-40	
1162	5.8100	14	-7	-40	
1163	5.8150	14	-6	-39	
1164	5.8200	14	-5	-39	
1165	5.8250	14	-4	-38	
1166	5.8300	14	-4	-38	
1167	5.8350	14	-3	-37	
1168	5.8400	14	-2	-37	
1169	5.8450	14	-1	-36	
1170	5.8500	14	0	-36	
1171	5.8550	14	1	-36	
1172	5.8600	14	2	-35	
1173	5.8650	14	2	-34	
1174	5.8700	14	3	-34	
1175	5.8750	15	4	-33	
1176	5.8800	15	5	-33	
1177	5.8850	15	6	-32	
1178	5.8900	15	7	-32	
1179	5.8950	15	8	-31	
1180	5.9000	15	8	-30	
1181	5.9050	15	9	-30	
1182	5.9100	15	10	-29	
1183	5.9150	15	11	-28	
1184	5.9200	15	12	-28	
1185	5.9250	15	12	-27	
1186	5.9300	15	13	-26	
1187	5.9350	15	14	-25	
1188	5.9400	15	15	-24	
1189	5.9450	15	16	-24	
1190	5.9500	16	16	-23	
1191	5.9550	16	17	-22	
1192	5.9600	16	18	-22	
1193	5.9650	16	19	-21	
1194	5.9700	16	20	-20	
1195	5.9750	16	20	-19	
1196	5.9800	16	21	-18	
1197	5.9850	16	22	-18	
1198	5.9900	16	22	-17	
1199	5.9950	16	23	-16	
1200	6.0000	16	24	-15	
1201	6.0050	16	24	-14	
1202	6.0100	16	25	-14	
1203	6.0150	16	26	-13	
1204	6.0200	16	26	-12	
1205	6.0250	16	27	-11	
1206	6.0300	16	28	-10	
1207	6.0350	16	28	-9	
1208	6.0400	16	29	-8	
1209	6.0450	16	30	-8	
1210	6.0500	16	30	-7	
1211	6.0550	16	31	-6	
1212	6.0600	16	31	-5	
1213	6.0650	16	32	-4	
1214	6.0700	16	32	-3	
1215	6.0750	16	33	-2	
1216	6.0800	16	33	-2	
1217	6.0850	16	34	-1	
1218	6.0900	16	34	0	
1219	6.0950	16	35	1	
1220	6.1000	16	35	2	
1221	6.1050	15	36	3	
1222	6.1100	15	36	4	
1223	6.1150	15	36	4	
1224	6.1200	15	37	5	
1225	6.1250	15	37	6	
1226	6.1300	15	38	7	
1227	6.1350	15	38	8	
1228	6.1400	15	38	9	
1229	6.1450	15	38	10	
1230	6.1500	15	39	10	
1231	6.1550	15	39	11	
1232	6.1600	15	39	12	
1233	6.1650	15	40	12	
1234	6.1700	15	40	13	
1235	6.1750	15	40	14	
1236	6.1800	14	40	15	
1237	6.1850	14	40	16	
1238	6.1900	14	40	16	
1239	6.1950	14	40	17	
1240	6.2000	14	40	18	
1241	6.2050	14	41	19	
1242	6.2100	14	41	20	
1243	6.2150	14	41	20	
1244	6.2200	14	41	21	
1245	6.2250	14	41	22	
1246	6.2300	14	41	22	
1247	6.2350	14	41	23	
1248	6.2400	14	41	24	
1249	6.2450	14	41	24	
1250	6.2500	14	40	25	
1251	6.2550	14	40	25	
1252	6.2600	14	40	26	
1253	6.2650	14	40	26	
1254	6.2700	14	40	27	
1255	6.2750	13	40	28	
1256	6.2800	13	40	28	
1257	6.2850	13	40	28	
1258	6.2900	13	39	29	
1259	6.2950	13	39	30	
1260	6.3000	13	39	30	
1261	6.3050	13	38	30	
1262	6.3100	13	38	31	
1263	6.3150	12	38	32	
1264	6.3200	12	38	32	
1265	6.3250	12	37	32	
1266	6.3300	12	37	32	
1267	6.3350	12	36	33	
1268	6.3400	12	36	33	
1269	6.3450	12	36	34	
1270	6.3500	12	35	34	
1271	6.3550	12	35	34	
1272	6.3600	12	34	34	
1273	6.3650	12	34	35	
1274	6.3700	12	33	35	
1275	6.3750	12	33	35	
1276	6.3800	12	32	36	
1277	6.3850	12	32	36	
1278	6.3900	11	31	36	
1279	6.3950	11	31	36	
1280	6.4000	11	30	36	
1281	6.4050	11	30	36	
1282	6.4100	11	29	36	
1283	6.4150	11	28	36	
1284	6.4200	11	28	36	
1285	6.4250	10	27	36	
1286	6.4300	10	26	36	
1287	6.4350	10	26	36	
1288	6.4400	10	25	36	
1289	6.4450	10	24	36	
1290	6.4500	10	24	36	
1291	6.4550	10	23	36	
1292	6.4600	10	22	36	
1293	6.4650	10	22	36	
1294	6.4700	10	21	36	
1295	6.4750	10	20	36	
1296	6.4800	10	20	36	
1297	6.4850	10	19	36	
1298	6.4900	10	18	35	
1299	6.4950	10	17	35	
1300	6.5000	9	16	35	
1301	6.5050	9	16	34	
1302	6.5100	9	15	34	
1303	6.5150	9	14	34	
1304	6.5200	9	13	34	
1305	6.5250	9	12	34	
1306	6.5300	9	12	33	
1307	6.5350	9	11	33	
1308	6.5400	9	10	32	
1309	6.5450	8	9	32	
1310	6.5500	8	8	32	
1311	6.5550	8	8	31	
1312	6.5600	8	7	31	
1313	6.5650	8	6	30	
1314	6.5700	8	5	30	
1315	6.5750	8	4	29	
1316	6.5800	8	4	29	
1317	6.5850	8	2	28	
1318	6.5900	8	2	28	
1319	6.5950	8	1	27	
1320	6.6000	8	0	26	
1321	6.6050	8	-1	26	
1322	6.6100	8	-2	25	
1323	6.6150	8	-2	25	
1324	6.6200	8	-3	24	
1325	6.6250	8	-4	24	
1326	6.6300	8	-5	23	
1327	6.6350	8	-6	22	
1328	6.6400	8	-7	22	
1329	6.6450	8	-8	21	
1330	6.6500	8	-8	20	
1331	6.6550	7	-9	20	
1332	6.6600	7	-10	19	
1333	6.6650	7	-11	18	
1334	6.6700	7	-12	17	
1335	6.6750	7	-12	17	
1336	6.6800	7	-13	16	
1337	6.6850	7	-14	15	
1338	6.6900	7	-14	14	
1339	6.6950	7	-15	14	
1340	6.7000	7	-16	13	
1341	6.7050	7	-17	12	
1342	6.7100	7	-18	11	
1343	6.7150	7	-18	10	
1344	6.7200	7	-19	10	
1345	6.7250	7	-20	9	
1346	6.7300	7	-20	8	
1347	6.7350	7	-21	7	
1348	6.7400	7	-22	6	
1349	6.7450	7	-22	6	
1350	6.7500	7	-23	4	
1351	6.7550	7	-24	4	
1352	6.7600	7	-24	3	
1353	6.7650	7	-25	2	
1354	6.7700	7	-26	1	
1355	6.7750	7	-26	0	
1356	6.7800	7	-27	0	
1357	6.7850	7	-27	-1	
1358	6.7900	7	-28	-2	
1359	6.7950	7	-28	-3	
1360	6.8000	7	-29	-4	
1361	6.8050	7	-30	-5	
1362	6.8100	7	-30	-6	
1363	6.8150	7	-30	-6	
1364	6.8200	7	-31	-8	
1365	6.8250	7	-32	-8	
1366	6.8300	7	-32	-9	
1367	6.8350	7	-32	-10	
1368	6.8400	7	-33	-11	
1369	6.8450	7	-33	-12	
1370	6.8500	7	-34	-12	
1371	6.8550	7	-34	-14	
1372	6.8600	7	-34	-14	
1373	6.8650	7	-35	-15	
1374	6.8700	7	-35	-16	
1375	6.8750	7	-35	-17	
1376	6.8800	7	-36	-18	
1377	6.8850	8	-36	-18	
1378	6.8900	8	-36	-19	
1379	6.8950	8	-36	-20	
1380	6.9000	8	-36	-21	
1381	6.9050	8	-37	-22	
1382	6.9100	8	-37	-22	
1383	6.9150	8	-37	-23	
1384	6.9200	8	-37	-24	
1385	6.9250	8	-37	-24	
1386	6.9300	8	-38	-25	
1387	6.9350	8	-38	-26	
1388	6.9400	8	-38	-27	
1389	6.9450	8	-38	-28	
1390	6.9500	8	-38	-28	
1391	6.9550	8	-38	-29	
1392	6.9600	8	-38	-30	
1393	6.9650	8	-38	-30	
1394	6.9700	8	-38	-31	
1395	6.9750	8	-38	-31	
1396	6.9800	8	-38	-32	
1397	6.9850	8	-38	-33	
1398	6.9900	8	-38	-33	
1399	6.9950	9	-38	-34	
1400	7.0000	9	-37	-34	
1401	7.0050	9	-37	-35	
1402	7.0100	9	-37	-36	
1403	7.0150	9	-37	-36	
1404	7.0200	9	-37	-36	
1405	7.0250	9	-36	-37	
1406	7.0300	9	-36	-38	
1407	7.0350	10	-36	-38	
1408	7.0400	10	-36	-38	
1409	7.0450	10	-36	-39	
1410	7.0500	10	-35	-39	
1411	7.0550	10	-35	-40	
1412	7.0600	10	-34	-40	
1413	7.0650	10	-34	-40	
1414	7.0700	10	-34	-40	
1415	7.0750	10	-34	-41	
1416	7.0800	10	-33	-41	
1417	7.0850	10	-33	-42	
1418	7.0900	10	-32	-42	
1419	7.0950	10	-32	-42	
1420	7.1000	10	-32	-42	
1421	7.1050	10	-31	-42	
1422	7.1100	11	-30	-43	
1423	7.1150	11	-30	-43	
1424	7.1200	11	-30	-43	
1425	7.1250	11	-29	-43	
1426	7.1300	11	-28	-43	
1427	7.1350	11	-28	-43	
1428	7.1400	11	-27	-44	
1429	7.1450	11	-27	-44	
1430	7.1500	12	-26	-44	
1431	7.1550	12	-26	-44	
1432	7.1600	12	-25	-44	
1433	7.1650	12	-24	-44	
1434	7.1700	12	-24	-44	
1435	7.1750	12	-23	-44	
1436	7.1800	12	-22	-44	
1437	7.1850	12	-22	-44	
1438	7.1900	12	-21	-43	
1439	7.1950	12	-20	-43	
1440	7.2000	12	-20	-43	
1441	7.2050	12	-19	-43	
1442	7.2100	12	-18	-43	
1443	7.2150	12	-18	-42	
1444	7.2200	13	-17	-42	
1445	7.2250	13	-16	-42	
1446	7.2300	13	-15	-42	
1447	7.2350	13	-15	-42	
1448	7.2400	13	-14	-41	
1449	7.2450	13	-13	-41	
1450	7.2500	13	-12	-41	
1451	7.2550	13	-12	-40	
1452	7.2600	14	-11	-40	
1453	7.2650	14	-10	-40	
1454	7.2700	14	-9	-39	
1455	7.2750	14	-8	-39	
1456	7.2800	14	-8	-38	
1457	7.2850	14	-7	-38	
1458	7.2900	14	-6	-38	
1459	7.2950	14	-5	-37	
1460	7.3000	14	-4	-36	
1461	7.3050	14	-4	-36	
1462	7.3100	14	-3	-36	
1463	7.3150	14	-2	-35	
1464	7.3200	14	-1	-34	
1465	7.3250	14	0	-34	
1466	7.3300	14	1	-33	
1467	7.3350	14	2	-33	
1468	7.3400	14	2	-32	
1469	7.3450	14	3	-32	
1470	7.3500	14	4	-31	
1471	7.3550	14	5	-30	
1472	7.3600	15	6	-30	
1473	7.3650	15	6	-29	
1474	7.3700	15	7	-28	
1475	7.3750	15	8	-28	
1476	7.3800	15	9	-27	
1477	7.3850	15	10	-26	
1478	7.3900	15	10	-26	
1479	7.3950	15	11	-25	
1480	7.4000	15	12	-24	
1481	7.4050	15	13	-23	
1482	7.4100	15	14	-22	
1483	7.4150	15	14	-22	
1484	7.4200	15	15	-21	
1485	7.4250	15	16	-20	
1486	7.4300	15	17	-19	
1487	7.4350	16	18	-18	
1488	7.4400	16	18	-18	
1489	7.4450	16	19	-17	
1490	7.4500	16	20	-16	
1491	7.4550	16	20	-15	
1492	7.4600	16	21	-14	
1493	7.4650	16	22	-14	
1494	7.4700	16	22	-13	
1495	7.4750	16	23	-12	
1496	7.4800	16	24	-11	
1497	7.4850	16	24	-10	
1498	7.4900	16	25	-10	
1499	7.4950	16	26	-9	
1500	7.5000	16	26	-8	
1501	7.5050	16	27	-7	
1502	7.5100	16	28	-6	
1503	7.5150	16	28	-5	
1504	7.5200	16	29	-4	
1505	7.5250	16	30	-4	
1506	7.5300	16	30	-2	
1507	7.5350	16	30	-2	
1508	7.5400	16	31	-1	
1509	7.5450	16	32	0	
1510	7.5500	16	32	1	
1511	7.5550	16	32	2	
1512	7.5600	16	33	2	
1513	7.5650	16	34	4	
1514	7.5700	16	34	4	
1515	7.5750	16	34	5	
1516	7.5800	16	35	6	
1517	7.5850	16	35	7	
1518	7.5900	15	36	8	
1519	7.5950	15	36	8	
1520	7.6000	15	36	9	
1521	7.6050	15	37	10	
1522	7.6100	15	37	11	
1523	7.6150	15	37	12	
1524	7.6200	15	38	12	
1525	7.6250	15	38	13	
1526	7.6300	15	38	14	
1527	7.6350	15	38	15	
1528	7.6400	15	39	16	
1529	7.6450	15	39	16	
1530	7.6500	15	39	17	
1531	7.6550	15	39	18	
1532	7.6600	15	39	18	
1533	7.6650	14	40	19	
1534	7.6700	14	40	20	
1535	7.6750	14	40	20	
1536	7.6800	14	40	21	
1537	7.6850	14	40	22	
1538	7.6900	14	40	22	
1539	7.6950	14	40	23	
1540	7.7000	14	40	24	
1541	7.7050	14	40	24	
1542	7.7100	14	40	25	
1543	7.7150	14	40	26	
1544	7.7200	14	40	26	
1545	7.7250	14	40	27	
1546	7.7300	14	40	27	
1547	7.7350	14	40	28	
1548	7.7400	14	40	28	
1549	7.7450	14	39	29	
1550	7.7500	14	39	30	
1551	7.7550	14	39	30	
1552	7.7600	13	39	30	
1553	7.7650	13	38	31	
1554	7.7700	13	38	31	
1555	7.7750	13	38	32	
1556	7.7800	13	38	32	
1557	7.7850	13	38	32	
1558	7.7900	13	37	33	
1559	7.7950	13	37	33	
1560	7.8000	12	36	34	
1561	7.8050	12	36	34	
1562	7.8100	12	36	34	
1563	7.8150	12	36	34	
1564	7.8200	12	35	35	
1565	7.8250	12	35	35	
1566	7.8300	12	34	35	
1567	7.8350	12	34	35	
1568	7.8400	12	33	36	
1569	7.8450	12	33	36	
1570	7.8500	12	32	36	
1571	7.8550	12	32	36	
1572	7.8600	12	31	36	
1573	7.8650	12	31	36	
1574	7.8700	12	30	36	
1575	7.8750	11	30	36	
1576	7.8800	11	29	36	
1577	7.8850	11	29	36	
1578	7.8900	11	28	36	
1579	7.8950	11	28	36	
1580	7.9000	11	27	36	
1581	7.9050	11	26	36	
1582	7.9100	10	26	36	
1583	7.9150	10	25	36	
1584	7.9200	10	24	36	
1585	7.9250	10	24	36	
1586	7.9300	10	23	36	
1587	7.9350	10	22	36	
1588	7.9400	10	22	36	
1589	7.9450	10	21	35	
1590	7.9500	10	20	35	
1591	7.9550	10	19	35	
1592	7.9600	10	19	35	
1593	7.9650	10	18	34	
1594	7.9700	10	17	34	
1595	7.9750	10	16	34	
1596	7.9800	10	16	34	
1597	7.9850	9	15	33	
1598	7.9900	9	14	33	
1599	7.9950	9	13	32	
1600	8.0000	9	12	32	
1601	8.0050	9	12	32	
1602	8.0100	9	11	31	
1603	8.0150	9	10	31	
1604	8.0200	9	9	30	
1605	8.0250	9	8	30	
1606	8.0300	8	8	30	
1607	8.0350	8	7	29	
1608	8.0400	8	6	28	
1609	8.0450	8	5	28	
1610	8.0500	8	4	27	
1611	8.0550	8	4	27	
1612	8.0600	8	3	26	
1613	8.0650	8	2	26	
1614	8.0700	8	1	25	
1615	8.0750	8	0	24	
1616	8.0800	8	0	24	
1617	8.0850	8	-1	23	
1618	8.0900	8	-2	23	
1619	8.0950	8	-3	22	
1620	8.1000	8	-4	21	
1621	8.1050	8	-5	20	
1622	8.1100	8	-6	20	
1623	8.1150	8	-6	19	
1624	8.1200	8	-7	18	
1625	8.1250	8	-8	18	
1626	8.1300	8	-9	17	
1627	8.1350	8	-9	16	
1628	8.1400	7	-10	16	
1629	8.1450	7	-11	15	
1630	8.1500	7	-12	14	
1631	8.1550	7	-12	13	
1632	8.1600	7	-13	12	
1633	8.1650	7	-14	12	
1634	8.1700	7	-15	11	
1635	8.1750	7	-16	10	
1636	8.1800	7	-16	9	
1637	8.1850	7	-17	8	
1638	8.1900	7	-18	8	
1639	8.1950	7	-18	7	
1640	8.2000	7	-19	6	
1641	8.2050	7	-20	5	
1642	8.2100	7	-20	4	
1643	8.2150	7	-21	4	
1644	8.2200	7	-22	3	
1645	8.2250	7	-22	2	
1646	8.2300	7	-23	1	
1647	8.2350	7	-24	0	
1648	8.2400	7	-24	-1	
1649	8.2450	7	-25	-2	
1650	8.2500	7	-26	-2	
1651	8.2550	7	-26	-3	
1652	8.2600	7	-27	-4	
1653	8.2650	7	-27	-5	
1654	8.2700	7	-28	-6	
1655	8.2750	7	-28	-7	
1656	8.2800	7	-29	-8	
1657	8.2850	7	-29	-8	
1658	8.2900	7	-30	-9	
1659	8.2950	7	-30	-10	
1660	8.3000	7	-31	-11	
1661	8.3050	7	-31	-12	
1662	8.3100	7	-32	-13	
1663	8.3150	7	-32	-14	
1664	8.3200	7	-32	-14	
1665	8.3250	7	-33	-15	
1666	8.3300	7	-33	-16	
1667	8.3350	7	-34	-17	
1668	8.3400	7	-34	-18	
1669	8.3450	7	-34	-18	
1670	8.3500	7	-34	-19	
1671	8.3550	7	-35	-20	
1672	8.3600	7	-35	-21	
1673	8.3650	7	-35	-22	
1674	8.3700	8	-36	-22	
1675	8.3750	8	-36	-23	
1676	8.3800	8	-36	-24	
1677	8.3850	8	-36	-24	
1678	8.3900	8	-36	-25	
1679	8.3950	8	-36	-26	
1680	8.4000	8	-37	-27	
1681	8.4050	8	-37	-27	
1682	8.4100	8	-37	-28	
1683	8.4150	8	-37	-29	
1684	8.4200	8	-37	-29	
1685	8.4250	8	-37	-30	
1686	8.4300	8	-37	-31	
1687	8.4350	8	-37	-31	
1688	8.4400	8	-37	-32	
1689	8.4450	8	-37	-32	
1690	8.4500	8	-37	-33	
1691	8.4550	8	-37	-34	
1692	8.4600	8	-37	-34	
1693	8.4650	8	-37	-35	
1694	8.4700	8	-37	-35	
1695	8.4750	8	-37	-36	
1696	8.4800	9	-37	-36	
1697	8.4850	9	-36	-37	
1698	8.4900	9	-36	-37	
1699	8.4950	9	-36	-38	
1700	8.5000	9	-36	-38	
1701	8.5050	9	-36	-38	
1702	8.5100	9	-36	-39	
1703	8.5150	9	-35	-39	
1704	8.5200	9	-35	-40	
1705	8.5250	10	-35	-40	
1706	8.5300	10	-34	-40	
1707	8.5350	10	-34	-41	
1708	8.5400	10	-34	-41	
1709	8.5450	10	-34	-41	
1710	8.5500	10	-33	-42	
1711	8.5550	10	-33	-42	
1712	8.5600	10	-32	-42	
1713	8.5650	10	-32	-42	
1714	8.5700	10	-32	-42	
1715	8.5750	10	-31	-43	
1716	8.5800	10	-31	-43	
1717	8.5850	10	-30	-43	
1718	8.5900	10	-30	-43	
1719	8.5950	10	-29	-43	
1720	8.6000	11	-29	-43	
1721	8.6050	11	-28	-43	
1722	8.6100	11	-28	-43	
1723	8.6150	11	-27	-44	
1724	8.6200	11	-26	-44	
1725	8.6250	11	-26	-44	
1726	8.6300	11	-25	-44	
1727	8.6350	12	-25	-43	
1728	8.6400	12	-24	-43	
1729	8.6450	12	-24	-43	
1730	8.6500	12	-23	-43	
1731	8.6550	12	-22	-43	
1732	8.6600	12	-22	-43	
1733	8.6650	12	-21	-43	
1734	8.6700	12	-20	-42	
1735	8.6750	12	-20	-42	
1736	8.6800	12	-19	-42	
1737	8.6850	12	-18	-42	
1738	8.6900	12	-18	-42	
1739	8.6950	12	-17	-42	
1740	8.7000	12	-16	-41	
1741	8.7050	12	-15	-41	
1742	8.7100	13	-15	-40	
1743	8.7150	13	-14	-40	
1744	8.7200	13	-13	-40	
1745	8.7250	13	-12	-40	
1746	8.7300	13	-12	-39	
1747	8.7350	13	-11	-39	
1748	8.7400	13	-10	-38	
1749	8.7450	13	-9	-38	
1750	8.7500	14	-8	-38	
1751	8.7550	14	-8	-37	
1752	8.7600	14	-7	-36	
1753	8.7650	14	-6	-36	
1754	8.7700	14	-6	-36	
1755	8.7750	14	-5	-35	
1756	8.7800	14	-4	-34	
1757	8.7850	14	-3	-34	
1758	8.7900	14	-2	-34	
1759	8.7950	14	-1	-33	
1760	8.8000	14	0	-32	
1761	8.8050	14	0	-32	
1762	8.8100	14	1	-31	
1763	8.8150	14	2	-30	
1764	8.8200	14	3	-30	
1765	8.8250	14	4	-29	
1766	8.8300	14	4	-28	
1767	8.8350	14	5	-28	
1768	8.8400	14	6	-27	
1769	8.8450	15	7	-26	
1770	8.8500	15	8	-26	
1771	8.8550	15	8	-25	
1772	8.8600	15	9	-24	
1773	8.8650	15	10	-24	
1774	8.8700	15	11	-23	
1775	8.8750	15	12	-22	
1776	8.8800	15	12	-21	
1777	8.8850	15	13	-20	
1778	8.8900	15	14	-20	
1779	8.8950	15	14	-19	
1780	8.9000	15	15	-18	
1781	8.9050	15	16	-17	
1782	8.9100	15	17	-16	
1783	8.9150	15	18	-16	
1784	8.9200	16	18	-15	
1785	8.9250	16	19	-14	
1786	8.9300	16	20	-13	
1787	8.9350	16	20	-12	
1788	8.9400	16	21	-12	
1789	8.9450	16	22	-11	
1790	8.9500	16	22	-10	
1791	8.9550	16	23	-9	
1792	8.9600	16	24	-8	
1793	8.9650	16	24	-7	
1794	8.9700	16	25	-6	
1795	8.9750	16	26	-6	
1796	8.9800	16	26	-5	
1797	8.9850	16	27	-4	
1798	8.9900	16	27	-3	
1799	8.9950	16	28	-2	
1800	9.0000	16	28	-1	
1801	9.0050	16	29	0	
1802	9.0100	16	30	0	
1803	9.0150	16	30	1	
1804	9.0200	16	31	2	
1805	9.0250	16	31	3	
1806	9.0300	16	32	4	
1807	9.0350	16	32	5	
1808	9.0400	16	33	6	
1809	9.0450	16	33	6	
1810	9.0500	16	34	7	
1811	9.0550	16	34	8	
1812	9.0600	16	34	9	
1813	9.0650	16	35	10	
1814	9.0700	16	35	10	
1815	9.0750	16	35	11	
1816	9.0800	15	36	12	
1817	9.0850	15	36	13	
1818	9.0900	15	36	14	
1819	9.0950	15	37	14	
1820	9.1000	15	37	15	
1821	9.1050	15	37	16	
1822	9.1100	15	38	17	
1823	9.1150	15	38	17	
1824	9.1200	15	38	18	
1825	9.1250	15	38	19	
1826	9.1300	15	38	20	
1827	9.1350	15	38	20	
1828	9.1400	15	38	21	
1829	9.1450	15	39	22	
1830	9.1500	15	39	22	
1831	9.1550	14	39	23	
1832	9.1600	14	39	24	
1833	9.1650	14	39	24	
1834	9.1700	14	39	25	
1835	9.1750	14	39	25	
1836	9.1800	14	39	26	
1837	9.1850	14	39	26	
1838	9.1900	14	39	27	
1839	9.1950	14	39	28	
1840	9.2000	14	39	28	
1841	9.2050	14	39	28	
1842	9.2100	14	39	29	
1843	9.2150	14	39	30	
1844	9.2200	14	38	30	
1845	9.2250	14	38	30	
1846	9.2300	14	38	31	
1847	9.2350	14	38	31	
1848	9.2400	14	38	32	
1849	9.2450	14	38	32	
1850	9.2500	13	37	32	
1851	9.2550	13	37	33	
1852	9.2600	13	37	33	
1853	9.2650	13	37	34	
1854	9.2700	13	36	34	
1855	9.2750	13	36	34	
1856	9.2800	13	36	34	
1857	9.2850	13	35	35	
1858	9.2900	12	35	35	
1859	9.2950	12	34	35	
1860	9.3000	12	34	35	
1861	9.3050	12	34	36	
1862	9.3100	12	33	36	
1863	9.3150	12	33	36	
1864	9.3200	12	32	36	
1865	9.3250	12	32	36	
1866	9.3300	12	32	36	
1867	9.3350	12	31	36	
1868	9.3400	12	30	36	
1869	9.3450	12	30	36	
1870	9.3500	12	30	36	
1871	9.3550	12	29	36	
1872	9.3600	11	28	36	
1873	9.3650	11	28	36	
1874	9.3700	11	27	36	
1875	9.3750	11	27	36	
1876	9.3800	11	26	36	
1877	9.3850	11	26	36	
1878	9.3900	11	25	36	
1879	9.3950	11	24	36	
1880	9.4000	10	24	36	
1881	9.4050	10	23	35	
1882	9.4100	10	22	35	
1883	9.4150	10	22	35	
1884	9.4200	10	21	35	
1885	9.4250	10	20	34	
1886	9.4300	10	19	34	
1887	9.4350	10	19	34	
1888	9.4400	10	18	34	
1889	9.4450	10	17	33	
1890	9.4500	10	16	33	
1891	9.4550	10	16	32	
1892	9.4600	10	15	32	
1893	9.4650	10	14	32	
1894	9.4700	10	14	31	
1895	9.4750	9	13	31	
1896	9.4800	9	12	30	
1897	9.4850	9	11	30	
1898	9.4900	9	10	30	
1899	9.4950	9	10	29	
1900	9.5000	9	9	29	
1901	9.5050	9	8	28	
1902	9.5100	9	7	28	
1903	9.5150	8	6	27	
1904	9.5200	8	6	26	
1905	9.5250	8	5	26	
1906	9.5300	8	4	25	
1907	9.5350	8	3	25	
1908	9.5400	8	2	24	
1909	9.5450	8	2	24	
1910	9.5500	8	1	23	
1911	9.5550	8	0	22	
1912	9.5600	8	-1	22	
1913	9.5650	8	-2	21	
1914	9.5700	8	-2	20	
1915	9.5750	8	-3	20	
1916	9.5800	8	-4	19	
1917	9.5850	8	-5	18	
1918	9.5900	8	-6	18	
1919	9.5950	8	-6	17	
1920	9.6000	8	-7	16	
1921	9.6050	8	-8	15	
1922	9.6100	8	-9	14	
1923	9.6150	8	-10	14	
1924	9.6200	8	-10	13	
1925	9.6250	7	-11	12	
1926	9.6300	7	-12	11	
1927	9.6350	7	-13	10	
1928	9.6400	7	-13	10	
1929	9.6450	7	-14	9	
1930	9.6500	7	-15	8	
1931	9.6550	7	-16	8	
1932	9.6600	7	-16	7	
1933	9.6650	7	-17	6	
1934	9.6700	7	-18	5	
1935	9.6750	7	-18	4	
1936	9.6800	7	-19	3	
1937	9.6850	7	-20	2	
1938	9.6900	7	-20	2	
1939	9.6950	7	-21	1	
1940	9.7000	7	-22	0	
1941	9.7050	7	-22	-1	
1942	9.7100	7	-23	-2	
1943	9.7150	7	-24	-3	
1944	9.7200	7	-24	-4	
1945	9.7250	7	-25	-4	
1946	9.7300	7	-25	-5	
1947	9.7350	7	-26	-6	
1948	9.7400	7	-26	-7	
1949	9.7450	7	-27	-8	
1950	9.7500	7	-28	-8	
1951	9.7550	7	-28	-10	
1952	9.7600	7	-29	-10	
1953	9.7650	7	-29	-11	
1954	9.7700	7	-30	-12	
1955	9.7750	7	-30	-13	
1956	9.7800	7	-30	-14	
1957	9.7850	7	-31	-14	
1958	9.7900	7	-31	-15	
1959	9.7950	7	-32	-16	
1960	9.8000	7	-32	-17	
1961	9.8050	7	-32	-18	
1962	9.8100	7	-33	-18	
1963	9.8150	7	-33	-19	
1964	9.8200	7	-34	-20	
1965	9.8250	7	-34	-21	
1966	9.8300	7	-34	-22	
1967	9.8350	7	-34	-22	
1968	9.8400	7	-35	-23	
1969	9.8450	7	-35	-24	
1970	9.8500	7	-35	-24	
1971	9.8550	8	-36	-25	
1972	9.8600	8	-36	-26	
1973	9.8650	8	-36	-26	
1974	9.8700	8	-36	-27	
1975	9.8750	8	-36	-28	
1976	9.8800	8	-36	-28	
1977	9.8850	8	-36	-29	
1978	9.8900	8	-36	-30	
1979	9.8950	8	-36	-30	
1980	9.9000	8	-37	-31	
1981	9.9050	8	-37	-32	
1982	9.9100	8	-37	-32	
1983	9.9150	8	-37	-33	
1984	9.9200	8	-37	-34	
1985	9.9250	8	-37	-34	
1986	9.9300	8	-37	-34	
1987	9.9350	8	-37	-35	
1988	9.9400	8	-36	-36	
1989	9.9450	8	-36	-36	
1990	9.9500	8	-36	-36	
1991	9.9550	8	-36	-37	
1992	9.9600	8	-36	-38	
1993	9.9650	8	-36	-38	
1994	9.9700	9	-36	-38	
1995	9.9750	9	-36	-39	
1996	9.9800	9	-36	-39	
1997	9.9850	9	-35	-40	
1998	9.9900	9	-35	-40	
1999	9.9950	9	-35	-40	
2000	10.0000	9	-34	-40	
2001	10.0050	9	-34	-41	
2002	10.0100	10	-34	-41	
2003	10.0150	10	-34	-41	
2004	10.0200	10	-33	-42	
2005	10.0250	10	-33	-42	
2006	10.0300	10	-32	-42	
2007	10.0350	10	-32	-42	
2008	10.0400	10	-32	-42	
2009	10.0450	10	-31	-42	
2010	10.0500	10	-31	-42	
2011	10.0550	10	-30	-43	
2012	10.0600	10	-30	-43	
2013	10.0650	10	-30	-43	
2014	10.0700	10	-29	-43	
2015	10.0750	10	-29	-43	
2016	10.0800	10	-28	-43	
2017	10.0850	11	-28	-43	
2018	10.0900	11	-27	-43	
2019	10.0950	11	-26	-43	
2020	10.1000	11	-26	-43	
2021	10.1050	11	-25	-43	
2022	10.1100	11	-25	-43	
2023	10.1150	11	-24	-43	
2024	10.1200	12	-24	-43	
2025	10.1250	12	-23	-42	
2026	10.1300	12	-22	-42	
2027	10.1350	12	-22	-42	
2028	10.1400	12	-21	-42	
2029	10.1450	12	-20	-42	
2030	10.1500	12	-20	-42	
2031	10.1550	12	-19	-41	
2032	10.1600	12	-18	-41	
2033	10.1650	12	-18	-41	
2034	10.1700	12	-17	-40	
2035	10.1750	12	-16	-40	
2036	10.1800	12	-16	-40	
2037	10.1850	12	-15	-40	
2038	10.1900	12	-14	-39	
2039	10.1950	13	-14	-39	
2040	10.2000	13	-13	-38	
2041	10.2050	13	-12	-38	
2042	10.2100	13	-11	-38	
2043	10.2150	13	-10	-37	
2044	10.2200	13	-10	-37	
2045	10.2250	13	-9	-36	
2046	10.2300	13	-8	-36	
2047	10.2350	14	-8	-35	
2048	10.2400	14	-7	-35	
2049	10.2450	14	-6	-34	
2050	10.2500	14	-5	-34	
2051	10.2550	14	-4	-33	
2052	10.2600	14	-4	-32	
2053	10.2650	14	-3	-32	
2054	10.2700	14	-2	-32	
2055	10.2750	14	-1	-31	
2056	10.2800	14	0	-30	
2057	10.2850	14	0	-30	
2058	10.2900	14	1	-29	
2059	10.2950	14	2	-28	
2060	10.3000	14	3	-28	
2061	10.3050	14	4	-27	
2062	10.3100	14	4	-26	
2063	10.3150	14	5	-26	
2064	10.3200	14	6	-25	
2065	10.3250	14	7	-24	
2066	10.3300	14	8	-23	
2067	10.3350	15	8	-22	
2068	10.3400	15	9	-22	
2069	10.3450	15	10	-21	
2070	10.3500	15	10	-20	
2071	10.3550	15	11	-20	
2072	10.3600	15	12	-19	
2073	10.3650	15	13	-18	
2074	10.3700	15	14	-17	
2075	10.3750	15	14	-16	
2076	10.3800	15	15	-16	
2077	10.3850	15	16	-15	
2078	10.3900	15	16	-14	
2079	10.3950	15	17	-13	
2080	10.4000	15	18	-12	
2081	10.4050	15	19	-12	
2082	10.4100	16	19	-11	
2083	10.4150	16	20	-10	
2084	10.4200	16	21	-9	
2085	10.4250	16	21	-8	
2086	10.4300	16	22	-7	
2087	10.4350	16	23	-6	
2088	10.4400	16	23	-6	
2089	10.4450	16	24	-5	
2090	10.4500	16	24	-4	
2091	10.4550	16	25	-3	
2092	10.4600	16	26	-2	
2093	10.4650	16	26	-2	
2094	10.4700	16	27	0	
2095	10.4750	16	28	0	
2096	10.4800	16	28	1	
2097	10.4850	16	28	2	
2098	10.4900	16	29	3	
2099	10.4950	16	30	4	
2100	10.5000	16	30	4	
2101	10.5050	16	31	5	
2102	10.5100	16	31	6	
2103	10.5150	16	32	7	
2104	10.5200	16	32	8	
2105	10.5250	16	32	8	
2106	10.5300	16	33	9	
2107	10.5350	16	33	10	
2108	10.5400	16	34	11	
2109	10.5450	16	34	12	
2110	10.5500	16	34	12	
2111	10.5550	16	35	13	
2112	10.5600	16	35	14	
2113	10.5650	16	35	15	
2114	10.5700	15	36	16	
2115	10.5750	15	36	16	
2116	10.5800	15	36	17	
2117	10.5850	15	36	18	
2118	10.5900	15	37	18	
2119	10.5950	15	37	19	
2120	10.6000	15	37	20	
2121	10.6050	15	37	20	
2122	10.6100	15	37	21	
2123	10.6150	15	38	22	
2124	10.6200	15	38	22	
2125	10.6250	15	38	23	
2126	10.6300	15	38	24	
2127	10.6350	15	38	24	
2128	10.6400	14	38	25	
2129	10.6450	14	38	26	
2130	10.6500	14	38	26	
2131	10.6550	14	38	27	
2132	10.6600	14	38	27	
2133	10.6650	14	38	28	
2134	10.6700	14	38	28	
2135	10.6750	14	38	29	
2136	10.6800	14	38	29	
2137	10.6850	14	38	30	
2138	10.6900	14	38	30	
2139	10.6950	14	38	30	
2140	10.7000	14	38	31	
2141	10.7050	14	38	31	
2142	10.7100	14	37	32	
2143	10.7150	14	37	32	
2144	10.7200	14	37	32	
2145	10.7250	14	37	33	
2146	10.7300	14	36	33	
2147	10.7350	13	36	34	
2148	10.7400	13	36	34	
2149	10.7450	13	36	34	
2150	10.7500	13	35	34	
2151	10.7550	13	35	34	
2152	10.7600	13	35	35	
2153	10.7650	13	34	35	
2154	10.7700	13	34	35	
2155	10.7750	12	34	35	
2156	10.7800	12	33	36	
2157	10.7850	12	33	36	
2158	10.7900	12	32	36	
2159	10.7950	12	32	36	
2160	10.8000	12	32	36	
2161	10.8050	12	31	36	
2162	10.8100	12	31	36	
2163	10.8150	12	30	36	
2164	10.8200	12	30	36	
2165	10.8250	12	29	36	
2166	10.8300	12	29	36	
2167	10.8350	12	28	36	
2168	10.8400	12	28	36	
2169	10.8450	12	27	36	
2170	10.8500	11	26	36	
2171	10.8550	11	26	36	
2172	10.8600	11	25	36	
2173	10.8650	11	25	35	
2174	10.8700	11	24	35	
2175	10.8750	11	24	35	
2176	10.8800	11	23	35	
2177	10.8850	10	22	34	
2178	10.8900	10	22	34	
2179	10.8950	10	21	34	
2180	10.9000	10	20	34	
2181	10.9050	10	20	34	
2182	10.9100	10	19	33	
2183	10.9150	10	18	33	
2184	10.9200	10	18	32	
2185	10.9250	10	17	32	
2186	10.9300	10	16	32	
2187	10.9350	10	15	31	
2188	10.9400	10	15	31	
2189	10.9450	10	14	30	
2190	10.9500	10	13	30	
2191	10.9550	10	12	30	
2192	10.9600	9	12	29	
2193	10.9650	9	11	29	
2194	10.9700	9	10	28	
2195	10.9750	9	9	28	
2196	10.9800	9	9	27	
2197	10.9850	9	8	27	
2198	10.9900	9	7	26	
2199	10.9950	9	6	26	
2200	11.0000	9	6	25	
2201	11.0050	8	5	24	
2202	11.0100	8	4	24	
2203	11.0150	8	3	23	
2204	11.0200	8	2	22	
2205	11.0250	8	2	22	
2206	11.0300	8	1	21	
2207	11.0350	8	0	20	
2208	11.0400	8	-1	20	
2209	11.0450	8	-2	19	
2210	11.0500	8	-2	18	
2211	11.0550	8	-3	18	
2212	11.0600	8	-4	17	
2213	11.0650	8	-5	16	
2214	11.0700	8	-6	16	
2215	11.0750	8	-6	15	
2216	11.0800	8	-7	14	
2217	11.0850	8	-8	13	
2218	11.0900	8	-8	12	
2219	11.0950	8	-9	12	
2220	11.1000	8	-10	11	
2221	11.1050	8	-11	10	
2222	11.1100	8	-12	9	
2223	11.1150	7	-12	8	
2224	11.1200	7	-13	8	
2225	11.1250	7	-14	7	
2226	11.1300	7	-14	6	
2227	11.1350	7	-15	5	
2228	11.1400	7	-16	4	
2229	11.1450	7	-16	4	
2230	11.1500	7	-17	3	
2231	11.1550	7	-18	2	
2232	11.1600	7	-18	1	
2233	11.1650	7	-19	0	
2234	11.1700	7	-20	0	
2235	11.1750	7	-20	-1	
2236	11.1800	7	-21	-2	
2237	11.1850	7	-22	-3	
2238	11.1900	7	-22	-4	
2239	11.1950	7	-23	-5	
2240	11.2000	7	-24	-6	
2241	11.2050	7	-24	-6	
2242	11.2100	7	-25	-7	
2243	11.2150	7	-25	-8	
2244	11.2200	7	-26	-9	
2245	11.2250	7	-26	-10	
2246	11.2300	7	-27	-10	
2247	11.2350	7	-27	-11	
2248	11.2400	7	-28	-12	
2249	11.2450	7	-28	-13	
2250	11.2500	7	-29	-14	
2251	11.2550	7	-29	-15	
2252	11.2600	7	-30	-16	
2253	11.2650	7	-30	-16	
2254	11.2700	7	-30	-17	
2255	11.2750	7	-31	-18	
2256	11.2800	7	-31	-18	
2257	11.2850	7	-32	-19	
2258	11.2900	7	-32	-20	
2259	11.2950	7	-32	-21	
2260	11.3000	7	-33	-22	
2261	11.3050	7	-33	-22	
2262	11.3100	7	-33	-23	
2263	11.3150	7	-34	-24	
2264	11.3200	7	-34	-24	
2265	11.3250	7	-34	-25	
2266	11.3300	7	-34	-26	
2267	11.3350	7	-34	-27	
2268	11.3400	8	-35	-27	
2269	11.3450	8	-35	-28	
2270	11.3500	8	-35	-29	
2271	11.3550	8	-35	-29	
2272	11.3600	8	-35	-30	
2273	11.3650	8	-36	-30	
2274	11.3700	8	-36	-31	
2275	11.3750	8	-36	-32	
2276	11.3800	8	-36	-32	
2277	11.3850	8	-36	-33	
2278	11.3900	8	-36	-33	
2279	11.3950	8	-36	-34	
2280	11.4000	8	-36	-34	
2281	11.4050	8	-36	-35	
2282	11.4100	8	-36	-36	
2283	11.4150	8	-36	-36	
2284	11.4200	8	-36	-36	
2285	11.4250	8	-36	-37	
2286	11.4300	8	-36	-37	
2287	11.4350	8	-36	-38	
2288	11.4400	8	-35	-38	
2289	11.4450	8	-35	-38	
2290	11.4500	8	-35	-39	
2291	11.4550	9	-35	-39	
2292	11.4600	9	-35	-40	
2293	11.4650	9	-34	-40	
2294	11.4700	9	-34	-40	
2295	11.4750	9	-34	-40	
2296	11.4800	9	-34	-41	
2297	11.4850	9	-34	-41	
2298	11.4900	9	-33	-41	
2299	11.4950	9	-33	-42	
2300	11.5000	10	-32	-42	
2301	11.5050	10	-32	-42	
2302	11.5100	10	-32	-42	
2303	11.5150	10	-32	-42	
2304	11.5200	10	-31	-42	
2305	11.5250	10	-31	-42	
2306	11.5300	10	-30	-42	
2307	11.5350	10	-30	-42	
2308	11.5400	10	-30	-43	
2309	11.5450	10	-29	-43	
2310	11.5500	10	-28	-43	
2311	11.5550	10	-28	-43	
2312	11.5600	10	-28	-43	
2313	11.5650	10	-27	-43	
2314	11.5700	10	-26	-42	
2315	11.5750	11	-26	-42	
2316	11.5800	11	-26	-42	
2317	11.5850	11	-25	-42	
2318	11.5900	11	-24	-42	
2319	11.5950	11	-24	-42	
2320	11.6000	11	-23	-42	
2321	11.6050	11	-23	-42	
2322	11.6100	12	-22	-42	
2323	11.6150	12	-21	-41	
2324	11.6200	12	-21	-41	
2325	11.6250	12	-20	-41	
2326	11.6300	12	-20	-40	
2327	11.6350	12	-19	-40	
2328	11.6400	12	-18	-40	
2329	11.6450	12	-18	-40	
2330	11.6500	12	-17	-40	
2331	11.6550	12	-16	-39	
2332	11.6600	12	-16	-39	
2333	11.6650	12	-15	-38	
2334	11.6700	12	-14	-38	
2335	11.6750	12	-13	-38	
2336	11.6800	12	-13	-37	
2337	11.6850	13	-12	-37	
2338	11.6900	13	-11	-36	
2339	11.6950	13	-10	-36	
2340	11.7000	13	-10	-35	
2341	11.7050	13	-9	-35	
2342	11.7100	13	-8	-34	
2343	11.7150	13	-7	-34	
2344	11.7200	14	-7	-33	
2345	11.7250	14	-6	-33	
2346	11.7300	14	-5	-32	
2347	11.7350	14	-4	-32	
2348	11.7400	14	-4	-31	
2349	11.7450	14	-3	-30	
2350	11.7500	14	-2	-30	
2351	11.7550	14	-1	-29	
2352	11.7600	14	0	-28	
2353	11.7650	14	0	-28	
2354	11.7700	14	1	-27	
2355	11.7750	14	2	-26	
2356	11.7800	14	3	-26	
2357	11.7850	14	4	-25	
2358	11.7900	14	4	-24	
2359	11.7950	14	5	-24	
2360	11.8000	14	6	-23	
2361	11.8050	14	6	-22	
2362	11.8100	14	7	-22	
2363	11.8150	14	8	-21	
2364	11.8200	15	9	-20	
2365	11.8250	15	10	-19	
2366	11.8300	15	10	-18	
2367	11.8350	15	11	-18	
2368	11.8400	15	12	-17	
2369	11.8450	15	13	-16	
2370	11.8500	15	13	-15	
2371	11.8550	15	14	-14	
2372	11.8600	15	15	-14	
2373	11.8650	15	16	-13	
2374	11.8700	15	16	-12	
2375	11.8750	15	17	-11	
2376	11.8800	15	18	-10	
2377	11.8850	15	18	-10	
2378	11.8900	15	19	-9	
2379	11.8950	15	20	-8	
2380	11.9000	16	20	-7	
2381	11.9050	16	21	-6	
2382	11.9100	16	22	-5	
2383	11.9150	16	22	-4	
2384	11.9200	16	23	-4	
2385	11.9250	16	24	-3	
2386	11.9300	16	24	-2	
2387	11.9350	16	25	-1	
2388	11.9400	16	25	0	
2389	11.9450	16	26	0	
2390	11.9500	16	26	1	
2391	11.9550	16	27	2	
2392	11.9600	16	28	3	
2393	11.9650	16	28	4	
2394	11.9700	16	28	4	
2395	11.9750	16	29	5	
2396	11.9800	16	30	6	
2397	11.9850	16	30	7	
2398	11.9900	16	30	8	
2399	11.9950	16	31	8	
2400	12.0000	16	31	9	
2401	12.0050	16	32	10	
2402	12.0100	16	32	11	
2403	12.0150	16	33	12	
2404	12.0200	16	33	12	
2405	12.0250	16	33	13	
2406	12.0300	16	34	14	
2407	12.0350	16	34	15	
2408	12.0400	16	34	15	
2409	12.0450	16	35	16	
2410	12.0500	16	35	17	
2411	12.0550	15	35	18	
2412	12.0600	15	36	18	
2413	12.0650	15	36	19	
2414	12.0700	15	36	20	
2415	12.0750	15	36	20	
2416	12.0800	15	36	21	
2417	12.0850	15	36	22	
2418	12.0900	15	37	22	
2419	12.0950	15	37	23	
2420	12.1000	15	37	23	
2421	12.1050	15	37	24	
2422	12.1100	15	37	24	
2423	12.1150	15	37	25	
2424	12.1200	15	37	26	
2425	12.1250	15	38	26	
2426	12.1300	14	38	27	
2427	12.1350	14	38	27	
2428	12.1400	14	38	28	
2429	12.1450	14	38	28	
2430	12.1500	14	38	29	
2431	12.1550	14	38	29	
2432	12.1600	14	37	30	
2433	12.1650	14	37	30	
2434	12.1700	14	37	30	
2435	12.1750	14	37	31	
2436	12.1800	14	37	31	
2437	12.1850	14	37	32	
2438	12.1900	14	37	32	
2439	12.1950	14	36	32	
2440	12.2000	14	36	32	
2441	12.2050	14	36	33	
2442	12.2100	14	36	33	
2443	12.2150	14	36	34	
2444	12.2200	14	35	34	
2445	12.2250	13	35	34	
2446	12.2300	13	35	34	
2447	12.2350	13	34	34	
2448	12.2400	13	34	34	
2449	12.2450	13	34	35	
2450	12.2500	13	34	35	
2451	12.2550	13	33	35	
2452	12.2600	13	33	35	
2453	12.2650	12	32	35	
2454	12.2700	12	32	35	
2455	12.2750	12	32	35	
2456	12.2800	12	31	35	
2457	12.2850	12	31	36	
2458	12.2900	12	30	36	
2459	12.2950	12	30	36	
2460	12.3000	12	29	36	
2461	12.3050	12	29	35	
2462	12.3100	12	28	35	
2463	12.3150	12	28	35	
2464	12.3200	12	27	35	
2465	12.3250	12	27	35	
2466	12.3300	12	26	35	
2467	12.3350	11	26	35	
2468	12.3400	11	25	34	
2469	12.3450	11	24	34	
2470	12.3500	11	24	34	
2471	12.3550	11	23	34	
2472	12.3600	11	23	34	
2473	12.3650	11	22	34	
2474	12.3700	11	21	33	
2475	12.3750	10	21	33	
2476	12.3800	10	20	33	
2477	12.3850	10	19	32	
2478	12.3900	10	19	32	
2479	12.3950	10	18	32	
2480	12.4000	10	17	31	
2481	12.4050	10	17	31	
2482	12.4100	10	16	30	
2483	12.4150	10	15	30	
2484	12.4200	10	14	30	
2485	12.4250	10	14	29	
2486	12.4300	10	13	29	
2487	12.4350	10	12	28	
2488	12.4400	10	12	28	
2489	12.4450	10	11	27	
2490	12.4500	9	10	27	
2491	12.4550	9	10	26	
2492	12.4600	9	9	26	
2493	12.4650	9	8	25	
2494	12.4700	9	7	24	
2495	12.4750	9	6	24	
2496	12.4800	9	6	24	
2497	12.4850	9	5	23	
2498	12.4900	9	4	22	
2499	12.4950	8	4	22	
2500	12.5000	8	3	21	
2501	12.5050	8	2	20	
2502	12.5100	8	1	20	
2503	12.5150	8	0	19	
2504	12.5200	8	0	18	
2505	12.5250	8	-1	18	
2506	12.5300	8	-2	17	
2507	12.5350	8	-3	16	
2508	12.5400	8	-4	16	
2509	12.5450	8	-4	15	
2510	12.5500	8	-5	14	
2511	12.5550	8	-6	13	
2512	12.5600	8	-6	12	
2513	12.5650	8	-7	12	
2514	12.5700	8	-8	11	
2515	12.5750	8	-9	10	
2516	12.5800	8	-9	9	
2517	12.5850	8	-10	8	
2518	12.5900	8	-11	8	
2519	12.5950	8	-12	7	
2520	12.6000	7	-12	6	
2521	12.6050	7	-13	5	
2522	12.6100	7	-14	4	
2523	12.6150	7	-14	4	
2524	12.6200	7	-15	3	
2525	12.6250	7	-16	2	
2526	12.6300	7	-16	1	
2527	12.6350	7	-17	0	
2528	12.6400	7	-18	0	
2529	12.6450	7	-18	-1	
2530	12.6500	7	-19	-2	
2531	12.6550	7	-20	-3	
2532	12.6600	7	-20	-4	
2533	12.6650	7	-21	-4	
2534	12.6700	7	-22	-5	
2535	12.6750	7	-22	-6	
2536	12.6800	7	-23	-7	
2537	12.6850	7	-23	-8	
2538	12.6900	7	-24	-8	
2539	12.6950	7	-24	-10	
2540	12.7000	7	-25	-10	
2541	12.7050	7	-25	-11	
2542	12.7100	7	-26	-12	
2543	12.7150	7	-26	-13	
2544	12.7200	7	-27	-14	
2545	12.7250	7	-27	-14	
2546	12.7300	7	-28	-15	
2547	12.7350	7	-28	-16	
2548	12.7400	7	-29	-17	
2549	12.7450	7	-29	-18	
2550	12.7500	7	-30	-18	
2551	12.7550	7	-30	-19	
2552	12.7600	7	-30	-20	
2553	12.7650	7	-31	-20	
2554	12.7700	7	-31	-21	
2555	12.7750	7	-31	-22	
2556	12.7800	7	-32	-23	
2557	12.7850	7	-32	-23	
2558	12.7900	7	-32	-24	
2559	12.7950	7	-32	-25	
2560	12.8000	7	-33	-26	
2561	12.8050	7	-33	-26	
2562	12.8100	7	-33	-27	
2563	12.8150	7	-34	-28	
2564	12.8200	7	-34	-28	
2565	12.8250	7	-34	-29	
2566	12.8300	7	-34	-29	
2567	12.8350	8	-34	-30	
2568	12.8400	8	-34	-30	
2569	12.8450	8	-34	-31	
2570	12.8500	8	-34	-32	
2571	12.8550	8	-35	-32	
2572	12.8600	8	-35	-33	
2573	12.8650	8	-35	-33	
2574	12.8700	8	-35	-34	
2575	12.8750	8	-35	-34	
2576	12.8800	8	-35	-35	
2577	12.8850	8	-35	-35	
2578	12.8900	8	-35	-36	
2579	12.8950	8	-35	-36	
2580	12.9000	8	-35	-37	
2581	12.9050	8	-35	-37	
2582	12.9100	8	-35	-38	
2583	12.9150	8	-34	-38	
2584	12.9200	8	-34	-38	
2585	12.9250	8	-34	-39	
2586	12.9300	8	-34	-39	
2587	12.9350	8	-34	-39	
2588	12.9400	8	-34	-40	
2589	12.9450	9	-34	-40	
2590	12.9500	9	-33	-40	
2591	12.9550	9	-33	-40	
2592	12.9600	9	-33	-40	
2593	12.9650	9	-33	-41	
2594	12.9700	9	-32	-41	
2595	12.9750	9	-32	-41	
2596	12.9800	9	-32	-41	
2597	12.9850	9	-32	-42	
2598	12.9900	10	-31	-42	
2599	12.9950	10	-31	-42	
2600	13.0000	10	-30	-42	
2601	13.0050	10	-30	-42	
2602	13.0100	10	-30	-42	
2603	13.0150	10	-29	-42	
2604	13.0200	10	-29	-42	
2605	13.0250	10	-28	-42	
2606	13.0300	10	-28	-42	
2607	13.0350	10	-28	-42	
2608	13.0400	10	-27	-42	
2609	13.0450	10	-26	-42	
2610	13.0500	10	-26	-42	
2611	13.0550	10	-26	-42	
2612	13.0600	10	-25	-42	
2613	13.0650	11	-24	-42	
2614	13.0700	11	-24	-41	
2615	13.0750	11	-24	-41	
2616	13.0800	11	-23	-41	
2617	13.0850	11	-22	-41	
2618	13.0900	11	-22	-41	
2619	13.0950	11	-21	-40	
2620	13.1000	12	-20	-40	
2621	13.1050	12	-20	-40	
2622	13.1100	12	-19	-40	
2623	13.1150	12	-19	-39	
2624	13.1200	12	-18	-39	
2625	13.1250	12	-17	-39	
2626	13.1300	12	-17	-38	
2627	13.1350	12	-16	-38	
2628	13.1400	12	-15	-38	
2629	13.1450	12	-15	-37	
2630	13.1500	12	-14	-37	
2631	13.1550	12	-13	-36	
2632	13.1600	12	-13	-36	
2633	13.1650	12	-12	-36	
2634	13.1700	12	-11	-35	
2635	13.1750	13	-10	-34	
2636	13.1800	13	-10	-34	
2637	13.1850	13	-9	-34	
2638	13.1900	13	-8	-33	
2639	13.1950	13	-8	-32	
2640	13.2000	13	-7	-32	
2641	13.2050	13	-6	-31	
2642	13.2100	13	-5	-31	
2643	13.2150	14	-5	-30	
2644	13.2200	14	-4	-30	
2645	13.2250	14	-3	-29	
2646	13.2300	14	-2	-28	
2647	13.2350	14	-2	-28	
2648	13.2400	14	-1	-27	
2649	13.2450	14	0	-26	
2650	13.2500	14	1	-26	
2651	13.2550	14	2	-25	
2652	13.2600	14	2	-24	
2653	13.2650	14	3	-24	
2654	13.2700	14	4	-23	
2655	13.2750	14	4	-22	
2656	13.2800	14	5	-22	
2657	13.2850	14	6	-21	
2658	13.2900	14	7	-20	
2659	13.2950	14	8	-19	
2660	13.3000	14	8	-18	
2661	13.3050	14	9	-18	
2662	13.3100	14	10	-17	
2663	13.3150	15	10	-16	
2664	13.3200	15	11	-15	
2665	13.3250	15	12	-14	
2666	13.3300	15	13	-14	
2667	13.3350	15	13	-13	
2668	13.3400	15	14	-12	
2669	13.3450	15	15	-12	
2670	13.3500	15	16	-10	
2671	13.3550	15	16	-10	
2672	13.3600	15	17	-9	
2673	13.3650	15	18	-8	
2674	13.3700	15	18	-7	
2675	13.3750	15	19	-6	
2676	13.3800	15	20	-6	
2677	13.3850	15	20	-5	
2678	13.3900	16	21	-4	
2679	13.3950	16	22	-3	
2680	13.4000	16	22	-2	
2681	13.4050	16	23	-2	
2682	13.4100	16	23	-1	
2683	13.4150	16	24	0	
2684	13.4200	16	24	1	
2685	13.4250	16	25	2	
2686	13.4300	16	26	2	
2687	13.4350	16	26	3	
2688	13.4400	16	27	4	
2689	13.4450	16	27	5	
2690	13.4500	16	28	6	
2691	13.4550	16	28	6	
2692	13.4600	16	29	7	
2693	13.4650	16	29	8	
2694	13.4700	16	30	9	
2695	13.4750	16	30	10	
2696	13.4800	16	30	10	
2697	13.4850	16	31	11	
2698	13.4900	16	31	12	
2699	13.4950	16	32	12	
2700	13.5000	16	32	13	
2701	13.5050	16	32	14	
2702	13.5100	16	33	15	
2703	13.5150	16	33	16	
2704	13.5200	16	34	16	
2705	13.5250	16	34	17	
2706	13.5300	16	34	18	
2707	13.5350	16	34	18	
2708	13.5400	16	35	19	
2709	13.5450	15	35	20	
2710	13.5500	15	35	20	
2711	13.5550	15	35	21	
2712	13.5600	15	36	21	
2713	13.5650	15	36	22	
2714	13.5700	15	36	22	
2715	13.5750	15	36	23	
2716	13.5800	15	36	24	
2717	13.5850	15	36	24	
2718	13.5900	15	36	25	
2719	13.5950	15	36	25	
2720	13.6000	15	37	26	
2721	13.6050	15	37	26	
2722	13.6100	15	37	27	
2723	13.6150	15	37	28	
2724	13.6200	14	37	28	
2725	13.6250	14	37	28	
2726	13.6300	14	37	29	
2727	13.6350	14	37	29	
2728	13.6400	14	37	30	
2729	13.6450	14	37	30	
2730	13.6500	14	36	30	
2731	13.6550	14	36	31	
2732	13.6600	14	36	31	
2733	13.6650	14	36	32	
2734	13.6700	14	36	32	
2735	13.6750	14	36	32	
2736	13.6800	14	36	32	
2737	13.6850	14	36	32	
2738	13.6900	14	35	33	
2739	13.6950	14	35	33	
2740	13.7000	14	35	33	
2741	13.7050	14	34	34	
2742	13.7100	14	34	34	
2743	13.7150	13	34	34	
2744	13.7200	13	34	34	
2745	13.7250	13	33	34	
2746	13.7300	13	33	34	
2747	13.7350	13	33	34	
2748	13.7400	13	32	34	
2749	13.7450	13	32	34	
2750	13.7500	13	32	34	
2751	13.7550	12	31	35	
2752	13.7600	12	31	35	
2753	13.7650	12	30	35	
2754	13.7700	12	30	35	
2755	13.7750	12	30	35	
2756	13.7800	12	29	34	
2757	13.7850	12	28	34	
2758	13.7900	12	28	34	
2759	13.7950	12	28	34	
2760	13.8000	12	27	34	
2761	13.8050	12	26	34	
2762	13.8100	12	26	34	
2763	13.8150	12	26	34	
2764	13.8200	12	25	34	
2765	13.8250	12	24	33	
2766	13.8300	11	24	33	
2767	13.8350	11	23	33	
2768	13.8400	11	22	33	
2769	13.8450	11	22	32	
2770	13.8500	11	21	32	
2771	13.8550	11	21	32	
2772	13.8600	11	20	32	
2773	13.8650	10	20	31	
2774	13.8700	10	19	31	
2775	13.8750	10	18	30	
2776	13.8800	10	18	30	
2777	13.8850	10	17	30	
2778	13.8900	10	16	29	
2779	13.8950	10	16	29	
2780	13.9000	10	15	28	
2781	13.9050	10	14	28	
2782	13.9100	10	13	28	
2783	13.9150	10	12	27	
2784	13.9200	10	12	26	
2785	13.9250	10	11	26	
2786	13.9300	10	10	26	
2787	13.9350	10	10	25	
2788	13.9400	9	9	24	
2789	13.9450	9	8	24	
2790	13.9500	9	8	23	
2791	13.9550	9	7	23	
2792	13.9600	9	6	22	
2793	13.9650	9	5	22	
2794	13.9700	9	4	21	
2795	13.9750	9	4	20	
2796	13.9800	9	3	20	
2797	13.9850	8	2	19	
2798	13.9900	8	2	18	
2799	13.9950	8	1	18	
2800	14.0000	8	0	17	
2801	14.0050	8	-1	16	
2802	14.0100	8	-2	16	
2803	14.0150	8	-2	15	
2804	14.0200	8	-3	14	
2805	14.0250	8	-4	13	
2806	14.0300	8	-4	13	
2807	14.0350	8	-5	12	
2808	14.0400	8	-6	11	
2809	14.0450	8	-7	10	
2810	14.0500	8	-7	10	
2811	14.0550	8	-8	9	
2812	14.0600	8	-9	8	
2813	14.0650	8	-10	8	
2814	14.0700	8	-10	7	
2815	14.0750	8	-11	6	
2816	14.0800	8	-12	5	
2817	14.0850	8	-12	4	
2818	14.0900	7	-13	4	
2819	14.0950	7	-14	3	
2820	14.1000	7	-14	2	
2821	14.1050	7	-15	1	
2822	14.1100	7	-16	0	
2823	14.1150	7	-16	0	
2824	14.1200	7	-17	-1	
2825	14.1250	7	-18	-2	
2826	14.1300	7	-18	-3	
2827	14.1350	7	-19	-4	
2828	14.1400	7	-19	-4	
2829	14.1450	7	-20	-5	
2830	14.1500	7	-20	-6	
2831	14.1550	7	-21	-7	
2832	14.1600	7	-22	-8	
2833	14.1650	7	-22	-8	
2834	14.1700	7	-23	-9	
2835	14.1750	7	-23	-10	
2836	14.1800	7	-24	-11	
2837	14.1850	7	-24	-12	
2838	14.1900	7	-25	-12	
2839	14.1950	7	-25	-13	
2840	14.2000	7	-26	-14	
2841	14.2050	7	-26	-15	
2842	14.2100	7	-27	-16	
2843	14.2150	7	-27	-16	
2844	14.2200	7	-28	-17	
2845	14.2250	7	-28	-18	
2846	14.2300	7	-28	-19	
2847	14.2350	7	-29	-19	
2848	14.2400	7	-29	-20	
2849	14.2450	7	-30	-21	
2850	14.2500	7	-30	-22	
2851	14.2550	7	-30	-22	
2852	14.2600	7	-30	-23	
2853	14.2650	7	-31	-24	
2854	14.2700	7	-31	-24	
2855	14.2750	7	-32	-25	
2856	14.2800	7	-32	-26	
2857	14.2850	7	-32	-26	
2858	14.2900	7	-32	-27	
2859	14.2950	7	-32	-28	
2860	14.3000	7	-33	-28	
2861	14.3050	7	-33	-29	
2862	14.3100	7	-33	-29	
2863	14.3150	7	-33	-30	
2864	14.3200	7	-33	-30	
2865	14.3250	8	-34	-31	
2866	14.3300	8	-34	-32	
2867	14.3350	8	-34	-32	
2868	14.3400	8	-34	-33	
2869	14.3450	8	-34	-33	
2870	14.3500	8	-34	-34	
2871	14.3550	8	-34	-34	
2872	14.3600	8	-34	-34	
2873	14.3650	8	-34	-35	
2874	14.3700	8	-34	-36	
2875	14.3750	8	-34	-36	
2876	14.3800	8	-34	-36	
2877	14.3850	8	-34	-37	
2878	14.3900	8	-34	-37	
2879	14.3950	8	-34	-38	
2880	14.4000	8	-34	-38	
2881	14.4050	8	-33	-38	
2882	14.4100	8	-33	-38	
2883	14.4150	8	-33	-39	
2884	14.4200	8	-33	-39	
2885	14.4250	8	-33	-39	
2886	14.4300	8	-32	-40	
2887	14.4350	9	-32	-40	
2888	14.4400	9	-32	-40	
2889	14.4450	9	-32	-40	
2890	14.4500	9	-32	-40	
2891	14.4550	9	-31	-40	
2892	14.4600	9	-31	-41	
2893	14.4650	9	-31	-41	
2894	14.4700	9	-30	-41	
2895	14.4750	9	-30	-41	
2896	14.4800	10	-30	-41	
2897	14.4850	10	-30	-41	
2898	14.4900	10	-29	-41	
2899	14.4950	10	-29	-41	
2900	14.5000	10	-28	-41	
2901	14.5050	10	-28	-41	
2902	14.5100	10	-28	-41	
2903	14.5150	10	-27	-41	
2904	14.5200	10	-27	-41	
2905	14.5250	10	-26	-41	
2906	14.5300	10	-26	-41	
2907	14.5350	10	-25	-41	
2908	14.5400	10	-25	-41	
2909	14.5450	10	-24	-40	
2910	14.5500	11	-24	-40	
2911	14.5550	11	-23	-40	
2912	14.5600	11	-23	-40	
2913	14.5650	11	-22	-40	
2914	14.5700	11	-22	-40	
2915	14.5750	11	-21	-39	
2916	14.5800	11	-20	-39	
2917	14.5850	11	-20	-39	
2918	14.5900	12	-19	-38	
2919	14.5950	12	-19	-38	
2920	14.6000	12	-18	-38	
2921	14.6050	12	-17	-38	
2922	14.6100	12	-17	-37	
2923	14.6150	12	-16	-37	
2924	14.6200	12	-16	-36	
2925	14.6250	12	-15	-36	
2926	14.6300	12	-14	-36	
2927	14.6350	12	-14	-35	
2928	14.6400	12	-13	-35	
2929	14.6450	12	-12	-34	
2930	14.6500	12	-12	-34	
2931	14.6550	12	-11	-33	
2932	14.6600	13	-10	-33	
2933	14.6650	13	-9	-32	
2934	14.6700	13	-9	-32	
2935	14.6750	13	-8	-31	
2936	14.6800	13	-7	-31	
2937	14.6850	13	-6	-30	
2938	14.6900	13	-6	-30	
2939	14.6950	13	-5	-29	
2940	14.7000	13	-4	-28	
2941	14.7050	14	-4	-28	
2942	14.7100	14	-3	-27	
2943	14.7150	14	-2	-26	
2944	14.7200	14	-2	-26	
2945	14.7250	14	-1	-25	
2946	14.7300	14	0	-24	
2947	14.7350	14	1	-24	
2948	14.7400	14	2	-23	
2949	14.7450	14	2	-22	
2950	14.7500	14	3	-22	
2951	14.7550	14	4	-21	
2952	14.7600	14	4	-20	
2953	14.7650	14	5	-20	
2954	14.7700	14	6	-19	
2955	14.7750	14	7	-18	
2956	14.7800	14	7	-18	
2957	14.7850	14	8	-17	
2958	14.7900	14	9	-16	
2959	14.7950	14	10	-15	
2960	14.8000	15	10	-14	
2961	14.8050	15	11	-14	
2962	14.8100	15	12	-13	
2963	14.8150	15	12	-12	
2964	14.8200	15	13	-11	
2965	14.8250	15	14	-10	
2966	14.8300	15	14	-10	
2967	14.8350	15	15	-9	
2968	14.8400	15	16	-8	
2969	14.8450	15	16	-7	
2970	14.8500	15	17	-6	
2971	14.8550	15	18	-6	
2972	14.8600	15	18	-5	
2973	14.8650	15	19	-4	
2974	14.8700	15	20	-3	
2975	14.8750	16	20	-2	
2976	14.8800	16	21	-2	
2977	14.8850	16	22	-1	
2978	14.8900	16	22	0	
2979	14.8950	16	22	0	
2980	14.9000	16	23	1	
2981	14.9050	16	24	2	
2982	14.9100	16	24	3	
2983	14.9150	16	25	4	
2984	14.9200	16	25	5	
2985	14.9250	16	26	5	
2986	14.9300	16	26	6	
2987	14.9350	16	27	7	
2988	14.9400	16	27	8	
2989	14.9450	16	28	8	
2990	14.9500	16	28	9	
2991	14.9550	16	29	10	
2992	14.9600	16	29	11	
2993	14.9650	16	30	12	
2994	14.9700	16	30	12	
2995	14.9750	16	30	13	
2996	14.9800	16	31	14	
2997	14.9850	16	31	14	
2998	14.9900	16	32	15	
2999	14.9950	16	32	16	
3000	15.0000	16	32	16	
3001	15.0050	16	33	17	
3002	15.0100	16	33	18	
3003	15.0150	16	33	18	
3004	15.0200	16	34	19	
3005	15.0250	16	34	20	
3006	15.0300	16	34	20	
3007	15.0350	15	34	21	
3008	15.0400	15	34	22	
3009	15.0450	15	35	22	
3010	15.0500	15	35	22	
3011	15.0550	15	35	23	
3012	15.0600	15	35	24	
3013	15.0650	15	35	24	
3014	15.0700	15	35	25	
3015	15.0750	15	36	25	
3016	15.0800	15	36	26	
3017	15.0850	15	36	26	
3018	15.0900	15	36	27	
3019	15.0950	15	36	27	
3020	15.1000	15	36	28	
3021	15.1050	15	36	28	
3022	15.1100	14	36	28	
3023	15.1150	14	36	29	
3024	15.1200	14	36	29	
3025	15.1250	14	36	30	
3026	15.1300	14	36	30	
3027	15.1350	14	36	30	
3028	15.1400	14	36	31	
3029	15.1450	14	36	31	
3030	15.1500	14	35	31	
3031	15.1550	14	35	32	
3032	15.1600	14	35	32	
3033	15.1650	14	35	32	
3034	15.1700	14	35	32	
3035	15.1750	14	34	32	
3036	15.1800	14	34	33	
3037	15.1850	14	34	33	
3038	15.1900	14	34	33	
3039	15.1950	14	34	33	
3040	15.2000	14	33	33	
3041	15.2050	13	33	34	
3042	15.2100	13	33	34	
3043	15.2150	13	32	34	
3044	15.2200	13	32	34	
3045	15.2250	13	32	34	
3046	15.2300	13	31	34	
3047	15.2350	13	31	34	
3048	15.2400	13	30	34	
3049	15.2450	12	30	34	
3050	15.2500	12	30	34	
3051	15.2550	12	29	34	
3052	15.2600	12	29	34	
3053	15.2650	12	28	34	
3054	15.2700	12	28	34	
3055	15.2750	12	28	34	
3056	15.2800	12	27	33	
3057	15.2850	12	26	33	
3058	15.2900	12	26	33	
3059	15.2950	12	26	33	
3060	15.3000	12	25	32	
3061	15.3050	12	24	32	
3062	15.3100	12	24	32	
3063	15.3150	11	23	32	
3064	15.3200	11	23	32	
3065	15.3250	11	22	31	
3066	15.3300	11	22	31	
3067	15.3350	11	21	31	
3068	15.3400	11	20	30	
3069	15.3450	11	20	30	
3070	15.3500	11	19	30	
3071	15.3550	10	18	29	
3072	15.3600	10	18	29	
3073	15.3650	10	17	28	
3074	15.3700	10	16	28	
3075	15.3750	10	16	28	
3076	15.3800	10	15	27	
3077	15.3850	10	14	27	
3078	15.3900	10	14	26	
3079	15.3950	10	13	26	
3080	15.4000	10	12	26	
3081	15.4050	10	12	25	
3082	15.4100	10	11	24	
3083	15.4150	10	10	24	
3084	15.4200	10	10	23	
3085	15.4250	10	9	23	
3086	15.4300	9	8	22	
3087	15.4350	9	7	22	
3088	15.4400	9	7	21	
3089	15.4450	9	6	20	
3090	15.4500	9	5	20	
3091	15.4550	9	4	19	
3092	15.4600	9	4	18	
3093	15.4650	9	3	18	
3094	15.4700	8	2	17	
3095	15.4750	8	2	16	
3096	15.4800	8	1	16	
3097	15.4850	8	0	15	
3098	15.4900	8	-1	14	
3099	15.4950	8	-1	14	
3100	15.5000	8	-2	13	
3101	15.5050	8	-3	12	
3102	15.5100	8	-4	12	
3103	15.5150	8	-4	11	
3104	15.5200	8	-5	10	
3105	15.5250	8	-6	10	
3106	15.5300	8	-6	9	
3107	15.5350	8	-7	8	
3108	15.5400	8	-8	7	
3109	15.5450	8	-8	6	
3110	15.5500	8	-9	6	
3111	15.5550	8	-10	5	
3112	15.5600	8	-11	4	
3113	15.5650	8	-11	4	
3114	15.5700	8	-12	3	
3115	15.5750	8	-13	2	
3116	15.5800	7	-13	1	
3117	15.5850	7	-14	0	
3118	15.5900	7	-15	0	
3119	15.5950	7	-15	-1	
3120	15.6000	7	-16	-2	
3121	15.6050	7	-16	-3	
3122	15.6100	7	-17	-4	
3123	15.6150	7	-18	-4	
3124	15.6200	7	-18	-5	
3125	15.6250	7	-19	-6	
3126	15.6300	7	-20	-7	
3127	15.6350	7	-20	-8	
3128	15.6400	7	-21	-8	
3129	15.6450	7	-21	-9	
3130	15.6500	7	-22	-10	
3131	15.6550	7	-22	-11	
3132	15.6600	7	-23	-12	
3133	15.6650	7	-23	-12	
3134	15.6700	7	-24	-13	
3135	15.6750	7	-24	-14	
3136	15.6800	7	-25	-14	
3137	15.6850	7	-25	-15	
3138	15.6900	7	-26	-16	
3139	15.6950	7	-26	-17	
3140	15.7000	7	-27	-17	
3141	15.7050	7	-27	-18	
3142	15.7100	7	-28	-19	
3143	15.7150	7	-28	-20	
3144	15.7200	7	-28	-20	
3145	15.7250	7	-29	-21	
3146	15.7300	7	-29	-22	
3147	15.7350	7	-30	-22	
3148	15.7400	7	-30	-23	
3149	15.7450	7	-30	-24	
3150	15.7500	7	-30	-24	
3151	15.7550	7	-31	-25	
3152	15.7600	7	-31	-26	
3153	15.7650	7	-31	-26	
3154	15.7700	7	-31	-27	
3155	15.7750	7	-32	-28	
3156	15.7800	7	-32	-28	
3157	15.7850	7	-32	-29	
3158	15.7900	7	-32	-29	
3159	15.7950	7	-32	-30	
3160	15.8000	7	-32	-30	
3161	15.8050	7	-33	-31	
3162	15.8100	8	-33	-31	
3163	15.8150	8	-33	-32	
3164	15.8200	8	-33	-32	
3165	15.8250	8	-33	-33	
3166	15.8300	8	-33	-33	
3167	15.8350	8	-33	-34	
3168	15.8400	8	-33	-34	
3169	15.8450	8	-33	-35	
3170	15.8500	8	-33	-35	
3171	15.8550	8	-33	-36	
3172	15.8600	8	-33	-36	
3173	15.8650	8	-33	-36	
3174	15.8700	8	-33	-36	
3175	15.8750	8	-33	-37	
3176	15.8800	8	-33	-37	
3177	15.8850	8	-33	-38	
3178	15.8900	8	-33	-38	
3179	15.8950	8	-32	-38	
3180	15.9000	8	-32	-38	
3181	15.9050	8	-32	-39	
3182	15.9100	8	-32	-39	
3183	15.9150	8	-32	-39	
3184	15.9200	9	-32	-39	
3185	15.9250	9	-32	-40	
3186	15.9300	9	-31	-40	
3187	15.9350	9	-31	-40	
3188	15.9400	9	-31	-40	
3189	15.9450	9	-30	-40	
3190	15.9500	9	-30	-40	
3191	15.9550	9	-30	-40	
3192	15.9600	9	-30	-40	
3193	15.9650	10	-29	-40	
3194	15.9700	10	-29	-40	
3195	15.9750	10	-28	-40	
3196	15.9800	10	-28	-40	
3197	15.9850	10	-28	-40	
3198	15.9900	10	-27	-40	
3199	15.9950	10	-27	-40	
3200	16.0000	10	-26	-40	
3201	16.0050	10	-26	-40	
3202	16.0100	10	-26	-40	
3203	16.0150	10	-25	-40	
3204	16.0200	10	-24	-40	
3205	16.0250	10	-24	-40	
3206	16.0300	10	-24	-40	
3207	16.0350	10	-23	-39	
3208	16.0400	11	-22	-39	
3209	16.0450	11	-22	-39	
3210	16.0500	11	-22	-39	
3211	16.0550	11	-21	-38	
3212	16.0600	11	-20	-38	
3213	16.0650	11	-20	-38	
3214	16.0700	11	-19	-38	
3215	16.0750	12	-19	-37	
3216	16.0800	12	-18	-37	
3217	16.0850	12	-18	-37	
3218	16.0900	12	-17	-36	
3219	16.0950	12	-16	-36	
3220	16.1000	12	-16	-36	
3221	16.1050	12	-15	-35	
3222	16.1100	12	-14	-35	
3223	16.1150	12	-14	-34	
3224	16.1200	12	-13	-34	
3225	16.1250	12	-12	-34	
3226	16.1300	12	-12	-33	
3227	16.1350	12	-11	-32	
3228	16.1400	12	-10	-32	
3229	16.1450	12	-10	-32	
3230	16.1500	13	-9	-31	
3231	16.1550	13	-8	-30	
3232	16.1600	13	-8	-30	
3233	16.1650	13	-7	-29	
3234	16.1700	13	-6	-29	
3235	16.1750	13	-6	-28	
3236	16.1800	13	-5	-28	
3237	16.1850	13	-4	-27	
3238	16.1900	14	-4	-26	
3239	16.1950	14	-3	-26	
3240	16.2000	14	-2	-25	
3241	16.2050	14	-1	-24	
3242	16.2100	14	0	-24	
3243	16.2150	14	0	-23	
3244	16.2200	14	1	-22	
3245	16.2250	14	2	-22	
3246	16.2300	14	2	-21	
3247	16.2350	14	3	-20	
3248	16.2400	14	4	-20	
3249	16.2450	14	4	-19	
3250	16.2500	14	5	-18	
3251	16.2550	14	6	-18	
3252	16.2600	14	7	-17	
3253	16.2650	14	7	-16	
3254	16.2700	14	8	-16	
3255	16.2750	14	9	-15	
3256	16.2800	14	9	-14	
3257	16.2850	15	10	-13	
3258	16.2900	15	11	-12	
3259	16.2950	15	12	-12	
3260	16.3000	15	12	-11	
3261	16.3050	15	13	-10	
3262	16.3100	15	14	-9	
3263	16.3150	15	14	-8	
3264	16.3200	15	15	-8	
3265	16.3250	15	16	-7	
3266	16.3300	15	16	-6	
3267	16.3350	15	17	-5	
3268	16.3400	15	18	-4	
3269	16.3450	15	18	-4	
3270	16.3500	15	19	-3	
3271	16.3550	15	19	-2	
3272	16.3600	15	20	-2	
3273	16.3650	16	20	-1	
3274	16.3700	16	21	0	
3275	16.3750	16	22	1	
3276	16.3800	16	22	2	
3277	16.3850	16	23	2	
3278	16.3900	16	23	3	
3279	16.3950	16	24	4	
3280	16.4000	16	24	5	
3281	16.4050	16	25	6	
3282	16.4100	16	25	6	
3283	16.4150	16	26	7	
3284	16.4200	16	26	8	
3285	16.4250	16	27	8	
3286	16.4300	16	27	9	
3287	16.4350	16	28	10	
3288	16.4400	16	28	11	
3289	16.4450	16	28	11	
3290	16.4500	16	29	12	
3291	16.4550	16	29	13	
3292	16.4600	16	30	14	
3293	16.4650	16	30	14	
3294	16.4700	16	30	15	
3295	16.4750	16	31	16	
3296	16.4800	16	31	16	
3297	16.4850	16	32	17	
3298	16.4900	16	32	18	
3299	16.4950	16	32	18	
3300	16.5000	16	32	19	
3301	16.5050	16	33	20	
3302	16.5100	16	33	20	
3303	16.5150	16	33	20	
3304	16.5200	15	33	21	
3305	16.5250	15	34	22	
3306	16.5300	15	34	22	
3307	16.5350	15	34	23	
3308	16.5400	15	34	23	
3309	16.5450	15	34	24	
3310	16.5500	15	34	24	
3311	16.5550	15	34	25	
3312	16.5600	15	34	25	
3313	16.5650	15	35	26	
3314	16.5700	15	35	26	
3315	16.5750	15	35	27	
3316	16.5800	15	35	27	
3317	16.5850	15	35	28	
3318	16.5900	15	35	28	
3319	16.5950	14	35	28	
3320	16.6000	14	35	29	
3321	16.6050	14	35	29	
3322	16.6100	14	35	30	
3323	16.6150	14	35	30	
3324	16.6200	14	35	30	
3325	16.6250	14	35	30	
3326	16.6300	14	34	31	
3327	16.6350	14	34	31	
3328	16.6400	14	34	31	
3329	16.6450	14	34	32	
3330	16.6500	14	34	32	
3331	16.6550	14	34	32	
3332	16.6600	14	34	32	
3333	16.6650	14	33	32	
3334	16.6700	14	33	32	
3335	16.6750	14	33	32	
3336	16.6800	14	33	33	
3337	16.6850	14	32	33	
3338	16.6900	13	32	33	
3339	16.6950	13	32	33	
3340	16.7000	13	32	33	
3341	16.7050	13	31	33	
3342	16.7100	13	31	33	
3343	16.7150	13	30	33	
3344	16.7200	13	30	33	
3345	16.7250	13	30	33	
3346	16.7300	12	29	33	
3347	16.7350	12	29	33	
3348	16.7400	12	28	33	
3349	16.7450	12	28	33	
3350	16.7500	12	28	33	
3351	16.7550	12	27	32	
3352	16.7600	12	27	32	
3353	16.7650	12	26	32	
3354	16.7700	12	26	32	
3355	16.7750	12	25	32	
3356	16.7800	12	25	32	
3357	16.7850	12	24	32	
3358	16.7900	12	24	31	
3359	16.7950	12	23	31	
3360	16.8000	12	23	31	
3361	16.8050	11	22	30	
3362	16.8100	11	22	30	
3363	16.8150	11	21	30	
3364	16.8200	11	20	30	
3365	16.8250	11	20	29	
3366	16.8300	11	19	29	
3367	16.8350	11	19	28	
3368	16.8400	10	18	28	
3369	16.8450	10	18	28	
3370	16.8500	10	17	27	
3371	16.8550	10	16	27	
3372	16.8600	10	16	26	
3373	16.8650	10	15	26	
3374	16.8700	10	14	26	
3375	16.8750	10	14	25	
3376	16.8800	10	13	24	
3377	16.8850	10	12	24	
3378	16.8900	10	12	24	
3379	16.8950	10	11	23	
3380	16.9000	10	10	22	
3381	16.9050	10	10	22	
3382	16.9100	10	9	21	
3383	16.9150	9	8	21	
3384	16.9200	9	7	20	
3385	16.9250	9	7	20	
3386	16.9300	9	6	19	
3387	16.9350	9	5	18	
3388	16.9400	9	5	18	
3389	16.9450	9	4	17	
3390	16.9500	9	3	16	
3391	16.9550	9	2	16	
3392	16.9600	8	2	15	
3393	16.9650	8	1	14	
3394	16.9700	8	0	14	
3395	16.9750	8	0	13	
3396	16.9800	8	-1	12	
3397	16.9850	8	-2	12	
3398	16.9900	8	-2	11	
3399	16.9950	8	-3	10	
3400	17.0000	8	-4	10	
3401	17.0050	8	-5	9	
3402	17.0100	8	-5	8	
3403	17.0150	8	-6	7	
3404	17.0200	8	-7	6	
3405	17.0250	8	-8	6	
3406	17.0300	8	-8	5	
3407	17.0350	8	-9	4	
3408	17.0400	8	-10	4	
3409	17.0450	8	-10	3	
3410	17.0500	8	-11	2	
3411	17.0550	8	-12	1	
3412	17.0600	8	-12	0	
3413	17.0650	7	-13	0	
3414	17.0700	7	-14	-1	
3415	17.0750	7	-14	-2	
3416	17.0800	7	-15	-3	
3417	17.0850	7	-15	-3	
3418	17.0900	7	-16	-4	
3419	17.0950	7	-16	-5	
3420	17.1000	7	-17	-6	
3421	17.1050	7	-18	-6	
3422	17.1100	7	-18	-7	
3423	17.1150	7	-19	-8	
3424	17.1200	7	-20	-9	
3425	17.1250	7	-20	-10	
3426	17.1300	7	-21	-10	
3427	17.1350	7	-21	-11	
3428	17.1400	7	-22	-12	
3429	17.1450	7	-22	-12	
3430	17.1500	7	-23	-13	
3431	17.1550	7	-23	-14	
3432	17.1600	7	-24	-15	
3433	17.1650	7	-24	-16	
3434	17.1700	7	-25	-16	
3435	17.1750	7	-25	-17	
3436	17.1800	7	-26	-18	
3437	17.1850	7	-26	-18	
3438	17.1900	7	-26	-19	
3439	17.1950	7	-27	-20	
3440	17.2000	7	-27	-20	
3441	17.2050	7	-28	-21	
3442	17.2100	7	-28	-22	
3443	17.2150	7	-28	-22	
3444	17.2200	7	-29	-23	
3445	17.2250	7	-29	-24	
3446	17.2300	7	-29	-24	
3447	17.2350	7	-30	-25	
3448	17.2400	7	-30	-26	
3449	17.2450	7	-30	-26	
3450	17.2500	7	-30	-27	
3451	17.2550	7	-30	-27	
3452	17.2600	7	-31	-28	
3453	17.2650	7	-31	-28	
3454	17.2700	7	-31	-29	
3455	17.2750	7	-31	-30	
3456	17.2800	7	-32	-30	
3457	17.2850	7	-32	-30	
3458	17.2900	7	-32	-31	
3459	17.2950	8	-32	-32	
3460	17.3000	8	-32	-32	
3461	17.3050	8	-32	-32	
3462	17.3100	8	-32	-33	
3463	17.3150	8	-32	-34	
3464	17.3200	8	-32	-34	
3465	17.3250	8	-32	-34	
3466	17.3300	8	-32	-35	
3467	17.3350	8	-32	-35	
3468	17.3400	8	-32	-35	
3469	17.3450	8	-32	-36	
3470	17.3500	8	-32	-36	
3471	17.3550	8	-32	-36	
3472	17.3600	8	-32	-37	
3473	17.3650	8	-32	-37	
3474	17.3700	8	-32	-37	
3475	17.3750	8	-32	-38	
3476	17.3800	8	-32	-38	
3477	17.3850	8	-32	-38	
3478	17.3900	8	-32	-38	
3479	17.3950	8	-32	-38	
3480	17.4000	8	-31	-39	
3481	17.4050	8	-31	-39	
3482	17.4100	9	-31	-39	
3483	17.4150	9	-30	-39	
3484	17.4200	9	-30	-39	
3485	17.4250	9	-30	-39	
3486	17.4300	9	-30	-40	
3487	17.4350	9	-30	-40	
3488	17.4400	9	-29	-40	
3489	17.4450	9	-29	-40	
3490	17.4500	10	-29	-40	
3491	17.4550	10	-28	-40	
3492	17.4600	10	-28	-40	
3493	17.4650	10	-28	-40	
3494	17.4700	10	-27	-40	
3495	17.4750	10	-27	-40	
3496	17.4800	10	-26	-40	
3497	17.4850	10	-26	-39	
3498	17.4900	10	-26	-39	
3499	17.4950	10	-25	-39	
3500	17.5000	10	-25	-39	
3501	17.5050	10	-24	-39	
3502	17.5100	10	-24	-39	
3503	17.5150	10	-23	-38	
3504	17.5200	10	-23	-38	
3505	17.5250	11	-22	-38	
3506	17.5300	11	-22	-38	
3507	17.5350	11	-21	-38	
3508	17.5400	11	-21	-38	
3509	17.5450	11	-20	-37	
3510	17.5500	11	-20	-37	
3511	17.5550	11	-19	-36	
3512	17.5600	11	-18	-36	
3513	17.5650	12	-18	-36	
3514	17.5700	12	-17	-36	
3515	17.5750	12	-17	-35	
3516	17.5800	12	-16	-35	
3517	17.5850	12	-16	-34	
3518	17.5900	12	-15	-34	
3519	17.5950	12	-14	-34	
3520	17.6000	12	-14	-33	
3521	17.6050	12	-13	-33	
3522	17.6100	12	-12	-32	
3523	17.6150	12	-12	-32	
3524	17.6200	12	-11	-31	
3525	17.6250	12	-10	-31	
3526	17.6300	12	-10	-30	
3527	17.6350	12	-9	-30	
3528	17.6400	13	-8	-29	
3529	17.6450	13	-8	-29	
3530	17.6500	13	-7	-28	
3531	17.6550	13	-6	-28	
3532	17.6600	13	-6	-27	
3533	17.6650	13	-5	-26	
3534	17.6700	13	-4	-26	
3535	17.6750	14	-4	-25	
3536	17.6800	14	-3	-25	
3537	17.6850	14	-2	-24	
3538	17.6900	14	-1	-24	
3539	17.6950	14	-1	-23	
3540	17.7000	14	0	-22	
3541	17.7050	14	1	-22	
3542	17.7100	14	2	-21	
3543	17.7150	14	2	-20	
3544	17.7200	14	3	-19	
3545	17.7250	14	4	-19	
3546	17.7300	14	4	-18	
3547	17.7350	14	5	-17	
3548	17.7400	14	6	-16	
3549	17.7450	14	6	-16	
3550	17.7500	14	7	-15	
3551	17.7550	14	8	-14	
3552	17.7600	14	8	-14	
3553	17.7650	14	9	-13	
3554	17.7700	14	10	-12	
3555	17.7750	15	10	-12	
3556	17.7800	15	11	-11	
3557	17.7850	15	12	-10	
3558	17.7900	15	12	-9	
3559	17.7950	15	13	-8	
3560	17.8000	15	14	-8	
3561	17.8050	15	14	-7	
3562	17.8100	15	15	-6	
3563	17.8150	15	16	-5	
3564	17.8200	15	16	-5	
3565	17.8250	15	17	-4	
3566	17.8300	15	18	-3	
3567	17.8350	15	18	-2	
3568	17.8400	15	19	-2	
3569	17.8450	15	19	-1	
3570	17.8500	15	20	0	
3571	17.8550	16	20	1	
3572	17.8600	16	21	2	
3573	17.8650	16	22	2	
3574	17.8700	16	22	3	
3575	17.8750	16	23	4	
3576	17.8800	16	23	4	
3577	17.8850	16	24	5	
3578	17.8900	16	24	6	
3579	17.8950	16	25	7	
3580	17.9000	16	25	7	
3581	17.9050	16	26	8	
3582	17.9100	16	26	9	
3583	17.9150	16	27	10	
3584	17.9200	16	27	10	
3585	17.9250	16	28	11	
3586	17.9300	16	28	12	
3587	17.9350	16	28	12	
3588	17.9400	16	29	13	
3589	17.9450	16	29	14	
3590	17.9500	16	30	14	
3591	17.9550	16	30	15	
3592	17.9600	16	30	16	
3593	17.9650	16	30	16	
3594	17.9700	16	31	17	
3595	17.9750	16	31	18	
3596	17.9800	16	31	18	
3597	17.9850	16	32	19	
3598	17.9900	16	32	19	
3599	17.9950	16	32	20	
3600	18.0000	16	32	20	
3601	18.0050	16	33	21	
3602	18.0100	15	33	22	
3603	18.0150	15	33	22	
3604	18.0200	15	33	23	
3605	18.0250	15	33	23	
3606	18.0300	15	34	24	
3607	18.0350	15	34	24	
3608	18.0400	15	34	25	
3609	18.0450	15	34	25	
3610	18.0500	15	34	26	
3611	18.0550	15	34	26	
3612	18.0600	15	34	26	
3613	18.0650	15	34	27	
3614	18.0700	15	34	27	
3615	18.0750	15	34	28	
3616	18.0800	14	34	28	
3617	18.0850	14	34	28	
3618	18.0900	14	34	29	
3619	18.0950	14	34	29	
3620	18.1000	14	34	29	
3621	18.1050	14	34	30	
3622	18.1100	14	34	30	
3623	18.1150	14	34	30	
3624	18.1200	14	34	30	
3625	18.1250	14	34	31	
3626	18.1300	14	34	31	
3627	18.1350	14	33	31	
3628	18.1400	14	33	31	
3629	18.1450	14	33	32	
3630	18.1500	14	33	32	
3631	18.1550	14	32	32	
3632	18.1600	14	32	32	
3633	18.1650	14	32	32	
3634	18.1700	14	32	32	
3635	18.1750	13	32	32	
3636	18.1800	13	31	32	
3637	18.1850	13	31	32	
3638	18.1900	13	31	32	
3639	18.1950	13	30	32	
3640	18.2000	13	30	32	
3641	18.2050	13	30	32	
3642	18.2100	13	29	32	
3643	18.2150	12	29	32	
3644	18.2200	12	28	32	
3645	18.2250	12	28	32	
3646	18.2300	12	28	32	
3647	18.2350	12	27	32	
3648	18.2400	12	27	32	
3649	18.2450	12	26	32	
3650	18.2500	12	26	31	
3651	18.2550	12	25	31	
3652	18.2600	12	25	31	
3653	18.2650	12	24	31	
3654	18.2700	12	24	30	
3655	18.2750	12	24	30	
3656	18.2800	12	23	30	
3657	18.2850	12	22	30	
3658	18.2900	11	22	30	
3659	18.2950	11	21	29	
3660	18.3000	11	21	29	
