#	time(s)	count A	count B	count C	count D
1	0.0050	-64	-59		
2	0.0100	-66	-60		
3	0.0150	-68	-62		
4	0.0200	-71	-63		
5	0.0250	-73	-64		
6	0.0300	-75	-66		
7	0.0350	-77	-67		
8	0.0400	-79	-68		
9	0.0450	-80	-69		
10	0.0500	-82	-70		
11	0.0550	-84	-71		
12	0.0600	-86	-72		
13	0.0650	-88	-74		
14	0.0700	-89	-74		
15	0.0750	-90	-76		
16	0.0800	-92	-76		
17	0.0850	-94	-77		
18	0.0900	-95	-78		
19	0.0950	-96	-79		
20	0.1000	-98	-80		
21	0.1050	-98	-81		
22	0.1100	-100	-81		
23	0.1150	-101	-82		
24	0.1200	-102	-83		
25	0.1250	-102	-83		
26	0.1300	-104	-84		
27	0.1350	-104	-84		
28	0.1400	-105	-85		
29	0.1450	-106	-85		
30	0.1500	-106	-86		
31	0.1550	-106	-86		
32	0.1600	-107	-86		
33	0.1650	-107	-87		
34	0.1700	-108	-87		
35	0.1750	-108	-87		
36	0.1800	-108	-88		
37	0.1850	-108	-88		
38	0.1900	-108	-88		
39	0.1950	-108	-88		
40	0.2000	-108	-88		
41	0.2050	-107	-88		
42	0.2100	-107	-88		
43	0.2150	-106	-88		
44	0.2200	-106	-88		
45	0.2250	-106	-88		
46	0.2300	-105	-88		
47	0.2350	-104	-87		
48	0.2400	-104	-87		
49	0.2450	-103	-87		
50	0.2500	-102	-86		
51	0.2550	-101	-86		
52	0.2600	-100	-86		
53	0.2650	-99	-85		
54	0.2700	-98	-85		
55	0.2750	-96	-84		
56	0.2800	-96	-84		
57	0.2850	-94	-83		
58	0.2900	-93	-82		
59	0.2950	-91	-82		
60	0.3000	-90	-81		
61	0.3050	-88	-80		
62	0.3100	-86	-79		
63	0.3150	-85	-78		
64	0.3200	-83	-78		
65	0.3250	-82	-77		
66	0.3300	-80	-76		
67	0.3350	-78	-75		
68	0.3400	-76	-74		
69	0.3450	-74	-72		
70	0.3500	-72	-71		
71	0.3550	-70	-70		
72	0.3600	-68	-69		
73	0.3650	-66	-68		
74	0.3700	-64	-66		
75	0.3750	-62	-65		
76	0.3800	-60	-63		
77	0.3850	-57	-62		
78	0.3900	-55	-60		
79	0.3950	-53	-59		
80	0.4000	-50	-58		
81	0.4050	-48	-56		
82	0.4100	-46	-54		
83	0.4150	-43	-52		
84	0.4200	-41	-50		
85	0.4250	-38	-49		
86	0.4300	-36	-47		
87	0.4350	-34	-45		
88	0.4400	-31	-43		
89	0.4450	-29	-41		
90	0.4500	-26	-39		
91	0.4550	-24	-37		
92	0.4600	-22	-35		
93	0.4650	-19	-33		
94	0.4700	-16	-31		
95	0.4750	-14	-29		
96	0.4800	-12	-27		
97	0.4850	-9	-24		
98	0.4900	-6	-22		
99	0.4950	-4	-20		
100	0.5000	-2	-18		
101	0.5050	1	-15		
102	0.5100	4	-13		
103	0.5150	6	-10		
104	0.5200	8	-8		
105	0.5250	11	-6		
106	0.5300	13	-3		
107	0.5350	16	-1		
108	0.5400	18	2		
109	0.5450	20	4		
110	0.5500	22	7		
111	0.5550	25	10		
112	0.5600	27	12		
113	0.5650	29	15		
114	0.5700	32	17		
115	0.5750	34	20		
116	0.5800	36	22		
117	0.5850	38	25		
118	0.5900	40	28		
119	0.5950	42	30		
120	0.6000	45	33		
121	0.6050	47	36		
122	0.6100	49	38		
123	0.6150	51	41		
124	0.6200	53	44		
125	0.6250	55	46		
126	0.6300	57	49		
127	0.6350	59	51		
128	0.6400	61	54		
129	0.6450	62	56		
130	0.6500	64	59		
131	0.6550	66	62		
132	0.6600	68	64		
133	0.6650	70	66		
134	0.6700	72	69		
135	0.6750	73	71		
136	0.6800	75	74		
137	0.6850	76	76		
138	0.6900	78	78		
139	0.6950	80	81		
140	0.7000	81	83		
141	0.7050	82	86		
142	0.7100	84	88		
143	0.7150	86	90		
144	0.7200	87	92		
145	0.7250	88	94		
146	0.7300	90	96		
147	0.7350	91	98		
148	0.7400	92	100		
149	0.7450	93	102		
150	0.7500	94	104		
151	0.7550	96	105		
152	0.7600	96	107		
153	0.7650	98	109		
154	0.7700	99	110		
155	0.7750	100	112		
156	0.7800	101	113		
157	0.7850	102	115		
158	0.7900	102	116		
159	0.7950	103	118		
160	0.8000	104	119		
161	0.8050	105	120		
162	0.8100	106	121		
163	0.8150	106	122		
164	0.8200	107	123		
165	0.8250	108	124		
166	0.8300	108	125		
167	0.8350	109	126		
168	0.8400	110	126		
169	0.8450	110	127		
170	0.8500	110	127		
171	0.8550	111	127		
172	0.8600	112	127		
173	0.8650	112	127		
174	0.8700	112	127		
175	0.8750	112	127		
176	0.8800	112	127		
177	0.8850	113	127		
178	0.8900	113	127		
179	0.8950	113	127		
180	0.9000	113	127		
181	0.9050	113	127		
182	0.9100	113	127		
183	0.9150	113	127		
184	0.9200	113	127		
185	0.9250	113	127		
186	0.9300	113	127		
187	0.9350	113	126		
188	0.9400	112	126		
189	0.9450	112	125		
190	0.9500	112	124		
191	0.9550	112	123		
192	0.9600	111	122		
193	0.9650	111	121		
194	0.9700	110	120		
195	0.9750	110	119		
196	0.9800	109	118		
197	0.9850	108	117		
198	0.9900	108	115		
199	0.9950	107	114		
200	1.0000	106	113		
201	1.0050	106	111		
202	1.0100	105	110		
203	1.0150	104	108		
204	1.0200	103	106		
205	1.0250	102	105		
206	1.0300	101	103		
207	1.0350	100	101		
208	1.0400	99	99		
209	1.0450	98	98		
210	1.0500	96	96		
211	1.0550	95	94		
212	1.0600	94	92		
213	1.0650	92	90		
214	1.0700	91	88		
215	1.0750	90	86		
216	1.0800	88	84		
217	1.0850	87	82		
218	1.0900	85	80		
219	1.0950	84	77		
220	1.1000	82	75		
221	1.1050	80	73		
222	1.1100	78	71		
223	1.1150	77	68		
224	1.1200	75	66		
225	1.1250	73	64		
226	1.1300	71	61		
227	1.1350	69	59		
228	1.1400	67	57		
229	1.1450	65	54		
230	1.1500	63	52		
231	1.1550	61	50		
232	1.1600	59	47		
233	1.1650	57	45		
234	1.1700	54	43		
235	1.1750	52	40		
236	1.1800	50	38		
237	1.1850	48	36		
238	1.1900	46	33		
239	1.1950	43	31		
240	1.2000	41	28		
241	1.2050	38	26		
242	1.2100	36	24		
243	1.2150	33	21		
244	1.2200	31	19		
245	1.2250	28	17		
246	1.2300	26	14		
247	1.2350	23	12		
248	1.2400	20	10		
249	1.2450	18	8		
250	1.2500	16	5		
251	1.2550	13	3		
252	1.2600	10	1		
253	1.2650	8	-1		
254	1.2700	5	-4		
255	1.2750	2	-6		
256	1.2800	0	-8		
257	1.2850	-3	-10		
258	1.2900	-6	-12		
259	1.2950	-8	-14		
260	1.3000	-11	-16		
261	1.3050	-14	-18		
262	1.3100	-17	-21		
263	1.3150	-19	-23		
264	1.3200	-22	-24		
265	1.3250	-24	-26		
266	1.3300	-27	-28		
267	1.3350	-30	-30		
268	1.3400	-32	-32		
269	1.3450	-35	-34		
270	1.3500	-38	-36		
271	1.3550	-40	-38		
272	1.3600	-42	-39		
273	1.3650	-45	-41		
274	1.3700	-47	-43		
275	1.3750	-50	-44		
276	1.3800	-52	-46		
277	1.3850	-54	-48		
278	1.3900	-57	-49		
279	1.3950	-59	-51		
280	1.4000	-62	-52		
281	1.4050	-64	-54		
282	1.4100	-66	-55		
283	1.4150	-68	-57		
284	1.4200	-70	-58		
285	1.4250	-72	-60		
286	1.4300	-74	-61		
287	1.4350	-76	-62		
288	1.4400	-78	-64		
289	1.4450	-80	-65		
290	1.4500	-82	-66		
291	1.4550	-83	-67		
292	1.4600	-85	-68		
293	1.4650	-86	-70		
294	1.4700	-88	-71		
295	1.4750	-90	-72		
296	1.4800	-91	-73		
297	1.4850	-92	-74		
298	1.4900	-94	-75		
299	1.4950	-95	-76		
300	1.5000	-96	-77		
301	1.5050	-97	-78		
302	1.5100	-98	-78		
303	1.5150	-99	-79		
304	1.5200	-100	-80		
305	1.5250	-101	-81		
306	1.5300	-102	-81		
307	1.5350	-102	-82		
308	1.5400	-103	-83		
309	1.5450	-104	-83		
310	1.5500	-104	-84		
311	1.5550	-104	-84		
312	1.5600	-105	-85		
313	1.5650	-105	-85		
314	1.5700	-106	-86		
315	1.5750	-106	-86		
316	1.5800	-106	-87		
317	1.5850	-106	-87		
318	1.5900	-106	-87		
319	1.5950	-105	-87		
320	1.6000	-105	-88		
321	1.6050	-105	-88		
322	1.6100	-104	-88		
323	1.6150	-104	-88		
324	1.6200	-104	-88		
325	1.6250	-103	-88		
326	1.6300	-102	-88		
327	1.6350	-102	-88		
328	1.6400	-101	-88		
329	1.6450	-100	-88		
330	1.6500	-99	-87		
331	1.6550	-98	-87		
332	1.6600	-98	-87		
333	1.6650	-96	-86		
334	1.6700	-95	-86		
335	1.6750	-94	-86		
336	1.6800	-93	-85		
337	1.6850	-92	-85		
338	1.6900	-90	-84		
339	1.6950	-89	-84		
340	1.7000	-88	-83		
341	1.7050	-86	-82		
342	1.7100	-84	-81		
343	1.7150	-83	-81		
344	1.7200	-81	-80		
345	1.7250	-80	-79		
346	1.7300	-78	-78		
347	1.7350	-76	-77		
348	1.7400	-74	-76		
349	1.7450	-72	-75		
350	1.7500	-70	-74		
351	1.7550	-68	-72		
352	1.7600	-66	-71		
353	1.7650	-64	-70		
354	1.7700	-62	-69		
355	1.7750	-60	-67		
356	1.7800	-58	-66		
357	1.7850	-56	-64		
358	1.7900	-54	-63		
359	1.7950	-52	-62		
360	1.8000	-50	-60		
361	1.8050	-48	-58		
362	1.8100	-46	-56		
363	1.8150	-43	-55		
364	1.8200	-41	-53		
365	1.8250	-39	-51		
366	1.8300	-36	-49		
367	1.8350	-34	-47		
368	1.8400	-32	-46		
369	1.8450	-30	-44		
370	1.8500	-27	-42		
371	1.8550	-25	-40		
372	1.8600	-22	-37		
373	1.8650	-20	-35		
374	1.8700	-18	-33		
375	1.8750	-16	-31		
376	1.8800	-13	-29		
377	1.8850	-11	-26		
378	1.8900	-8	-24		
379	1.8950	-6	-22		
380	1.9000	-4	-19		
381	1.9050	-2	-17		
382	1.9100	1	-14		
383	1.9150	3	-12		
384	1.9200	6	-9		
385	1.9250	8	-7		
386	1.9300	10	-4		
387	1.9350	12	-2		
388	1.9400	14	1		
389	1.9450	17	3		
390	1.9500	19	6		
391	1.9550	21	8		
392	1.9600	23	11		
393	1.9650	26	14		
394	1.9700	28	16		
395	1.9750	30	19		
396	1.9800	32	22		
397	1.9850	34	24		
398	1.9900	36	27		
399	1.9950	38	30		
400	2.0000	40	32		
401	2.0050	42	35		
402	2.0100	44	38		
403	2.0150	46	40		
404	2.0200	48	43		
405	2.0250	50	46		
406	2.0300	52	48		
407	2.0350	54	51		
408	2.0400	56	53		
409	2.0450	58	56		
410	2.0500	60	58		
411	2.0550	61	61		
412	2.0600	63	64		
413	2.0650	65	66		
414	2.0700	66	68		
415	2.0750	68	71		
416	2.0800	70	73		
417	2.0850	72	76		
418	2.0900	73	78		
419	2.0950	75	80		
420	2.1000	76	82		
421	2.1050	78	85		
422	2.1100	80	87		
423	2.1150	81	89		
424	2.1200	82	91		
425	2.1250	84	93		
426	2.1300	85	95		
427	2.1350	86	97		
428	2.1400	88	99		
429	2.1450	89	101		
430	2.1500	90	103		
431	2.1550	92	104		
432	2.1600	93	106		
433	2.1650	94	108		
434	2.1700	95	109		
435	2.1750	96	111		
436	2.1800	97	112		
437	2.1850	98	113		
438	2.1900	100	115		
439	2.1950	100	116		
440	2.2000	101	117		
441	2.2050	102	118		
442	2.2100	103	119		
443	2.2150	104	120		
444	2.2200	105	121		
445	2.2250	106	122		
446	2.2300	106	123		
447	2.2350	107	124		
448	2.2400	108	124		
449	2.2450	108	125		
450	2.2500	109	125		
451	2.2550	110	126		
452	2.2600	110	126		
453	2.2650	111	126		
454	2.2700	111	127		
455	2.2750	112	127		
456	2.2800	112	127		
457	2.2850	112	127		
458	2.2900	112	127		
459	2.2950	113	127		
460	2.3000	113	127		
461	2.3050	113	126		
462	2.3100	114	126		
463	2.3150	114	126		
464	2.3200	114	125		
465	2.3250	114	125		
466	2.3300	114	124		
467	2.3350	114	124		
468	2.3400	114	123		
469	2.3450	113	122		
470	2.3500	113	121		
471	2.3550	113	120		
472	2.3600	112	119		
473	2.3650	112	118		
474	2.3700	112	117		
475	2.3750	111	116		
476	2.3800	111	115		
477	2.3850	110	114		
478	2.3900	110	113		
479	2.3950	109	111		
480	2.4000	108	110		
481	2.4050	108	109		
482	2.4100	107	107		
483	2.4150	106	106		
484	2.4200	105	104		
485	2.4250	104	102		
486	2.4300	103	101		
487	2.4350	102	99		
488	2.4400	101	98		
489	2.4450	100	96		
490	2.4500	98	94		
491	2.4550	98	92		
492	2.4600	96	90		
493	2.4650	95	88		
494	2.4700	94	87		
495	2.4750	92	85		
496	2.4800	90	83		
497	2.4850	89	81		
498	2.4900	88	79		
499	2.4950	86	77		
500	2.5000	84	75		
501	2.5050	82	72		
502	2.5100	80	70		
503	2.5150	79	68		
504	2.5200	77	66		
505	2.5250	75	64		
506	2.5300	73	62		
507	2.5350	71	60		
508	2.5400	69	57		
509	2.5450	67	55		
510	2.5500	65	53		
511	2.5550	63	51		
512	2.5600	60	48		
513	2.5650	58	46		
514	2.5700	56	44		
515	2.5750	54	42		
516	2.5800	52	40		
517	2.5850	49	37		
518	2.5900	47	35		
519	2.5950	44	33		
520	2.6000	42	31		
521	2.6050	39	28		
522	2.6100	37	26		
523	2.6150	34	24		
524	2.6200	32	22		
525	2.6250	29	20		
526	2.6300	26	17		
527	2.6350	24	15		
528	2.6400	22	13		
529	2.6450	19	11		
530	2.6500	16	9		
531	2.6550	14	7		
532	2.6600	11	4		
533	2.6650	8	2		
534	2.6700	6	0		
535	2.6750	3	-2		
536	2.6800	0	-4		
537	2.6850	-3	-6		
538	2.6900	-6	-8		
539	2.6950	-8	-10		
540	2.7000	-11	-12		
541	2.7050	-14	-14		
542	2.7100	-16	-16		
543	2.7150	-19	-18		
544	2.7200	-22	-20		
545	2.7250	-24	-22		
546	2.7300	-27	-24		
547	2.7350	-29	-26		
548	2.7400	-32	-28		
549	2.7450	-34	-29		
550	2.7500	-37	-31		
551	2.7550	-40	-33		
552	2.7600	-42	-35		
553	2.7650	-44	-36		
554	2.7700	-47	-38		
555	2.7750	-49	-40		
556	2.7800	-52	-42		
557	2.7850	-54	-43		
558	2.7900	-56	-45		
559	2.7950	-58	-46		
560	2.8000	-61	-48		
561	2.8050	-63	-50		
562	2.8100	-65	-51		
563	2.8150	-67	-53		
564	2.8200	-69	-54		
565	2.8250	-71	-56		
566	2.8300	-73	-57		
567	2.8350	-75	-58		
568	2.8400	-77	-60		
569	2.8450	-78	-61		
570	2.8500	-80	-62		
571	2.8550	-82	-64		
572	2.8600	-84	-65		
573	2.8650	-85	-66		
574	2.8700	-86	-67		
575	2.8750	-88	-69		
576	2.8800	-89	-70		
577	2.8850	-90	-71		
578	2.8900	-92	-72		
579	2.8950	-93	-73		
580	2.9000	-94	-74		
581	2.9050	-95	-75		
582	2.9100	-96	-76		
583	2.9150	-97	-77		
584	2.9200	-98	-78		
585	2.9250	-99	-79		
586	2.9300	-100	-80		
587	2.9350	-100	-80		
588	2.9400	-101	-81		
589	2.9450	-101	-82		
590	2.9500	-102	-83		
591	2.9550	-102	-83		
592	2.9600	-102	-84		
593	2.9650	-102	-84		
594	2.9700	-103	-85		
595	2.9750	-103	-86		
596	2.9800	-103	-86		
597	2.9850	-103	-86		
598	2.9900	-103	-87		
599	2.9950	-102	-87		
600	3.0000	-102	-88		
601	3.0050	-102	-88		
602	3.0100	-102	-88		
603	3.0150	-101	-88		
604	3.0200	-101	-88		
605	3.0250	-100	-89		
606	3.0300	-100	-89		
607	3.0350	-99	-89		
608	3.0400	-98	-89		
609	3.0450	-97	-89		
610	3.0500	-96	-88		
611	3.0550	-96	-88		
612	3.0600	-94	-88		
613	3.0650	-94	-88		
614	3.0700	-92	-88		
615	3.0750	-92	-87		
616	3.0800	-90	-87		
617	3.0850	-89	-86		
618	3.0900	-88	-86		
619	3.0950	-86	-85		
620	3.1000	-85	-85		
621	3.1050	-84	-84		
622	3.1100	-82	-83		
623	3.1150	-80	-82		
624	3.1200	-79	-82		
625	3.1250	-77	-81		
626	3.1300	-76	-80		
627	3.1350	-74	-79		
628	3.1400	-72	-78		
629	3.1450	-70	-77		
630	3.1500	-69	-76		
631	3.1550	-67	-75		
632	3.1600	-65	-73		
633	3.1650	-63	-72		
634	3.1700	-62	-71		
635	3.1750	-60	-70		
636	3.1800	-58	-68		
637	3.1850	-56	-67		
638	3.1900	-54	-65		
639	3.1950	-52	-64		
640	3.2000	-50	-62		
641	3.2050	-48	-60		
642	3.2100	-45	-58		
643	3.2150	-43	-57		
644	3.2200	-41	-55		
645	3.2250	-39	-53		
646	3.2300	-37	-51		
647	3.2350	-35	-49		
648	3.2400	-32	-47		
649	3.2450	-30	-45		
650	3.2500	-28	-43		
651	3.2550	-26	-41		
652	3.2600	-24	-39		
653	3.2650	-22	-37		
654	3.2700	-20	-34		
655	3.2750	-18	-32		
656	3.2800	-15	-30		
657	3.2850	-13	-28		
658	3.2900	-11	-25		
659	3.2950	-8	-23		
660	3.3000	-6	-20		
661	3.3050	-4	-18		
662	3.3100	-2	-15		
663	3.3150	0	-13		
664	3.3200	2	-10		
665	3.3250	4	-8		
666	3.3300	7	-5		
667	3.3350	9	-3		
668	3.3400	11	0		
669	3.3450	13	3		
670	3.3500	15	5		
671	3.3550	17	8		
672	3.3600	20	10		
673	3.3650	22	13		
674	3.3700	24	16		
675	3.3750	26	18		
676	3.3800	28	21		
677	3.3850	30	24		
678	3.3900	32	27		
679	3.3950	34	29		
680	3.4000	36	32		
681	3.4050	38	35		
682	3.4100	40	37		
683	3.4150	42	40		
684	3.4200	44	43		
685	3.4250	46	45		
686	3.4300	48	48		
687	3.4350	50	50		
688	3.4400	51	53		
689	3.4450	53	56		
690	3.4500	55	58		
691	3.4550	57	61		
692	3.4600	58	63		
693	3.4650	60	66		
694	3.4700	62	68		
695	3.4750	64	70		
696	3.4800	66	73		
697	3.4850	67	75		
698	3.4900	69	77		
699	3.4950	70	80		
700	3.5000	72	82		
701	3.5050	74	84		
702	3.5100	75	86		
703	3.5150	77	88		
704	3.5200	78	90		
705	3.5250	80	92		
706	3.5300	81	94		
707	3.5350	83	96		
708	3.5400	84	98		
709	3.5450	86	100		
710	3.5500	87	101		
711	3.5550	88	103		
712	3.5600	90	104		
713	3.5650	91	106		
714	3.5700	92	107		
715	3.5750	93	109		
716	3.5800	94	110		
717	3.5850	96	112		
718	3.5900	97	113		
719	3.5950	98	114		
720	3.6000	99	115		
721	3.6050	100	116		
722	3.6100	101	117		
723	3.6150	102	118		
724	3.6200	103	119		
725	3.6250	104	120		
726	3.6300	105	120		
727	3.6350	106	121		
728	3.6400	106	122		
729	3.6450	108	122		
730	3.6500	108	123		
731	3.6550	109	123		
732	3.6600	110	123		
733	3.6650	110	124		
734	3.6700	111	124		
735	3.6750	111	124		
736	3.6800	112	124		
737	3.6850	112	124		
738	3.6900	112	124		
739	3.6950	113	124		
740	3.7000	113	124		
741	3.7050	114	123		
742	3.7100	114	123		
743	3.7150	114	123		
744	3.7200	114	122		
745	3.7250	114	122		
746	3.7300	114	121		
747	3.7350	114	120		
748	3.7400	114	120		
749	3.7450	114	119		
750	3.7500	114	118		
751	3.7550	114	117		
752	3.7600	114	116		
753	3.7650	114	116		
754	3.7700	113	115		
755	3.7750	113	114		
756	3.7800	112	112		
757	3.7850	112	111		
758	3.7900	111	110		
759	3.7950	111	109		
760	3.8000	110	108		
761	3.8050	109	106		
762	3.8100	108	105		
763	3.8150	108	103		
764	3.8200	107	102		
765	3.8250	106	100		
766	3.8300	105	99		
767	3.8350	104	97		
768	3.8400	103	96		
769	3.8450	102	94		
770	3.8500	100	92		
771	3.8550	99	91		
772	3.8600	98	89		
773	3.8650	96	87		
774	3.8700	95	86		
775	3.8750	94	84		
776	3.8800	92	82		
777	3.8850	91	80		
778	3.8900	89	78		
779	3.8950	88	76		
780	3.9000	86	74		
781	3.9050	84	72		
782	3.9100	82	70		
783	3.9150	80	68		
784	3.9200	78	66		
785	3.9250	76	64		
786	3.9300	74	62		
787	3.9350	72	60		
788	3.9400	70	58		
789	3.9450	68	56		
790	3.9500	66	54		
791	3.9550	64	52		
792	3.9600	62	50		
793	3.9650	60	48		
794	3.9700	57	46		
795	3.9750	55	44		
796	3.9800	52	42		
797	3.9850	50	40		
798	3.9900	48	38		
799	3.9950	45	35		
800	4.0000	43	33		
801	4.0050	40	31		
802	4.0100	38	29		
803	4.0150	35	27		
804	4.0200	32	25		
805	4.0250	30	23		
806	4.0300	27	21		
807	4.0350	24	19		
808	4.0400	22	16		
809	4.0450	19	14		
810	4.0500	16	12		
811	4.0550	14	10		
812	4.0600	11	8		
813	4.0650	8	6		
814	4.0700	6	4		
815	4.0750	3	2		
816	4.0800	0	0		
817	4.0850	-2	-2		
818	4.0900	-5	-4		
819	4.0950	-8	-6		
820	4.1000	-10	-8		
821	4.1050	-13	-10		
822	4.1100	-16	-12		
823	4.1150	-18	-14		
824	4.1200	-21	-16		
825	4.1250	-24	-17		
826	4.1300	-26	-19		
827	4.1350	-29	-21		
828	4.1400	-32	-23		
829	4.1450	-34	-25		
830	4.1500	-36	-27		
831	4.1550	-39	-28		
832	4.1600	-42	-30		
833	4.1650	-44	-32		
834	4.1700	-46	-34		
835	4.1750	-48	-36		
836	4.1800	-51	-37		
837	4.1850	-53	-39		
838	4.1900	-56	-41		
839	4.1950	-58	-42		
840	4.2000	-60	-44		
841	4.2050	-62	-46		
842	4.2100	-64	-47		
843	4.2150	-66	-49		
844	4.2200	-68	-50		
845	4.2250	-70	-52		
846	4.2300	-72	-53		
847	4.2350	-74	-55		
848	4.2400	-76	-56		
849	4.2450	-77	-58		
850	4.2500	-79	-59		
851	4.2550	-80	-61		
852	4.2600	-82	-62		
853	4.2650	-83	-63		
854	4.2700	-85	-65		
855	4.2750	-86	-66		
856	4.2800	-87	-67		
857	4.2850	-88	-68		
858	4.2900	-90	-70		
859	4.2950	-91	-71		
860	4.3000	-92	-72		
861	4.3050	-93	-73		
862	4.3100	-94	-74		
863	4.3150	-95	-75		
864	4.3200	-96	-76		
865	4.3250	-96	-77		
866	4.3300	-97	-78		
867	4.3350	-98	-79		
868	4.3400	-98	-80		
869	4.3450	-98	-81		
870	4.3500	-99	-82		
871	4.3550	-99	-83		
872	4.3600	-100	-83		
873	4.3650	-100	-84		
874	4.3700	-100	-85		
875	4.3750	-100	-86		
876	4.3800	-100	-86		
877	4.3850	-100	-87		
878	4.3900	-100	-87		
879	4.3950	-100	-88		
880	4.4000	-99	-88		
881	4.4050	-99	-88		
882	4.4100	-98	-89		
883	4.4150	-98	-89		
884	4.4200	-98	-89		
885	4.4250	-97	-89		
886	4.4300	-96	-90		
887	4.4350	-96	-90		
888	4.4400	-95	-90		
889	4.4450	-94	-90		
890	4.4500	-94	-90		
891	4.4550	-93	-90		
892	4.4600	-92	-89		
893	4.4650	-91	-89		
894	4.4700	-90	-89		
895	4.4750	-89	-89		
896	4.4800	-88	-88		
897	4.4850	-86	-88		
898	4.4900	-85	-88		
899	4.4950	-84	-87		
900	4.5000	-83	-86		
901	4.5050	-82	-86		
902	4.5100	-80	-85		
903	4.5150	-78	-84		
904	4.5200	-77	-84		
905	4.5250	-76	-83		
906	4.5300	-74	-82		
907	4.5350	-72	-81		
908	4.5400	-71	-80		
909	4.5450	-70	-79		
910	4.5500	-68	-78		
911	4.5550	-66	-76		
912	4.5600	-64	-75		
913	4.5650	-63	-74		
914	4.5700	-61	-73		
915	4.5750	-59	-71		
916	4.5800	-57	-70		
917	4.5850	-56	-68		
918	4.5900	-54	-67		
919	4.5950	-52	-65		
920	4.6000	-50	-64		
921	4.6050	-48	-62		
922	4.6100	-46	-60		
923	4.6150	-44	-58		
924	4.6200	-42	-56		
925	4.6250	-40	-54		
926	4.6300	-38	-52		
927	4.6350	-36	-50		
928	4.6400	-34	-48		
929	4.6450	-32	-46		
930	4.6500	-30	-44		
931	4.6550	-28	-42		
932	4.6600	-26	-40		
933	4.6650	-24	-38		
934	4.6700	-22	-35		
935	4.6750	-20	-33		
936	4.6800	-18	-31		
937	4.6850	-16	-28		
938	4.6900	-14	-26		
939	4.6950	-12	-24		
940	4.7000	-10	-21		
941	4.7050	-7	-18		
942	4.7100	-5	-16		
943	4.7150	-3	-13		
944	4.7200	-1	-11		
945	4.7250	1	-8		
946	4.7300	3	-6		
947	4.7350	5	-3		
948	4.7400	7	0		
949	4.7450	9	2		
950	4.7500	11	5		
951	4.7550	13	8		
952	4.7600	15	10		
953	4.7650	17	13		
954	4.7700	19	16		
955	4.7750	21	18		
956	4.7800	23	21		
957	4.7850	25	24		
958	4.7900	27	26		
959	4.7950	29	29		
960	4.8000	31	32		
961	4.8050	33	34		
962	4.8100	35	37		
963	4.8150	37	40		
964	4.8200	39	42		
965	4.8250	41	45		
966	4.8300	43	48		
967	4.8350	45	50		
968	4.8400	47	53		
969	4.8450	48	55		
970	4.8500	50	58		
971	4.8550	52	60		
972	4.8600	54	62		
973	4.8650	56	65		
974	4.8700	58	67		
975	4.8750	60	70		
976	4.8800	61	72		
977	4.8850	63	74		
978	4.8900	65	76		
979	4.8950	66	78		
980	4.9000	68	80		
981	4.9050	70	83		
982	4.9100	72	85		
983	4.9150	73	87		
984	4.9200	75	89		
985	4.9250	76	91		
986	4.9300	78	92		
987	4.9350	80	94		
988	4.9400	81	96		
989	4.9450	82	98		
990	4.9500	84	99		
991	4.9550	86	101		
992	4.9600	87	102		
993	4.9650	88	104		
994	4.9700	90	105		
995	4.9750	91	107		
996	4.9800	92	108		
997	4.9850	94	109		
998	4.9900	95	110		
999	4.9950	96	111		
1000	5.0000	97	112		
1001	5.0050	98	114		
1002	5.0100	100	114		
1003	5.0150	101	115		
1004	5.0200	102	116		
1005	5.0250	103	117		
1006	5.0300	104	118		
1007	5.0350	105	118		
1008	5.0400	106	119		
1009	5.0450	107	119		
1010	5.0500	108	120		
1011	5.0550	108	120		
1012	5.0600	109	120		
1013	5.0650	110	120		
1014	5.0700	110	121		
1015	5.0750	111	121		
1016	5.0800	112	121		
1017	5.0850	112	121		
1018	5.0900	113	121		
1019	5.0950	113	120		
1020	5.1000	114	120		
1021	5.1050	114	120		
1022	5.1100	114	120		
1023	5.1150	115	119		
1024	5.1200	115	119		
1025	5.1250	115	118		
1026	5.1300	115	118		
1027	5.1350	116	117		
1028	5.1400	116	117		
1029	5.1450	116	116		
1030	5.1500	116	115		
1031	5.1550	115	114		
1032	5.1600	115	114		
1033	5.1650	115	113		
1034	5.1700	114	112		
1035	5.1750	114	111		
1036	5.1800	114	110		
1037	5.1850	113	109		
1038	5.1900	113	108		
1039	5.1950	112	106		
1040	5.2000	112	105		
1041	5.2050	111	104		
1042	5.2100	110	102		
1043	5.2150	109	101		
1044	5.2200	108	100		
1045	5.2250	108	98		
1046	5.2300	106	97		
1047	5.2350	106	96		
1048	5.2400	104	94		
1049	5.2450	103	93		
1050	5.2500	102	91		
1051	5.2550	101	90		
1052	5.2600	100	88		
1053	5.2650	98	86		
1054	5.2700	97	85		
1055	5.2750	95	83		
1056	5.2800	94	81		
1057	5.2850	92	80		
1058	5.2900	90	78		
1059	5.2950	89	76		
1060	5.3000	87	74		
1061	5.3050	85	72		
1062	5.3100	83	70		
1063	5.3150	82	69		
1064	5.3200	80	67		
1065	5.3250	78	65		
1066	5.3300	76	63		
1067	5.3350	74	61		
1068	5.3400	71	59		
1069	5.3450	69	58		
1070	5.3500	67	56		
1071	5.3550	64	54		
1072	5.3600	62	52		
1073	5.3650	60	50		
1074	5.3700	58	48		
1075	5.3750	55	46		
1076	5.3800	53	44		
1077	5.3850	50	42		
1078	5.3900	48	40		
1079	5.3950	46	38		
1080	5.4000	43	36		
1081	5.4050	40	34		
1082	5.4100	38	32		
1083	5.4150	35	30		
1084	5.4200	32	28		
1085	5.4250	30	26		
1086	5.4300	27	24		
1087	5.4350	24	22		
1088	5.4400	22	20		
1089	5.4450	19	18		
1090	5.4500	16	16		
1091	5.4550	14	14		
1092	5.4600	11	12		
1093	5.4650	8	10		
1094	5.4700	6	8		
1095	5.4750	3	6		
1096	5.4800	0	4		
1097	5.4850	-2	2		
1098	5.4900	-5	0		
1099	5.4950	-8	-2		
1100	5.5000	-10	-3		
1101	5.5050	-13	-6		
1102	5.5100	-16	-7		
1103	5.5150	-18	-9		
1104	5.5200	-21	-11		
1105	5.5250	-24	-13		
1106	5.5300	-26	-15		
1107	5.5350	-29	-17		
1108	5.5400	-31	-19		
1109	5.5450	-34	-21		
1110	5.5500	-36	-22		
1111	5.5550	-38	-24		
1112	5.5600	-41	-26		
1113	5.5650	-44	-28		
1114	5.5700	-46	-30		
1115	5.5750	-48	-31		
1116	5.5800	-50	-33		
1117	5.5850	-52	-35		
1118	5.5900	-54	-37		
1119	5.5950	-57	-38		
1120	5.6000	-59	-40		
1121	5.6050	-61	-42		
1122	5.6100	-63	-44		
1123	5.6150	-65	-45		
1124	5.6200	-67	-47		
1125	5.6250	-68	-49		
1126	5.6300	-70	-50		
1127	5.6350	-72	-52		
1128	5.6400	-74	-54		
1129	5.6450	-75	-55		
1130	5.6500	-77	-56		
1131	5.6550	-78	-58		
1132	5.6600	-80	-60		
1133	5.6650	-81	-61		
1134	5.6700	-82	-62		
1135	5.6750	-84	-64		
1136	5.6800	-85	-65		
1137	5.6850	-86	-66		
1138	5.6900	-87	-68		
1139	5.6950	-88	-69		
1140	5.7000	-89	-70		
1141	5.7050	-90	-72		
1142	5.7100	-91	-73		
1143	5.7150	-92	-74		
1144	5.7200	-93	-75		
1145	5.7250	-93	-76		
1146	5.7300	-94	-78		
1147	5.7350	-94	-79		
1148	5.7400	-95	-80		
1149	5.7450	-95	-81		
1150	5.7500	-96	-82		
1151	5.7550	-96	-82		
1152	5.7600	-96	-83		
1153	5.7650	-96	-84		
1154	5.7700	-96	-85		
1155	5.7750	-96	-86		
1156	5.7800	-96	-86		
1157	5.7850	-96	-87		
1158	5.7900	-96	-88		
1159	5.7950	-96	-88		
1160	5.8000	-96	-89		
1161	5.8050	-96	-89		
1162	5.8100	-95	-89		
1163	5.8150	-95	-90		
1164	5.8200	-94	-90		
1165	5.8250	-94	-90		
1166	5.8300	-94	-91		
1167	5.8350	-93	-91		
1168	5.8400	-92	-91		
1169	5.8450	-92	-91		
1170	5.8500	-90	-91		
1171	5.8550	-90	-91		
1172	5.8600	-89	-91		
1173	5.8650	-88	-91		
1174	5.8700	-87	-90		
1175	5.8750	-86	-90		
1176	5.8800	-85	-90		
1177	5.8850	-84	-89		
1178	5.8900	-83	-89		
1179	5.8950	-82	-88		
1180	5.9000	-80	-88		
1181	5.9050	-79	-87		
1182	5.9100	-78	-86		
1183	5.9150	-77	-86		
1184	5.9200	-75	-85		
1185	5.9250	-74	-84		
1186	5.9300	-72	-83		
1187	5.9350	-71	-82		
1188	5.9400	-70	-81		
1189	5.9450	-68	-80		
1190	5.9500	-67	-79		
1191	5.9550	-65	-78		
1192	5.9600	-64	-76		
1193	5.9650	-62	-75		
1194	5.9700	-60	-74		
1195	5.9750	-59	-72		
1196	5.9800	-57	-71		
1197	5.9850	-56	-69		
1198	5.9900	-54	-68		
1199	5.9950	-52	-66		
1200	6.0000	-50	-64		
1201	6.0050	-48	-62		
1202	6.0100	-46	-61		
1203	6.0150	-45	-59		
1204	6.0200	-43	-57		
1205	6.0250	-41	-55		
1206	6.0300	-39	-53		
1207	6.0350	-38	-51		
1208	6.0400	-36	-49		
1209	6.0450	-34	-47		
1210	6.0500	-32	-45		
1211	6.0550	-30	-42		
1212	6.0600	-28	-40		
1213	6.0650	-26	-38		
1214	6.0700	-24	-36		
1215	6.0750	-22	-33		
1216	6.0800	-20	-31		
1217	6.0850	-18	-28		
1218	6.0900	-16	-26		
1219	6.0950	-14	-24		
1220	6.1000	-12	-21		
1221	6.1050	-10	-18		
1222	6.1100	-8	-16		
1223	6.1150	-6	-13		
1224	6.1200	-4	-11		
1225	6.1250	-2	-8		
1226	6.1300	0	-6		
1227	6.1350	2	-3		
1228	6.1400	4	0		
1229	6.1450	6	2		
1230	6.1500	8	5		
1231	6.1550	10	8		
1232	6.1600	12	10		
1233	6.1650	14	13		
1234	6.1700	15	16		
1235	6.1750	17	18		
1236	6.1800	19	21		
1237	6.1850	21	24		
1238	6.1900	23	26		
1239	6.1950	25	29		
1240	6.2000	27	32		
1241	6.2050	29	34		
1242	6.2100	31	37		
1243	6.2150	33	40		
1244	6.2200	35	42		
1245	6.2250	37	45		
1246	6.2300	39	47		
1247	6.2350	41	50		
1248	6.2400	43	52		
1249	6.2450	44	55		
1250	6.2500	46	57		
1251	6.2550	48	59		
1252	6.2600	50	62		
1253	6.2650	52	64		
1254	6.2700	54	66		
1255	6.2750	56	69		
1256	6.2800	58	71		
1257	6.2850	60	73		
1258	6.2900	61	75		
1259	6.2950	63	77		
1260	6.3000	65	79		
1261	6.3050	67	82		
1262	6.3100	68	84		
1263	6.3150	70	85		
1264	6.3200	72	87		
1265	6.3250	74	89		
1266	6.3300	75	91		
1267	6.3350	77	92		
1268	6.3400	78	94		
1269	6.3450	80	96		
1270	6.3500	82	97		
1271	6.3550	83	99		
1272	6.3600	85	100		
1273	6.3650	86	102		
1274	6.3700	88	103		
1275	6.3750	89	104		
1276	6.3800	90	105		
1277	6.3850	92	107		
1278	6.3900	94	108		
1279	6.3950	95	109		
1280	6.4000	96	110		
1281	6.4050	98	111		
1282	6.4100	99	112		
1283	6.4150	100	112		
1284	6.4200	101	113		
1285	6.4250	102	114		
1286	6.4300	104	114		
1287	6.4350	104	115		
1288	6.4400	106	116		
1289	6.4450	106	116		
1290	6.4500	108	116		
1291	6.4550	108	117		
1292	6.4600	109	117		
1293	6.4650	110	117		
1294	6.4700	111	117		
1295	6.4750	112	117		
1296	6.4800	112	117		
1297	6.4850	113	117		
1298	6.4900	113	117		
1299	6.4950	114	117		
1300	6.5000	114	117		
1301	6.5050	115	117		
1302	6.5100	115	116		
1303	6.5150	116	116		
1304	6.5200	116	116		
1305	6.5250	116	115		
1306	6.5300	116	115		
1307	6.5350	116	114		
1308	6.5400	116	114		
1309	6.5450	116	113		
1310	6.5500	116	112		
1311	6.5550	116	112		
1312	6.5600	116	111		
1313	6.5650	116	110		
1314	6.5700	116	109		
1315	6.5750	116	108		
1316	6.5800	115	107		
1317	6.5850	114	106		
1318	6.5900	114	105		
1319	6.5950	114	104		
1320	6.6000	113	103		
1321	6.6050	112	102		
1322	6.6100	111	101		
1323	6.6150	110	100		
1324	6.6200	110	98		
1325	6.6250	108	97		
1326	6.6300	108	96		
1327	6.6350	106	95		
1328	6.6400	106	93		
1329	6.6450	104	92		
1330	6.6500	103	90		
1331	6.6550	102	89		
1332	6.6600	100	88		
1333	6.6650	99	86		
1334	6.6700	98	85		
1335	6.6750	96	83		
1336	6.6800	94	81		
1337	6.6850	93	80		
1338	6.6900	91	78		
1339	6.6950	90	77		
1340	6.7000	88	75		
1341	6.7050	86	73		
1342	6.7100	84	72		
1343	6.7150	82	70		
1344	6.7200	80	68		
1345	6.7250	78	66		
1346	6.7300	76	65		
1347	6.7350	74	63		
1348	6.7400	72	61		
1349	6.7450	70	60		
1350	6.7500	67	58		
1351	6.7550	65	56		
1352	6.7600	63	54		
1353	6.7650	60	52		
1354	6.7700	58	50		
1355	6.7750	56	49		
1356	6.7800	53	47		
1357	6.7850	51	45		
1358	6.7900	48	43		
1359	6.7950	46	41		
1360	6.8000	43	39		
1361	6.8050	40	37		
1362	6.8100	38	35		
1363	6.8150	35	33		
1364	6.8200	32	32		
1365	6.8250	30	30		
1366	6.8300	27	28		
1367	6.8350	25	26		
1368	6.8400	22	24		
1369	6.8450	19	22		
1370	6.8500	16	20		
1371	6.8550	14	18		
1372	6.8600	11	16		
1373	6.8650	8	14		
1374	6.8700	6	12		
1375	6.8750	3	10		
1376	6.8800	0	8		
1377	6.8850	-2	7		
1378	6.8900	-5	5		
1379	6.8950	-7	3		
1380	6.9000	-10	1		
1381	6.9050	-13	-1		
1382	6.9100	-15	-3		
1383	6.9150	-18	-5		
1384	6.9200	-20	-7		
1385	6.9250	-23	-9		
1386	6.9300	-26	-11		
1387	6.9350	-28	-13		
1388	6.9400	-30	-15		
1389	6.9450	-33	-17		
1390	6.9500	-35	-19		
1391	6.9550	-38	-20		
1392	6.9600	-40	-22		
1393	6.9650	-42	-24		
1394	6.9700	-44	-26		
1395	6.9750	-46	-28		
1396	6.9800	-49	-30		
1397	6.9850	-51	-32		
1398	6.9900	-53	-33		
1399	6.9950	-55	-35		
1400	7.0000	-57	-37		
1401	7.0050	-59	-39		
1402	7.0100	-61	-41		
1403	7.0150	-63	-43		
1404	7.0200	-64	-44		
1405	7.0250	-66	-46		
1406	7.0300	-68	-48		
1407	7.0350	-70	-50		
1408	7.0400	-71	-51		
1409	7.0450	-73	-53		
1410	7.0500	-74	-54		
1411	7.0550	-76	-56		
1412	7.0600	-77	-58		
1413	7.0650	-78	-59		
1414	7.0700	-80	-61		
1415	7.0750	-81	-62		
1416	7.0800	-82	-64		
1417	7.0850	-83	-65		
1418	7.0900	-84	-67		
1419	7.0950	-85	-68		
1420	7.1000	-86	-69		
1421	7.1050	-87	-71		
1422	7.1100	-88	-72		
1423	7.1150	-88	-74		
1424	7.1200	-89	-75		
1425	7.1250	-90	-76		
1426	7.1300	-90	-77		
1427	7.1350	-91	-78		
1428	7.1400	-92	-79		
1429	7.1450	-92	-80		
1430	7.1500	-92	-81		
1431	7.1550	-92	-82		
1432	7.1600	-93	-83		
1433	7.1650	-93	-84		
1434	7.1700	-93	-85		
1435	7.1750	-93	-86		
1436	7.1800	-93	-87		
1437	7.1850	-93	-87		
1438	7.1900	-93	-88		
1439	7.1950	-93	-89		
1440	7.2000	-93	-89		
1441	7.2050	-92	-90		
1442	7.2100	-92	-90		
1443	7.2150	-92	-91		
1444	7.2200	-92	-91		
1445	7.2250	-91	-91		
1446	7.2300	-90	-92		
1447	7.2350	-90	-92		
1448	7.2400	-90	-92		
1449	7.2450	-89	-92		
1450	7.2500	-88	-92		
1451	7.2550	-87	-92		
1452	7.2600	-86	-92		
1453	7.2650	-86	-92		
1454	7.2700	-85	-91		
1455	7.2750	-84	-91		
1456	7.2800	-83	-91		
1457	7.2850	-82	-90		
1458	7.2900	-81	-90		
1459	7.2950	-80	-89		
1460	7.3000	-79	-89		
1461	7.3050	-78	-88		
1462	7.3100	-77	-88		
1463	7.3150	-76	-87		
1464	7.3200	-74	-86		
1465	7.3250	-73	-85		
1466	7.3300	-72	-84		
1467	7.3350	-70	-83		
1468	7.3400	-69	-82		
1469	7.3450	-68	-81		
1470	7.3500	-66	-80		
1471	7.3550	-65	-78		
1472	7.3600	-64	-77		
1473	7.3650	-62	-76		
1474	7.3700	-61	-74		
1475	7.3750	-59	-73		
1476	7.3800	-58	-71		
1477	7.3850	-56	-70		
1478	7.3900	-54	-68		
1479	7.3950	-53	-66		
1480	7.4000	-52	-65		
1481	7.4050	-50	-63		
1482	7.4100	-48	-61		
1483	7.4150	-46	-59		
1484	7.4200	-44	-57		
1485	7.4250	-43	-55		
1486	7.4300	-41	-53		
1487	7.4350	-40	-51		
1488	7.4400	-38	-49		
1489	7.4450	-36	-47		
1490	7.4500	-34	-45		
1491	7.4550	-32	-43		
1492	7.4600	-31	-40		
1493	7.4650	-29	-38		
1494	7.4700	-27	-36		
1495	7.4750	-25	-33		
1496	7.4800	-24	-31		
1497	7.4850	-22	-28		
1498	7.4900	-20	-26		
1499	7.4950	-18	-24		
1500	7.5000	-16	-21		
1501	7.5050	-14	-18		
1502	7.5100	-12	-16		
1503	7.5150	-10	-13		
1504	7.5200	-8	-11		
1505	7.5250	-6	-8		
1506	7.5300	-4	-6		
1507	7.5350	-2	-3		
1508	7.5400	0	0		
1509	7.5450	2	2		
1510	7.5500	4	5		
1511	7.5550	6	8		
1512	7.5600	8	10		
1513	7.5650	9	13		
1514	7.5700	11	16		
1515	7.5750	13	18		
1516	7.5800	15	21		
1517	7.5850	17	23		
1518	7.5900	19	26		
1519	7.5950	21	29		
1520	7.6000	23	31		
1521	7.6050	25	34		
1522	7.6100	27	36		
1523	7.6150	29	39		
1524	7.6200	31	42		
1525	7.6250	33	44		
1526	7.6300	35	46		
1527	7.6350	37	49		
1528	7.6400	39	51		
1529	7.6450	41	54		
1530	7.6500	43	56		
1531	7.6550	45	58		
1532	7.6600	47	61		
1533	7.6650	49	63		
1534	7.6700	51	65		
1535	7.6750	52	67		
1536	7.6800	54	69		
1537	7.6850	56	71		
1538	7.6900	58	74		
1539	7.6950	60	76		
1540	7.7000	62	78		
1541	7.7050	64	80		
1542	7.7100	66	82		
1543	7.7150	68	83		
1544	7.7200	70	85		
1545	7.7250	71	87		
1546	7.7300	73	88		
1547	7.7350	75	90		
1548	7.7400	76	92		
1549	7.7450	78	93		
1550	7.7500	80	95		
1551	7.7550	82	96		
1552	7.7600	83	98		
1553	7.7650	85	99		
1554	7.7700	86	100		
1555	7.7750	88	101		
1556	7.7800	90	102		
1557	7.7850	91	104		
1558	7.7900	92	105		
1559	7.7950	94	106		
1560	7.8000	96	106		
1561	7.8050	97	108		
1562	7.8100	98	108		
1563	7.8150	100	109		
1564	7.8200	101	110		
1565	7.8250	102	110		
1566	7.8300	103	111		
1567	7.8350	104	112		
1568	7.8400	106	112		
1569	7.8450	106	113		
1570	7.8500	108	113		
1571	7.8550	108	113		
1572	7.8600	109	114		
1573	7.8650	110	114		
1574	7.8700	111	114		
1575	7.8750	112	114		
1576	7.8800	112	114		
1577	7.8850	113	114		
1578	7.8900	114	114		
1579	7.8950	114	114		
1580	7.9000	115	114		
1581	7.9050	116	114		
1582	7.9100	116	113		
1583	7.9150	116	113		
1584	7.9200	117	113		
1585	7.9250	117	112		
1586	7.9300	117	112		
1587	7.9350	117	112		
1588	7.9400	118	111		
1589	7.9450	118	110		
1590	7.9500	118	110		
1591	7.9550	117	109		
1592	7.9600	117	109		
1593	7.9650	117	108		
1594	7.9700	116	107		
1595	7.9750	116	106		
1596	7.9800	116	106		
1597	7.9850	116	105		
1598	7.9900	115	104		
1599	7.9950	114	103		
1600	8.0000	114	102		
1601	8.0050	113	101		
1602	8.0100	112	100		
1603	8.0150	111	99		
1604	8.0200	110	98		
1605	8.0250	110	96		
1606	8.0300	108	95		
1607	8.0350	107	94		
1608	8.0400	106	93		
1609	8.0450	105	92		
1610	8.0500	104	90		
1611	8.0550	102	89		
1612	8.0600	101	88		
1613	8.0650	100	86		
1614	8.0700	98	85		
1615	8.0750	96	84		
1616	8.0800	95	82		
1617	8.0850	93	81		
1618	8.0900	92	79		
1619	8.0950	90	78		
1620	8.1000	88	76		
1621	8.1050	86	75		
1622	8.1100	84	73		
1623	8.1150	82	72		
1624	8.1200	80	70		
1625	8.1250	78	68		
1626	8.1300	76	67		
1627	8.1350	74	65		
1628	8.1400	72	64		
1629	8.1450	70	62		
1630	8.1500	67	60		
1631	8.1550	65	58		
1632	8.1600	62	57		
1633	8.1650	60	55		
1634	8.1700	58	53		
1635	8.1750	56	52		
1636	8.1800	53	50		
1637	8.1850	50	48		
1638	8.1900	48	46		
1639	8.1950	46	44		
1640	8.2000	43	43		
1641	8.2050	40	41		
1642	8.2100	38	39		
1643	8.2150	35	37		
1644	8.2200	32	35		
1645	8.2250	30	33		
1646	8.2300	27	32		
1647	8.2350	25	30		
1648	8.2400	22	28		
1649	8.2450	20	26		
1650	8.2500	17	24		
1651	8.2550	14	22		
1652	8.2600	12	20		
1653	8.2650	9	18		
1654	8.2700	6	16		
1655	8.2750	4	14		
1656	8.2800	1	12		
1657	8.2850	-2	10		
1658	8.2900	-4	8		
1659	8.2950	-7	7		
1660	8.3000	-9	5		
1661	8.3050	-12	2		
1662	8.3100	-14	0		
1663	8.3150	-17	-2		
1664	8.3200	-20	-3		
1665	8.3250	-22	-5		
1666	8.3300	-24	-7		
1667	8.3350	-27	-9		
1668	8.3400	-29	-11		
1669	8.3450	-32	-13		
1670	8.3500	-34	-15		
1671	8.3550	-36	-17		
1672	8.3600	-38	-19		
1673	8.3650	-40	-21		
1674	8.3700	-43	-23		
1675	8.3750	-45	-25		
1676	8.3800	-47	-27		
1677	8.3850	-49	-29		
1678	8.3900	-51	-31		
1679	8.3950	-53	-33		
1680	8.4000	-55	-34		
1681	8.4050	-57	-37		
1682	8.4100	-59	-38		
1683	8.4150	-60	-40		
1684	8.4200	-62	-42		
1685	8.4250	-64	-44		
1686	8.4300	-66	-46		
1687	8.4350	-67	-48		
1688	8.4400	-68	-49		
1689	8.4450	-70	-51		
1690	8.4500	-72	-53		
1691	8.4550	-73	-54		
1692	8.4600	-74	-56		
1693	8.4650	-76	-58		
1694	8.4700	-76	-60		
1695	8.4750	-78	-61		
1696	8.4800	-79	-63		
1697	8.4850	-80	-64		
1698	8.4900	-81	-66		
1699	8.4950	-82	-67		
1700	8.5000	-83	-69		
1701	8.5050	-84	-70		
1702	8.5100	-84	-72		
1703	8.5150	-85	-73		
1704	8.5200	-86	-74		
1705	8.5250	-86	-76		
1706	8.5300	-87	-77		
1707	8.5350	-88	-78		
1708	8.5400	-88	-79		
1709	8.5450	-88	-80		
1710	8.5500	-89	-82		
1711	8.5550	-89	-83		
1712	8.5600	-90	-84		
1713	8.5650	-90	-85		
1714	8.5700	-90	-86		
1715	8.5750	-90	-86		
1716	8.5800	-90	-87		
1717	8.5850	-90	-88		
1718	8.5900	-90	-89		
1719	8.5950	-90	-89		
1720	8.6000	-90	-90		
1721	8.6050	-90	-90		
1722	8.6100	-89	-91		
1723	8.6150	-89	-91		
1724	8.6200	-88	-92		
1725	8.6250	-88	-92		
1726	8.6300	-88	-92		
1727	8.6350	-88	-92		
1728	8.6400	-87	-93		
1729	8.6450	-86	-93		
1730	8.6500	-86	-93		
1731	8.6550	-85	-93		
1732	8.6600	-84	-93		
1733	8.6650	-84	-92		
1734	8.6700	-83	-92		
1735	8.6750	-82	-92		
1736	8.6800	-82	-92		
1737	8.6850	-80	-91		
1738	8.6900	-80	-91		
1739	8.6950	-79	-90		
1740	8.7000	-78	-90		
1741	8.7050	-77	-89		
1742	8.7100	-76	-88		
1743	8.7150	-75	-87		
1744	8.7200	-74	-86		
1745	8.7250	-73	-86		
1746	8.7300	-72	-85		
1747	8.7350	-70	-84		
1748	8.7400	-69	-82		
1749	8.7450	-68	-81		
1750	8.7500	-67	-80		
1751	8.7550	-66	-79		
1752	8.7600	-64	-78		
1753	8.7650	-63	-76		
1754	8.7700	-62	-75		
1755	8.7750	-60	-73		
1756	8.7800	-59	-72		
1757	8.7850	-57	-70		
1758	8.7900	-56	-68		
1759	8.7950	-54	-67		
1760	8.8000	-53	-65		
1761	8.8050	-52	-63		
1762	8.8100	-50	-61		
1763	8.8150	-48	-59		
1764	8.8200	-47	-57		
1765	8.8250	-45	-55		
1766	8.8300	-44	-53		
1767	8.8350	-42	-51		
1768	8.8400	-40	-49		
1769	8.8450	-39	-47		
1770	8.8500	-37	-45		
1771	8.8550	-35	-42		
1772	8.8600	-34	-40		
1773	8.8650	-32	-38		
1774	8.8700	-30	-36		
1775	8.8750	-28	-33		
1776	8.8800	-27	-31		
1777	8.8850	-25	-28		
1778	8.8900	-23	-26		
1779	8.8950	-21	-23		
1780	8.9000	-20	-21		
1781	8.9050	-18	-18		
1782	8.9100	-16	-16		
1783	8.9150	-14	-13		
1784	8.9200	-12	-11		
1785	8.9250	-10	-8		
1786	8.9300	-8	-6		
1787	8.9350	-6	-3		
1788	8.9400	-4	0		
1789	8.9450	-2	2		
1790	8.9500	0	5		
1791	8.9550	2	7		
1792	8.9600	4	10		
1793	8.9650	6	13		
1794	8.9700	8	15		
1795	8.9750	9	18		
1796	8.9800	11	20		
1797	8.9850	13	23		
1798	8.9900	15	25		
1799	8.9950	17	28		
1800	9.0000	19	30		
1801	9.0050	22	33		
1802	9.0100	24	36		
1803	9.0150	26	38		
1804	9.0200	28	40		
1805	9.0250	30	43		
1806	9.0300	32	45		
1807	9.0350	34	48		
1808	9.0400	36	50		
1809	9.0450	38	52		
1810	9.0500	40	54		
1811	9.0550	42	57		
1812	9.0600	44	59		
1813	9.0650	46	61		
1814	9.0700	48	63		
1815	9.0750	50	65		
1816	9.0800	52	67		
1817	9.0850	54	69		
1818	9.0900	56	71		
1819	9.0950	58	73		
1820	9.1000	60	75		
1821	9.1050	62	77		
1822	9.1100	64	79		
1823	9.1150	66	81		
1824	9.1200	68	82		
1825	9.1250	70	84		
1826	9.1300	71	86		
1827	9.1350	73	87		
1828	9.1400	75	89		
1829	9.1450	76	90		
1830	9.1500	78	92		
1831	9.1550	80	93		
1832	9.1600	82	94		
1833	9.1650	84	96		
1834	9.1700	86	97		
1835	9.1750	87	98		
1836	9.1800	89	99		
1837	9.1850	90	100		
1838	9.1900	92	101		
1839	9.1950	94	102		
1840	9.2000	95	103		
1841	9.2050	96	104		
1842	9.2100	98	105		
1843	9.2150	99	105		
1844	9.2200	100	106		
1845	9.2250	102	107		
1846	9.2300	103	107		
1847	9.2350	104	108		
1848	9.2400	106	108		
1849	9.2450	106	109		
1850	9.2500	108	109		
1851	9.2550	108	110		
1852	9.2600	110	110		
1853	9.2650	110	110		
1854	9.2700	112	110		
1855	9.2750	112	111		
1856	9.2800	113	111		
1857	9.2850	114	111		
1858	9.2900	114	111		
1859	9.2950	115	111		
1860	9.3000	116	111		
1861	9.3050	116	111		
1862	9.3100	116	110		
1863	9.3150	117	110		
1864	9.3200	117	110		
1865	9.3250	118	110		
1866	9.3300	118	109		
1867	9.3350	118	109		
1868	9.3400	118	108		
1869	9.3450	118	108		
1870	9.3500	118	108		
1871	9.3550	118	107		
1872	9.3600	118	106		
1873	9.3650	118	106		
1874	9.3700	117	105		
1875	9.3750	117	105		
1876	9.3800	116	104		
1877	9.3850	116	103		
1878	9.3900	115	102		
1879	9.3950	114	102		
1880	9.4000	114	101		
1881	9.4050	113	100		
1882	9.4100	112	99		
1883	9.4150	112	98		
1884	9.4200	110	97		
1885	9.4250	110	96		
1886	9.4300	108	95		
1887	9.4350	108	94		
1888	9.4400	106	93		
1889	9.4450	105	92		
1890	9.4500	104	91		
1891	9.4550	102	89		
1892	9.4600	101	88		
1893	9.4650	100	87		
1894	9.4700	98	86		
1895	9.4750	96	84		
1896	9.4800	95	83		
1897	9.4850	93	82		
1898	9.4900	91	81		
1899	9.4950	90	79		
1900	9.5000	88	78		
1901	9.5050	86	76		
1902	9.5100	84	75		
1903	9.5150	82	74		
1904	9.5200	80	72		
1905	9.5250	78	71		
1906	9.5300	76	69		
1907	9.5350	74	68		
1908	9.5400	71	66		
1909	9.5450	69	64		
1910	9.5500	67	63		
1911	9.5550	64	61		
1912	9.5600	62	60		
1913	9.5650	60	58		
1914	9.5700	58	56		
1915	9.5750	55	55		
1916	9.5800	53	53		
1917	9.5850	50	51		
1918	9.5900	48	50		
1919	9.5950	45	48		
1920	9.6000	43	46		
1921	9.6050	40	44		
1922	9.6100	38	42		
1923	9.6150	35	41		
1924	9.6200	32	39		
1925	9.6250	30	37		
1926	9.6300	27	35		
1927	9.6350	25	33		
1928	9.6400	22	31		
1929	9.6450	20	30		
1930	9.6500	17	28		
1931	9.6550	14	26		
1932	9.6600	12	24		
1933	9.6650	9	22		
1934	9.6700	7	20		
1935	9.6750	4	18		
1936	9.6800	2	16		
1937	9.6850	-1	14		
1938	9.6900	-4	12		
1939	9.6950	-6	10		
1940	9.7000	-8	8		
1941	9.7050	-11	6		
1942	9.7100	-14	4		
1943	9.7150	-16	2		
1944	9.7200	-18	0		
1945	9.7250	-20	-2		
1946	9.7300	-23	-4		
1947	9.7350	-25	-6		
1948	9.7400	-28	-8		
1949	9.7450	-30	-10		
1950	9.7500	-32	-12		
1951	9.7550	-34	-14		
1952	9.7600	-36	-16		
1953	9.7650	-38	-18		
1954	9.7700	-40	-20		
1955	9.7750	-42	-22		
1956	9.7800	-44	-24		
1957	9.7850	-46	-26		
1958	9.7900	-48	-28		
1959	9.7950	-50	-30		
1960	9.8000	-52	-32		
1961	9.8050	-54	-34		
1962	9.8100	-56	-36		
1963	9.8150	-58	-38		
1964	9.8200	-59	-40		
1965	9.8250	-61	-42		
1966	9.8300	-62	-44		
1967	9.8350	-64	-46		
1968	9.8400	-65	-48		
1969	9.8450	-67	-50		
1970	9.8500	-68	-52		
1971	9.8550	-70	-53		
1972	9.8600	-71	-55		
1973	9.8650	-72	-57		
1974	9.8700	-73	-59		
1975	9.8750	-74	-60		
1976	9.8800	-75	-62		
1977	9.8850	-76	-64		
1978	9.8900	-77	-65		
1979	9.8950	-78	-67		
1980	9.9000	-79	-68		
1981	9.9050	-80	-70		
1982	9.9100	-81	-71		
1983	9.9150	-82	-73		
1984	9.9200	-82	-74		
1985	9.9250	-83	-76		
1986	9.9300	-84	-77		
1987	9.9350	-84	-78		
1988	9.9400	-84	-79		
1989	9.9450	-85	-81		
1990	9.9500	-85	-82		
1991	9.9550	-86	-83		
1992	9.9600	-86	-84		
1993	9.9650	-86	-85		
1994	9.9700	-86	-86		
1995	9.9750	-86	-87		
1996	9.9800	-86	-87		
1997	9.9850	-86	-88		
1998	9.9900	-86	-89		
1999	9.9950	-86	-90		
2000	10.0000	-86	-90		
