#	time(s)	count A	count B	count C	count D
1	0.0050	21	-48		
2	0.0100	23	-51		
3	0.0150	24	-54		
4	0.0200	26	-57		
5	0.0250	28	-59		
6	0.0300	29	-62		
7	0.0350	30	-64		
8	0.0400	32	-66		
9	0.0450	32	-69		
10	0.0500	34	-71		
11	0.0550	34	-73		
12	0.0600	35	-74		
13	0.0650	36	-76		
14	0.0700	36	-77		
15	0.0750	37	-79		
16	0.0800	37	-80		
17	0.0850	38	-81		
18	0.0900	38	-82		
19	0.0950	38	-83		
20	0.1000	38	-83		
21	0.1050	38	-84		
22	0.1100	37	-84		
23	0.1150	37	-84		
24	0.1200	36	-84		
25	0.1250	36	-84		
26	0.1300	35	-84		
27	0.1350	34	-84		
28	0.1400	33	-83		
29	0.1450	32	-82		
30	0.1500	31	-82		
31	0.1550	30	-81		
32	0.1600	28	-80		
33	0.1650	27	-78		
34	0.1700	26	-77		
35	0.1750	24	-76		
36	0.1800	22	-74		
37	0.1850	20	-72		
38	0.1900	18	-70		
39	0.1950	16	-68		
40	0.2000	14	-66		
41	0.2050	12	-64		
42	0.2100	10	-61		
43	0.2150	8	-59		
44	0.2200	6	-56		
45	0.2250	4	-54		
46	0.2300	1	-51		
47	0.2350	-2	-48		
48	0.2400	-4	-46		
49	0.2450	-6	-43		
50	0.2500	-9	-40		
51	0.2550	-11	-37		
52	0.2600	-14	-34		
53	0.2650	-16	-31		
54	0.2700	-18	-28		
55	0.2750	-21	-24		
56	0.2800	-24	-21		
57	0.2850	-26	-18		
58	0.2900	-28	-15		
59	0.2950	-30	-12		
60	0.3000	-33	-8		
61	0.3050	-36	-5		
62	0.3100	-38	-2		
63	0.3150	-40	2		
64	0.3200	-42	5		
65	0.3250	-44	8		
66	0.3300	-46	11		
67	0.3350	-48	14		
68	0.3400	-50	17		
69	0.3450	-52	20		
70	0.3500	-54	23		
71	0.3550	-55	26		
72	0.3600	-56	28		
73	0.3650	-58	31		
74	0.3700	-59	34		
75	0.3750	-60	36		
76	0.3800	-62	39		
77	0.3850	-62	41		
78	0.3900	-63	43		
79	0.3950	-64	46		
80	0.4000	-65	48		
81	0.4050	-65	50		
82	0.4100	-66	52		
83	0.4150	-66	53		
84	0.4200	-66	55		
85	0.4250	-66	56		
86	0.4300	-66	58		
87	0.4350	-65	59		
88	0.4400	-65	60		
89	0.4450	-64	61		
90	0.4500	-64	62		
91	0.4550	-62	63		
92	0.4600	-62	64		
93	0.4650	-60	64		
94	0.4700	-59	65		
95	0.4750	-58	65		
96	0.4800	-56	65		
97	0.4850	-55	65		
98	0.4900	-53	65		
99	0.4950	-51	65		
100	0.5000	-49	65		
101	0.5050	-47	64		
102	0.5100	-45	64		
103	0.5150	-42	63		
104	0.5200	-40	62		
105	0.5250	-38	62		
106	0.5300	-35	61		
107	0.5350	-32	60		
108	0.5400	-29	58		
109	0.5450	-26	57		
110	0.5500	-23	56		
111	0.5550	-20	54		
112	0.5600	-17	53		
113	0.5650	-14	51		
114	0.5700	-10	50		
115	0.5750	-7	48		
116	0.5800	-4	46		
117	0.5850	0	44		
118	0.5900	3	42		
119	0.5950	6	40		
120	0.6000	10	39		
121	0.6050	14	36		
122	0.6100	17	34		
123	0.6150	21	32		
124	0.6200	24	30		
125	0.6250	28	28		
126	0.6300	31	26		
127	0.6350	35	24		
128	0.6400	38	22		
129	0.6450	42	20		
130	0.6500	45	18		
131	0.6550	48	16		
132	0.6600	52	14		
133	0.6650	55	12		
134	0.6700	58	10		
135	0.6750	62	8		
136	0.6800	64	6		
137	0.6850	68	4		
138	0.6900	70	2		
139	0.6950	74	0		
140	0.7000	76	-1		
141	0.7050	79	-3		
142	0.7100	82	-4		
143	0.7150	84	-6		
144	0.7200	86	-7		
145	0.7250	88	-8		
146	0.7300	90	-10		
147	0.7350	92	-11		
148	0.7400	94	-12		
149	0.7450	96	-13		
150	0.7500	98	-14		
151	0.7550	99	-14		
152	0.7600	100	-15		
153	0.7650	102	-15		
154	0.7700	102	-16		
155	0.7750	104	-16		
156	0.7800	104	-16		
157	0.7850	105	-16		
158	0.7900	106	-16		
159	0.7950	106	-16		
160	0.8000	106	-16		
161	0.8050	106	-15		
162	0.8100	106	-15		
163	0.8150	106	-14		
164	0.8200	105	-13		
165	0.8250	105	-12		
166	0.8300	104	-11		
167	0.8350	103	-10		
168	0.8400	102	-9		
169	0.8450	101	-8		
170	0.8500	100	-7		
171	0.8550	98	-5		
172	0.8600	97	-4		
173	0.8650	96	-2		
174	0.8700	94	0		
175	0.8750	92	2		
176	0.8800	90	4		
177	0.8850	88	6		
178	0.8900	86	8		
179	0.8950	84	10		
180	0.9000	81	12		
181	0.9050	79	14		
182	0.9100	76	17		
183	0.9150	74	19		
184	0.9200	71	21		
185	0.9250	68	24		
186	0.9300	66	26		
187	0.9350	62	29		
188	0.9400	60	31		
189	0.9450	57	34		
190	0.9500	54	36		
191	0.9550	51	39		
192	0.9600	48	41		
193	0.9650	45	44		
194	0.9700	42	46		
195	0.9750	38	49		
196	0.9800	35	51		
197	0.9850	32	54		
198	0.9900	29	56		
199	0.9950	26	59		
200	1.0000	23	61		
201	1.0050	20	63		
202	1.0100	16	66		
203	1.0150	14	68		
204	1.0200	10	70		
205	1.0250	8	72		
206	1.0300	5	74		
207	1.0350	2	76		
208	1.0400	0	78		
209	1.0450	-3	79		
210	1.0500	-6	81		
211	1.0550	-8	82		
212	1.0600	-11	84		
213	1.0650	-13	85		
214	1.0700	-15	86		
215	1.0750	-18	87		
216	1.0800	-20	88		
217	1.0850	-22	89		
218	1.0900	-23	90		
219	1.0950	-25	90		
220	1.1000	-27	91		
221	1.1050	-28	91		
222	1.1100	-30	91		
223	1.1150	-31	91		
224	1.1200	-32	91		
225	1.1250	-34	91		
226	1.1300	-34	91		
227	1.1350	-35	90		
228	1.1400	-36	90		
229	1.1450	-36	89		
230	1.1500	-37	88		
231	1.1550	-38	87		
232	1.1600	-38	86		
233	1.1650	-38	84		
234	1.1700	-38	83		
235	1.1750	-38	81		
236	1.1800	-38	80		
237	1.1850	-37	78		
238	1.1900	-36	76		
239	1.1950	-36	74		
240	1.2000	-36	72		
241	1.2050	-34	69		
242	1.2100	-34	67		
243	1.2150	-33	64		
244	1.2200	-32	62		
245	1.2250	-30	59		
246	1.2300	-29	56		
247	1.2350	-28	53		
248	1.2400	-26	50		
249	1.2450	-25	47		
250	1.2500	-24	44		
251	1.2550	-22	41		
252	1.2600	-20	38		
253	1.2650	-18	35		
254	1.2700	-17	31		
255	1.2750	-15	28		
256	1.2800	-13	24		
257	1.2850	-11	21		
258	1.2900	-9	17		
259	1.2950	-7	14		
260	1.3000	-5	10		
261	1.3050	-3	7		
262	1.3100	-1	3		
263	1.3150	1	0		
264	1.3200	3	-4		
265	1.3250	5	-8		
266	1.3300	7	-11		
267	1.3350	9	-15		
268	1.3400	11	-18		
269	1.3450	13	-22		
270	1.3500	15	-25		
271	1.3550	17	-28		
272	1.3600	18	-31		
273	1.3650	20	-35		
274	1.3700	22	-38		
275	1.3750	24	-41		
276	1.3800	25	-44		
277	1.3850	27	-47		
278	1.3900	28	-50		
279	1.3950	30	-52		
280	1.4000	31	-55		
281	1.4050	32	-57		
282	1.4100	34	-60		
283	1.4150	34	-62		
284	1.4200	36	-64		
285	1.4250	36	-66		
286	1.4300	37	-68		
287	1.4350	38	-70		
288	1.4400	38	-72		
289	1.4450	39	-73		
290	1.4500	39	-74		
291	1.4550	40	-76		
292	1.4600	40	-77		
293	1.4650	40	-78		
294	1.4700	40	-79		
295	1.4750	40	-79		
296	1.4800	39	-80		
297	1.4850	39	-80		
298	1.4900	38	-81		
299	1.4950	38	-81		
300	1.5000	37	-81		
301	1.5050	36	-81		
302	1.5100	35	-80		
303	1.5150	34	-80		
304	1.5200	33	-79		
305	1.5250	32	-78		
306	1.5300	30	-78		
307	1.5350	29	-77		
308	1.5400	27	-76		
309	1.5450	26	-74		
310	1.5500	24	-73		
311	1.5550	22	-71		
312	1.5600	20	-70		
313	1.5650	18	-68		
314	1.5700	16	-66		
315	1.5750	14	-64		
316	1.5800	12	-62		
317	1.5850	10	-60		
318	1.5900	8	-58		
319	1.5950	5	-55		
320	1.6000	3	-53		
321	1.6050	0	-50		
322	1.6100	-2	-48		
323	1.6150	-5	-45		
324	1.6200	-7	-42		
325	1.6250	-10	-39		
326	1.6300	-12	-36		
327	1.6350	-15	-34		
328	1.6400	-18	-31		
329	1.6450	-20	-28		
330	1.6500	-22	-25		
331	1.6550	-25	-22		
332	1.6600	-28	-19		
333	1.6650	-30	-16		
334	1.6700	-32	-12		
335	1.6750	-35	-9		
336	1.6800	-37	-6		
337	1.6850	-40	-3		
338	1.6900	-42	0		
339	1.6950	-44	3		
340	1.7000	-46	6		
341	1.7050	-48	9		
342	1.7100	-50	12		
343	1.7150	-52	15		
344	1.7200	-54	17		
345	1.7250	-56	20		
346	1.7300	-57	23		
347	1.7350	-59	25		
348	1.7400	-60	28		
349	1.7450	-62	30		
350	1.7500	-63	33		
351	1.7550	-64	35		
352	1.7600	-65	37		
353	1.7650	-66	40		
354	1.7700	-67	42		
355	1.7750	-68	44		
356	1.7800	-68	45		
357	1.7850	-68	47		
358	1.7900	-68	49		
359	1.7950	-69	50		
360	1.8000	-69	52		
361	1.8050	-68	53		
362	1.8100	-68	54		
363	1.8150	-68	55		
364	1.8200	-67	56		
365	1.8250	-66	57		
366	1.8300	-66	58		
367	1.8350	-65	58		
368	1.8400	-64	59		
369	1.8450	-62	59		
370	1.8500	-61	59		
371	1.8550	-60	60		
372	1.8600	-58	60		
373	1.8650	-56	59		
374	1.8700	-55	59		
375	1.8750	-53	59		
376	1.8800	-51	58		
377	1.8850	-48	58		
378	1.8900	-46	57		
379	1.8950	-44	56		
380	1.9000	-42	56		
381	1.9050	-38	55		
382	1.9100	-36	54		
383	1.9150	-33	52		
384	1.9200	-30	51		
385	1.9250	-27	50		
386	1.9300	-24	48		
387	1.9350	-21	47		
388	1.9400	-18	45		
389	1.9450	-15	44		
390	1.9500	-12	42		
391	1.9550	-8	40		
392	1.9600	-5	38		
393	1.9650	-1	37		
394	1.9700	2	35		
395	1.9750	6	33		
396	1.9800	9	31		
397	1.9850	13	29		
398	1.9900	16	27		
399	1.9950	20	25		
400	2.0000	23	23		
401	2.0050	27	21		
402	2.0100	30	19		
403	2.0150	34	17		
404	2.0200	37	15		
405	2.0250	40	13		
406	2.0300	44	11		
407	2.0350	47	9		
408	2.0400	50	7		
409	2.0450	54	5		
410	2.0500	57	3		
411	2.0550	60	1		
412	2.0600	63	0		
413	2.0650	66	-2		
414	2.0700	69	-4		
415	2.0750	72	-5		
416	2.0800	74	-7		
417	2.0850	77	-8		
418	2.0900	79	-10		
419	2.0950	82	-11		
420	2.1000	84	-12		
421	2.1050	86	-13		
422	2.1100	88	-14		
423	2.1150	90	-15		
424	2.1200	92	-16		
425	2.1250	93	-16		
426	2.1300	95	-17		
427	2.1350	96	-17		
428	2.1400	97	-18		
429	2.1450	98	-18		
430	2.1500	100	-18		
431	2.1550	100	-18		
432	2.1600	101	-18		
433	2.1650	102	-18		
434	2.1700	102	-18		
435	2.1750	102	-17		
436	2.1800	102	-17		
437	2.1850	102	-16		
438	2.1900	102	-15		
439	2.1950	102	-14		
440	2.2000	102	-14		
441	2.2050	101	-12		
442	2.2100	100	-11		
443	2.2150	99	-10		
444	2.2200	98	-9		
445	2.2250	97	-7		
446	2.2300	96	-6		
447	2.2350	94	-4		
448	2.2400	93	-2		
449	2.2450	92	0		
450	2.2500	90	2		
451	2.2550	88	4		
452	2.2600	86	6		
453	2.2650	84	8		
454	2.2700	82	10		
455	2.2750	80	12		
456	2.2800	78	15		
457	2.2850	75	17		
458	2.2900	72	20		
459	2.2950	70	22		
460	2.3000	68	24		
461	2.3050	65	27		
462	2.3100	62	30		
463	2.3150	59	32		
464	2.3200	56	35		
465	2.3250	54	38		
466	2.3300	51	40		
467	2.3350	48	43		
468	2.3400	45	45		
469	2.3450	42	48		
470	2.3500	39	50		
471	2.3550	36	53		
472	2.3600	33	56		
473	2.3650	30	58		
474	2.3700	27	60		
475	2.3750	24	63		
476	2.3800	22	65		
477	2.3850	18	68		
478	2.3900	16	70		
479	2.3950	13	72		
480	2.4000	10	74		
481	2.4050	8	76		
482	2.4100	5	78		
483	2.4150	2	80		
484	2.4200	0	82		
485	2.4250	-3	83		
486	2.4300	-5	85		
487	2.4350	-8	86		
488	2.4400	-10	88		
489	2.4450	-12	89		
490	2.4500	-14	90		
491	2.4550	-16	91		
492	2.4600	-18	92		
493	2.4650	-19	92		
494	2.4700	-21	93		
495	2.4750	-22	93		
496	2.4800	-24	94		
497	2.4850	-25	94		
498	2.4900	-26	94		
499	2.4950	-27	94		
500	2.5000	-28	94		
501	2.5050	-29	94		
502	2.5100	-30	93		
503	2.5150	-31	92		
504	2.5200	-31	92		
505	2.5250	-32	91		
506	2.5300	-32	90		
507	2.5350	-32	89		
508	2.5400	-32	88		
509	2.5450	-32	86		
510	2.5500	-32	85		
511	2.5550	-32	83		
512	2.5600	-31	81		
513	2.5650	-31	79		
514	2.5700	-30	77		
515	2.5750	-30	75		
516	2.5800	-28	73		
517	2.5850	-28	71		
518	2.5900	-27	68		
519	2.5950	-26	66		
520	2.6000	-24	63		
521	2.6050	-23	60		
522	2.6100	-22	57		
523	2.6150	-20	54		
524	2.6200	-19	51		
525	2.6250	-18	48		
526	2.6300	-16	45		
527	2.6350	-14	42		
528	2.6400	-12	39		
529	2.6450	-11	35		
530	2.6500	-9	32		
531	2.6550	-7	29		
532	2.6600	-5	25		
533	2.6650	-4	22		
534	2.6700	-2	18		
535	2.6750	0	15		
536	2.6800	2	11		
537	2.6850	4	8		
538	2.6900	6	4		
539	2.6950	8	1		
540	2.7000	10	-3		
541	2.7050	12	-7		
542	2.7100	14	-10		
543	2.7150	16	-14		
544	2.7200	18	-17		
545	2.7250	20	-20		
546	2.7300	22	-24		
547	2.7350	23	-27		
548	2.7400	25	-30		
549	2.7450	27	-33		
550	2.7500	28	-36		
551	2.7550	30	-39		
552	2.7600	31	-42		
553	2.7650	32	-45		
554	2.7700	34	-47		
555	2.7750	35	-50		
556	2.7800	36	-52		
557	2.7850	37	-55		
558	2.7900	38	-57		
559	2.7950	39	-59		
560	2.8000	40	-61		
561	2.8050	40	-64		
562	2.8100	41	-65		
563	2.8150	42	-67		
564	2.8200	42	-68		
565	2.8250	42	-70		
566	2.8300	42	-71		
567	2.8350	42	-72		
568	2.8400	42	-74		
569	2.8450	42	-74		
570	2.8500	42	-75		
571	2.8550	41	-76		
572	2.8600	41	-76		
573	2.8650	40	-76		
574	2.8700	40	-77		
575	2.8750	38	-77		
576	2.8800	38	-77		
577	2.8850	36	-76		
578	2.8900	36	-76		
579	2.8950	34	-76		
580	2.9000	33	-75		
581	2.9050	31	-74		
582	2.9100	30	-73		
583	2.9150	28	-72		
584	2.9200	26	-71		
585	2.9250	24	-70		
586	2.9300	22	-68		
587	2.9350	20	-67		
588	2.9400	18	-65		
589	2.9450	16	-64		
590	2.9500	14	-62		
591	2.9550	12	-60		
592	2.9600	10	-58		
593	2.9650	8	-56		
594	2.9700	5	-53		
595	2.9750	2	-51		
596	2.9800	0	-49		
597	2.9850	-2	-46		
598	2.9900	-5	-44		
599	2.9950	-8	-41		
600	3.0000	-10	-38		
601	3.0050	-13	-36		
602	3.0100	-16	-33		
603	3.0150	-18	-30		
604	3.0200	-21	-27		
605	3.0250	-24	-24		
606	3.0300	-26	-21		
607	3.0350	-29	-19		
608	3.0400	-31	-16		
609	3.0450	-34	-13		
610	3.0500	-36	-10		
611	3.0550	-38	-7		
612	3.0600	-41	-4		
613	3.0650	-43	-1		
614	3.0700	-46	2		
615	3.0750	-48	4		
616	3.0800	-50	7		
617	3.0850	-52	10		
618	3.0900	-54	13		
619	3.0950	-56	15		
620	3.1000	-58	18		
621	3.1050	-59	21		
622	3.1100	-61	23		
623	3.1150	-62	26		
624	3.1200	-64	28		
625	3.1250	-65	30		
626	3.1300	-66	32		
627	3.1350	-67	34		
628	3.1400	-68	36		
629	3.1450	-69	38		
630	3.1500	-70	40		
631	3.1550	-70	42		
632	3.1600	-70	43		
633	3.1650	-71	45		
634	3.1700	-71	46		
635	3.1750	-71	48		
636	3.1800	-71	49		
637	3.1850	-71	50		
638	3.1900	-70	51		
639	3.1950	-70	52		
640	3.2000	-69	52		
641	3.2050	-68	53		
642	3.2100	-68	53		
643	3.2150	-66	54		
644	3.2200	-65	54		
645	3.2250	-64	54		
646	3.2300	-62	54		
647	3.2350	-61	54		
648	3.2400	-60	54		
649	3.2450	-58	54		
650	3.2500	-56	53		
651	3.2550	-54	53		
652	3.2600	-52	52		
653	3.2650	-50	52		
654	3.2700	-47	51		
655	3.2750	-44	50		
656	3.2800	-42	49		
657	3.2850	-40	48		
658	3.2900	-37	47		
659	3.2950	-34	45		
660	3.3000	-31	44		
661	3.3050	-28	42		
662	3.3100	-25	41		
663	3.3150	-22	39		
664	3.3200	-18	38		
665	3.3250	-15	36		
666	3.3300	-12	34		
667	3.3350	-8	33		
668	3.3400	-5	31		
669	3.3450	-2	29		
670	3.3500	2	27		
671	3.3550	5	25		
672	3.3600	8	23		
673	3.3650	12	21		
674	3.3700	16	19		
675	3.3750	19	17		
676	3.3800	22	16		
677	3.3850	26	14		
678	3.3900	29	12		
679	3.3950	33	10		
680	3.4000	36	8		
681	3.4050	40	6		
682	3.4100	43	4		
683	3.4150	46	2		
684	3.4200	50	0		
685	3.4250	52	-2		
686	3.4300	56	-3		
687	3.4350	58	-5		
688	3.4400	62	-6		
689	3.4450	64	-8		
690	3.4500	67	-10		
691	3.4550	70	-11		
692	3.4600	72	-12		
693	3.4650	75	-13		
694	3.4700	77	-14		
695	3.4750	79	-16		
696	3.4800	82	-16		
697	3.4850	84	-17		
698	3.4900	85	-18		
699	3.4950	87	-19		
700	3.5000	89	-19		
701	3.5050	90	-20		
702	3.5100	92	-20		
703	3.5150	93	-20		
704	3.5200	94	-21		
705	3.5250	95	-21		
706	3.5300	96	-21		
707	3.5350	96	-20		
708	3.5400	97	-20		
709	3.5450	98	-20		
710	3.5500	98	-19		
711	3.5550	98	-18		
712	3.5600	98	-18		
713	3.5650	98	-17		
714	3.5700	98	-16		
715	3.5750	98	-15		
716	3.5800	97	-14		
717	3.5850	96	-12		
718	3.5900	96	-11		
719	3.5950	95	-10		
720	3.6000	94	-8		
721	3.6050	92	-6		
722	3.6100	92	-4		
723	3.6150	90	-3		
724	3.6200	88	-1		
725	3.6250	87	1		
726	3.6300	85	3		
727	3.6350	84	6		
728	3.6400	82	8		
729	3.6450	80	10		
730	3.6500	78	12		
731	3.6550	75	15		
732	3.6600	73	17		
733	3.6650	71	20		
734	3.6700	68	22		
735	3.6750	66	25		
736	3.6800	64	27		
737	3.6850	61	30		
738	3.6900	58	33		
739	3.6950	56	35		
740	3.7000	53	38		
741	3.7050	50	41		
742	3.7100	47	44		
743	3.7150	44	46		
744	3.7200	42	49		
745	3.7250	39	52		
746	3.7300	36	54		
747	3.7350	34	57		
748	3.7400	30	59		
749	3.7450	28	62		
750	3.7500	25	64		
751	3.7550	22	66		
752	3.7600	20	69		
753	3.7650	17	71		
754	3.7700	14	73		
755	3.7750	12	75		
756	3.7800	9	77		
757	3.7850	7	79		
758	3.7900	4	81		
759	3.7950	2	83		
760	3.8000	0	85		
761	3.8050	-3	86		
762	3.8100	-5	88		
763	3.8150	-7	89		
764	3.8200	-9	90		
765	3.8250	-11	92		
766	3.8300	-12	93		
767	3.8350	-14	94		
768	3.8400	-16	94		
769	3.8450	-17	95		
770	3.8500	-18	96		
771	3.8550	-20	96		
772	3.8600	-21	96		
773	3.8650	-22	96		
774	3.8700	-23	96		
775	3.8750	-24	96		
776	3.8800	-25	96		
777	3.8850	-26	96		
778	3.8900	-26	95		
779	3.8950	-26	94		
780	3.9000	-27	94		
781	3.9050	-27	92		
782	3.9100	-27	91		
783	3.9150	-27	90		
784	3.9200	-27	89		
785	3.9250	-27	87		
786	3.9300	-26	86		
787	3.9350	-26	84		
788	3.9400	-25	82		
789	3.9450	-24	80		
790	3.9500	-24	78		
791	3.9550	-23	76		
792	3.9600	-22	74		
793	3.9650	-21	71		
794	3.9700	-20	69		
795	3.9750	-19	66		
796	3.9800	-18	63		
797	3.9850	-16	61		
798	3.9900	-15	58		
799	3.9950	-13	55		
800	4.0000	-12	52		
801	4.0050	-10	48		
802	4.0100	-8	45		
803	4.0150	-7	42		
804	4.0200	-5	39		
805	4.0250	-3	36		
806	4.0300	-2	32		
807	4.0350	0	29		
808	4.0400	2	25		
809	4.0450	4	22		
810	4.0500	6	18		
811	4.0550	8	15		
812	4.0600	10	12		
813	4.0650	12	8		
814	4.0700	14	5		
815	4.0750	16	1		
816	4.0800	18	-2		
817	4.0850	19	-6		
818	4.0900	21	-9		
819	4.0950	23	-12		
820	4.1000	24	-16		
821	4.1050	26	-19		
822	4.1100	28	-22		
823	4.1150	30	-26		
824	4.1200	31	-29		
825	4.1250	33	-32		
826	4.1300	34	-34		
827	4.1350	36	-37		
828	4.1400	37	-40		
829	4.1450	38	-43		
830	4.1500	39	-45		
831	4.1550	40	-48		
832	4.1600	41	-50		
833	4.1650	42	-53		
834	4.1700	42	-55		
835	4.1750	43	-57		
836	4.1800	44	-59		
837	4.1850	44	-61		
838	4.1900	44	-62		
839	4.1950	45	-64		
840	4.2000	45	-65		
841	4.2050	45	-67		
842	4.2100	45	-68		
843	4.2150	45	-69		
844	4.2200	44	-70		
845	4.2250	44	-71		
846	4.2300	44	-71		
847	4.2350	43	-72		
848	4.2400	42	-72		
849	4.2450	42	-72		
850	4.2500	40	-72		
851	4.2550	40	-72		
852	4.2600	38	-72		
853	4.2650	37	-72		
854	4.2700	36	-72		
855	4.2750	34	-71		
856	4.2800	32	-70		
857	4.2850	31	-70		
858	4.2900	29	-69		
859	4.2950	27	-68		
860	4.3000	26	-66		
861	4.3050	23	-65		
862	4.3100	21	-64		
863	4.3150	19	-62		
864	4.3200	17	-60		
865	4.3250	14	-59		
866	4.3300	12	-57		
867	4.3350	10	-55		
868	4.3400	8	-53		
869	4.3450	5	-51		
870	4.3500	2	-48		
871	4.3550	0	-46		
872	4.3600	-3	-44		
873	4.3650	-5	-42		
874	4.3700	-8	-39		
875	4.3750	-10	-37		
876	4.3800	-13	-34		
877	4.3850	-16	-32		
878	4.3900	-18	-29		
879	4.3950	-21	-26		
880	4.4000	-24	-24		
881	4.4050	-27	-21		
882	4.4100	-30	-18		
883	4.4150	-32	-15		
884	4.4200	-34	-12		
885	4.4250	-37	-10		
886	4.4300	-40	-7		
887	4.4350	-42	-4		
888	4.4400	-44	-2		
889	4.4450	-46	1		
890	4.4500	-49	4		
891	4.4550	-51	6		
892	4.4600	-53	9		
893	4.4650	-55	12		
894	4.4700	-57	14		
895	4.4750	-59	17		
896	4.4800	-60	19		
897	4.4850	-62	21		
898	4.4900	-64	23		
899	4.4950	-65	26		
900	4.5000	-66	28		
901	4.5050	-68	30		
902	4.5100	-69	32		
903	4.5150	-70	34		
904	4.5200	-71	35		
905	4.5250	-72	37		
906	4.5300	-72	39		
907	4.5350	-72	40		
908	4.5400	-73	42		
909	4.5450	-73	43		
910	4.5500	-73	44		
911	4.5550	-73	45		
912	4.5600	-73	46		
913	4.5650	-72	47		
914	4.5700	-72	48		
915	4.5750	-72	48		
916	4.5800	-71	49		
917	4.5850	-70	49		
918	4.5900	-69	49		
919	4.5950	-68	50		
920	4.6000	-66	50		
921	4.6050	-65	50		
922	4.6100	-64	49		
923	4.6150	-62	49		
924	4.6200	-60	49		
925	4.6250	-58	48		
926	4.6300	-56	48		
927	4.6350	-54	47		
928	4.6400	-52	46		
929	4.6450	-50	45		
930	4.6500	-48	44		
931	4.6550	-45	43		
932	4.6600	-42	42		
933	4.6650	-40	41		
934	4.6700	-37	40		
935	4.6750	-34	38		
936	4.6800	-31	37		
937	4.6850	-28	36		
938	4.6900	-25	34		
939	4.6950	-22	32		
940	4.7000	-19	31		
941	4.7050	-15	29		
942	4.7100	-12	27		
943	4.7150	-9	25		
944	4.7200	-6	23		
945	4.7250	-2	22		
946	4.7300	2	20		
947	4.7350	5	18		
948	4.7400	8	16		
949	4.7450	12	14		
950	4.7500	15	12		
951	4.7550	18	10		
952	4.7600	22	8		
953	4.7650	25	6		
954	4.7700	28	4		
955	4.7750	32	3		
956	4.7800	35	1		
957	4.7850	38	-1		
958	4.7900	42	-3		
959	4.7950	45	-5		
960	4.8000	48	-6		
961	4.8050	51	-8		
962	4.8100	54	-10		
963	4.8150	57	-11		
964	4.8200	60	-12		
965	4.8250	62	-14		
966	4.8300	65	-15		
967	4.8350	68	-16		
968	4.8400	70	-17		
969	4.8450	72	-18		
970	4.8500	74	-19		
971	4.8550	77	-20		
972	4.8600	79	-21		
973	4.8650	80	-22		
974	4.8700	82	-22		
975	4.8750	84	-23		
976	4.8800	86	-23		
977	4.8850	87	-23		
978	4.8900	88	-24		
979	4.8950	90	-24		
980	4.9000	90	-24		
981	4.9050	91	-23		
982	4.9100	92	-23		
983	4.9150	93	-23		
984	4.9200	93	-22		
985	4.9250	94	-22		
986	4.9300	94	-21		
987	4.9350	94	-20		
988	4.9400	94	-19		
989	4.9450	94	-18		
990	4.9500	93	-17		
991	4.9550	93	-15		
992	4.9600	92	-14		
993	4.9650	92	-13		
994	4.9700	91	-11		
995	4.9750	90	-9		
996	4.9800	89	-8		
997	4.9850	88	-6		
998	4.9900	86	-4		
999	4.9950	85	-2		
1000	5.0000	84	0		
1001	5.0050	82	3		
1002	5.0100	80	5		
1003	5.0150	78	7		
1004	5.0200	76	10		
1005	5.0250	74	12		
1006	5.0300	72	14		
1007	5.0350	70	17		
1008	5.0400	68	20		
1009	5.0450	66	22		
1010	5.0500	64	25		
1011	5.0550	61	27		
1012	5.0600	59	30		
1013	5.0650	56	33		
1014	5.0700	54	36		
1015	5.0750	52	38		
1016	5.0800	49	41		
1017	5.0850	46	44		
1018	5.0900	44	46		
1019	5.0950	41	49		
1020	5.1000	38	52		
1021	5.1050	36	55		
1022	5.1100	33	57		
1023	5.1150	30	60		
1024	5.1200	28	62		
1025	5.1250	25	65		
1026	5.1300	22	67		
1027	5.1350	20	70		
1028	5.1400	18	72		
1029	5.1450	15	74		
1030	5.1500	12	76		
1031	5.1550	10	78		
1032	5.1600	8	80		
1033	5.1650	6	82		
1034	5.1700	4	84		
1035	5.1750	1	86		
1036	5.1800	-1	88		
1037	5.1850	-3	89		
1038	5.1900	-5	90		
1039	5.1950	-6	92		
1040	5.2000	-8	93		
1041	5.2050	-10	94		
1042	5.2100	-12	95		
1043	5.2150	-13	96		
1044	5.2200	-14	96		
1045	5.2250	-16	97		
1046	5.2300	-17	98		
1047	5.2350	-18	98		
1048	5.2400	-19	98		
1049	5.2450	-20	98		
1050	5.2500	-20	98		
1051	5.2550	-21	98		
1052	5.2600	-22	97		
1053	5.2650	-22	97		
1054	5.2700	-22	96		
1055	5.2750	-22	95		
1056	5.2800	-22	94		
1057	5.2850	-22	93		
1058	5.2900	-22	92		
1059	5.2950	-22	91		
1060	5.3000	-22	90		
1061	5.3050	-22	88		
1062	5.3100	-21	86		
1063	5.3150	-20	84		
1064	5.3200	-20	83		
1065	5.3250	-19	81		
1066	5.3300	-18	78		
1067	5.3350	-17	76		
1068	5.3400	-16	74		
1069	5.3450	-15	71		
1070	5.3500	-14	69		
1071	5.3550	-12	66		
1072	5.3600	-11	63		
1073	5.3650	-10	61		
1074	5.3700	-8	58		
1075	5.3750	-6	55		
1076	5.3800	-5	52		
1077	5.3850	-3	49		
1078	5.3900	-2	46		
1079	5.3950	0	42		
1080	5.4000	2	39		
1081	5.4050	4	36		
1082	5.4100	6	32		
1083	5.4150	8	29		
1084	5.4200	10	26		
1085	5.4250	11	22		
1086	5.4300	13	19		
1087	5.4350	15	15		
1088	5.4400	17	12		
1089	5.4450	19	8		
1090	5.4500	20	5		
1091	5.4550	22	2		
1092	5.4600	24	-2		
1093	5.4650	26	-5		
1094	5.4700	28	-8		
1095	5.4750	30	-12		
1096	5.4800	31	-15		
1097	5.4850	32	-18		
1098	5.4900	34	-21		
1099	5.4950	36	-24		
1100	5.5000	37	-27		
1101	5.5050	38	-30		
1102	5.5100	40	-33		
1103	5.5150	41	-36		
1104	5.5200	42	-38		
1105	5.5250	43	-41		
1106	5.5300	44	-43		
1107	5.5350	45	-46		
1108	5.5400	46	-48		
1109	5.5450	46	-50		
1110	5.5500	47	-52		
1111	5.5550	47	-54		
1112	5.5600	48	-56		
1113	5.5650	48	-58		
1114	5.5700	48	-59		
1115	5.5750	48	-61		
1116	5.5800	48	-62		
1117	5.5850	48	-63		
1118	5.5900	48	-64		
1119	5.5950	47	-65		
1120	5.6000	47	-66		
1121	5.6050	46	-67		
1122	5.6100	46	-67		
1123	5.6150	44	-68		
1124	5.6200	44	-68		
1125	5.6250	42	-68		
1126	5.6300	42	-68		
1127	5.6350	40	-68		
1128	5.6400	39	-68		
1129	5.6450	38	-67		
1130	5.6500	36	-67		
1131	5.6550	34	-66		
1132	5.6600	32	-66		
1133	5.6650	30	-65		
1134	5.6700	29	-64		
1135	5.6750	27	-63		
1136	5.6800	24	-61		
1137	5.6850	22	-60		
1138	5.6900	20	-59		
1139	5.6950	18	-57		
1140	5.7000	16	-56		
1141	5.7050	13	-54		
1142	5.7100	10	-52		
1143	5.7150	8	-50		
1144	5.7200	6	-48		
1145	5.7250	3	-46		
1146	5.7300	0	-44		
1147	5.7350	-2	-42		
1148	5.7400	-5	-39		
1149	5.7450	-8	-37		
1150	5.7500	-10	-35		
1151	5.7550	-13	-32		
1152	5.7600	-16	-30		
1153	5.7650	-18	-27		
1154	5.7700	-21	-25		
1155	5.7750	-24	-22		
1156	5.7800	-27	-20		
1157	5.7850	-30	-17		
1158	5.7900	-32	-14		
1159	5.7950	-35	-12		
1160	5.8000	-37	-9		
1161	5.8050	-40	-6		
1162	5.8100	-42	-4		
1163	5.8150	-45	-1		
1164	5.8200	-47	1		
1165	5.8250	-50	4		
1166	5.8300	-52	6		
1167	5.8350	-54	9		
1168	5.8400	-56	11		
1169	5.8450	-58	13		
1170	5.8500	-60	16		
1171	5.8550	-62	18		
1172	5.8600	-63	20		
1173	5.8650	-64	22		
1174	5.8700	-66	24		
1175	5.8750	-68	26		
1176	5.8800	-69	28		
1177	5.8850	-70	30		
1178	5.8900	-71	31		
1179	5.8950	-72	33		
1180	5.9000	-72	34		
1181	5.9050	-73	36		
1182	5.9100	-74	37		
1183	5.9150	-74	39		
1184	5.9200	-74	40		
1185	5.9250	-75	41		
1186	5.9300	-75	42		
1187	5.9350	-74	43		
1188	5.9400	-74	43		
1189	5.9450	-74	44		
1190	5.9500	-73	44		
1191	5.9550	-73	45		
1192	5.9600	-72	45		
1193	5.9650	-71	45		
1194	5.9700	-70	45		
1195	5.9750	-69	45		
1196	5.9800	-68	45		
1197	5.9850	-66	45		
1198	5.9900	-64	45		
1199	5.9950	-63	44		
1200	6.0000	-61	44		
1201	6.0050	-59	43		
1202	6.0100	-57	42		
1203	6.0150	-55	41		
1204	6.0200	-52	40		
1205	6.0250	-50	40		
1206	6.0300	-48	38		
1207	6.0350	-45	37		
1208	6.0400	-42	36		
1209	6.0450	-40	35		
1210	6.0500	-37	33		
1211	6.0550	-34	32		
1212	6.0600	-31	30		
1213	6.0650	-28	29		
1214	6.0700	-25	27		
1215	6.0750	-22	25		
1216	6.0800	-19	24		
1217	6.0850	-16	22		
1218	6.0900	-12	20		
1219	6.0950	-9	18		
1220	6.1000	-6	16		
1221	6.1050	-2	14		
1222	6.1100	1	12		
1223	6.1150	4	11		
1224	6.1200	8	9		
1225	6.1250	11	7		
1226	6.1300	14	5		
1227	6.1350	18	3		
1228	6.1400	21	1		
1229	6.1450	24	-1		
1230	6.1500	28	-2		
1231	6.1550	31	-4		
1232	6.1600	34	-6		
1233	6.1650	37	-8		
1234	6.1700	40	-9		
1235	6.1750	43	-11		
1236	6.1800	46	-12		
1237	6.1850	49	-14		
1238	6.1900	52	-15		
1239	6.1950	55	-17		
1240	6.2000	58	-18		
1241	6.2050	60	-19		
1242	6.2100	63	-20		
1243	6.2150	65	-22		
1244	6.2200	68	-23		
1245	6.2250	70	-23		
1246	6.2300	72	-24		
1247	6.2350	74	-25		
1248	6.2400	76	-25		
1249	6.2450	78	-26		
1250	6.2500	79	-26		
1251	6.2550	80	-27		
1252	6.2600	82	-27		
1253	6.2650	83	-27		
1254	6.2700	84	-27		
1255	6.2750	86	-27		
1256	6.2800	86	-26		
1257	6.2850	87	-26		
1258	6.2900	88	-26		
1259	6.2950	88	-25		
1260	6.3000	89	-24		
1261	6.3050	89	-23		
1262	6.3100	89	-22		
1263	6.3150	89	-21		
1264	6.3200	89	-20		
1265	6.3250	89	-19		
1266	6.3300	88	-18		
1267	6.3350	88	-16		
1268	6.3400	87	-15		
1269	6.3450	86	-13		
1270	6.3500	86	-11		
1271	6.3550	85	-9		
1272	6.3600	84	-8		
1273	6.3650	82	-6		
1274	6.3700	81	-3		
1275	6.3750	80	-1		
1276	6.3800	78	1		
1277	6.3850	77	3		
1278	6.3900	75	6		
1279	6.3950	74	8		
1280	6.4000	72	11		
1281	6.4050	70	13		
1282	6.4100	68	16		
1283	6.4150	65	19		
1284	6.4200	63	21		
1285	6.4250	61	24		
1286	6.4300	59	27		
1287	6.4350	56	30		
1288	6.4400	54	32		
1289	6.4450	52	35		
1290	6.4500	50	38		
1291	6.4550	47	41		
1292	6.4600	44	43		
1293	6.4650	42	46		
1294	6.4700	40	49		
1295	6.4750	37	52		
1296	6.4800	34	54		
1297	6.4850	32	57		
1298	6.4900	30	60		
1299	6.4950	27	62		
1300	6.5000	25	65		
1301	6.5050	22	67		
1302	6.5100	20	70		
1303	6.5150	18	72		
1304	6.5200	15	74		
1305	6.5250	13	77		
1306	6.5300	11	79		
1307	6.5350	8	81		
1308	6.5400	6	83		
1309	6.5450	4	85		
1310	6.5500	2	86		
1311	6.5550	0	88		
1312	6.5600	-2	90		
1313	6.5650	-3	91		
1314	6.5700	-5	92		
1315	6.5750	-6	94		
1316	6.5800	-8	95		
1317	6.5850	-9	96		
1318	6.5900	-10	97		
1319	6.5950	-12	97		
1320	6.6000	-13	98		
1321	6.6050	-14	99		
1322	6.6100	-15	99		
1323	6.6150	-16	99		
1324	6.6200	-16	99		
1325	6.6250	-17	99		
1326	6.6300	-18	99		
1327	6.6350	-18	99		
1328	6.6400	-18	98		
1329	6.6450	-18	98		
1330	6.6500	-18	97		
1331	6.6550	-19	96		
1332	6.6600	-18	95		
1333	6.6650	-18	94		
1334	6.6700	-18	93		
1335	6.6750	-18	92		
1336	6.6800	-17	90		
1337	6.6850	-16	88		
1338	6.6900	-16	87		
1339	6.6950	-15	85		
1340	6.7000	-14	83		
1341	6.7050	-13	81		
1342	6.7100	-12	78		
1343	6.7150	-11	76		
1344	6.7200	-10	74		
1345	6.7250	-8	71		
1346	6.7300	-7	69		
1347	6.7350	-6	66		
1348	6.7400	-4	63		
1349	6.7450	-3	61		
1350	6.7500	-1	58		
1351	6.7550	0	55		
1352	6.7600	2	52		
1353	6.7650	4	49		
1354	6.7700	6	46		
1355	6.7750	7	42		
1356	6.7800	9	39		
1357	6.7850	11	36		
1358	6.7900	13	33		
1359	6.7950	14	29		
1360	6.8000	16	26		
1361	6.8050	18	22		
1362	6.8100	20	19		
1363	6.8150	22	16		
1364	6.8200	24	12		
1365	6.8250	26	9		
1366	6.8300	28	6		
1367	6.8350	29	2		
1368	6.8400	31	-1		
1369	6.8450	32	-4		
1370	6.8500	34	-7		
1371	6.8550	36	-10		
1372	6.8600	37	-14		
1373	6.8650	39	-17		
1374	6.8700	40	-20		
1375	6.8750	42	-22		
1376	6.8800	43	-25		
1377	6.8850	44	-28		
1378	6.8900	45	-31		
1379	6.8950	46	-33		
1380	6.9000	47	-36		
1381	6.9050	48	-39		
1382	6.9100	49	-41		
1383	6.9150	50	-43		
1384	6.9200	50	-45		
1385	6.9250	50	-47		
1386	6.9300	51	-49		
1387	6.9350	51	-51		
1388	6.9400	52	-53		
1389	6.9450	52	-54		
1390	6.9500	52	-56		
1391	6.9550	51	-57		
1392	6.9600	51	-58		
1393	6.9650	51	-59		
1394	6.9700	50	-60		
1395	6.9750	50	-61		
1396	6.9800	49	-62		
1397	6.9850	48	-62		
1398	6.9900	48	-63		
1399	6.9950	46	-63		
1400	7.0000	45	-63		
1401	7.0050	44	-63		
1402	7.0100	42	-63		
1403	7.0150	41	-63		
1404	7.0200	40	-63		
1405	7.0250	38	-62		
1406	7.0300	36	-62		
1407	7.0350	34	-61		
1408	7.0400	32	-60		
1409	7.0450	30	-59		
1410	7.0500	28	-58		
1411	7.0550	26	-57		
1412	7.0600	24	-56		
1413	7.0650	22	-55		
1414	7.0700	20	-53		
1415	7.0750	17	-52		
1416	7.0800	14	-50		
1417	7.0850	12	-48		
1418	7.0900	10	-47		
1419	7.0950	7	-45		
1420	7.1000	4	-43		
1421	7.1050	2	-41		
1422	7.1100	-1	-39		
1423	7.1150	-4	-36		
1424	7.1200	-7	-34		
1425	7.1250	-10	-32		
1426	7.1300	-12	-30		
1427	7.1350	-15	-27		
1428	7.1400	-18	-25		
1429	7.1450	-21	-23		
1430	7.1500	-24	-20		
1431	7.1550	-26	-18		
1432	7.1600	-29	-15		
1433	7.1650	-32	-13		
1434	7.1700	-34	-10		
1435	7.1750	-37	-8		
1436	7.1800	-40	-6		
1437	7.1850	-42	-3		
1438	7.1900	-44	-1		
1439	7.1950	-47	2		
1440	7.2000	-49	4		
1441	7.2050	-52	6		
1442	7.2100	-54	9		
1443	7.2150	-56	11		
1444	7.2200	-58	13		
1445	7.2250	-60	15		
1446	7.2300	-62	17		
1447	7.2350	-64	19		
1448	7.2400	-65	21		
1449	7.2450	-66	23		
1450	7.2500	-68	25		
1451	7.2550	-69	27		
1452	7.2600	-70	28		
1453	7.2650	-72	30		
1454	7.2700	-72	31		
1455	7.2750	-74	33		
1456	7.2800	-74	34		
1457	7.2850	-75	35		
1458	7.2900	-75	36		
1459	7.2950	-76	37		
1460	7.3000	-76	38		
1461	7.3050	-76	39		
1462	7.3100	-76	40		
1463	7.3150	-76	40		
1464	7.3200	-75	41		
1465	7.3250	-75	41		
1466	7.3300	-74	42		
1467	7.3350	-74	42		
1468	7.3400	-72	42		
1469	7.3450	-72	42		
1470	7.3500	-70	42		
1471	7.3550	-69	41		
1472	7.3600	-68	41		
1473	7.3650	-66	41		
1474	7.3700	-65	40		
1475	7.3750	-63	40		
1476	7.3800	-61	39		
1477	7.3850	-59	38		
1478	7.3900	-57	37		
1479	7.3950	-55	36		
1480	7.4000	-53	35		
1481	7.4050	-50	34		
1482	7.4100	-48	32		
1483	7.4150	-45	31		
1484	7.4200	-42	30		
1485	7.4250	-40	28		
1486	7.4300	-37	27		
1487	7.4350	-34	25		
1488	7.4400	-32	24		
1489	7.4450	-28	22		
1490	7.4500	-26	20		
1491	7.4550	-22	19		
1492	7.4600	-19	17		
1493	7.4650	-16	15		
1494	7.4700	-13	13		
1495	7.4750	-10	11		
1496	7.4800	-6	10		
1497	7.4850	-3	8		
1498	7.4900	0	6		
1499	7.4950	4	4		
1500	7.5000	7	2		
1501	7.5050	10	0		
1502	7.5100	14	-2		
1503	7.5150	17	-4		
1504	7.5200	20	-6		
1505	7.5250	23	-7		
1506	7.5300	26	-9		
1507	7.5350	30	-11		
1508	7.5400	32	-13		
1509	7.5450	36	-14		
1510	7.5500	38	-16		
1511	7.5550	42	-17		
1512	7.5600	44	-19		
1513	7.5650	47	-20		
1514	7.5700	50	-21		
1515	7.5750	52	-23		
1516	7.5800	55	-24		
1517	7.5850	58	-25		
1518	7.5900	60	-26		
1519	7.5950	62	-27		
1520	7.6000	64	-28		
1521	7.6050	66	-28		
1522	7.6100	68	-29		
1523	7.6150	70	-29		
1524	7.6200	72	-30		
1525	7.6250	74	-30		
1526	7.6300	75	-30		
1527	7.6350	77	-30		
1528	7.6400	78	-30		
1529	7.6450	79	-30		
1530	7.6500	80	-30		
1531	7.6550	81	-30		
1532	7.6600	82	-29		
1533	7.6650	82	-29		
1534	7.6700	83	-28		
1535	7.6750	84	-27		
1536	7.6800	84	-26		
1537	7.6850	84	-26		
1538	7.6900	84	-24		
1539	7.6950	84	-23		
1540	7.7000	84	-22		
1541	7.7050	84	-20		
1542	7.7100	83	-19		
1543	7.7150	82	-17		
1544	7.7200	82	-16		
1545	7.7250	81	-14		
1546	7.7300	80	-12		
1547	7.7350	79	-10		
1548	7.7400	78	-8		
1549	7.7450	77	-6		
1550	7.7500	76	-3		
1551	7.7550	74	-1		
1552	7.7600	72	1		
1553	7.7650	71	4		
1554	7.7700	70	6		
1555	7.7750	68	9		
1556	7.7800	66	12		
1557	7.7850	64	14		
1558	7.7900	62	17		
1559	7.7950	60	20		
1560	7.8000	58	22		
1561	7.8050	56	25		
1562	7.8100	54	28		
1563	7.8150	51	31		
1564	7.8200	49	34		
1565	7.8250	47	37		
1566	7.8300	44	39		
1567	7.8350	42	42		
1568	7.8400	40	45		
1569	7.8450	38	48		
1570	7.8500	35	51		
1571	7.8550	33	54		
1572	7.8600	30	56		
1573	7.8650	28	59		
1574	7.8700	26	62		
1575	7.8750	24	64		
1576	7.8800	22	67		
1577	7.8850	19	69		
1578	7.8900	17	72		
1579	7.8950	15	74		
1580	7.9000	13	76		
1581	7.9050	10	78		
1582	7.9100	8	81		
1583	7.9150	6	83		
1584	7.9200	4	84		
1585	7.9250	3	86		
1586	7.9300	1	88		
1587	7.9350	-1	90		
1588	7.9400	-2	91		
1589	7.9450	-4	92		
1590	7.9500	-5	94		
1591	7.9550	-6	95		
1592	7.9600	-8	96		
1593	7.9650	-9	97		
1594	7.9700	-10	98		
1595	7.9750	-11	98		
1596	7.9800	-12	99		
1597	7.9850	-13	99		
1598	7.9900	-14	100		
1599	7.9950	-14	100		
1600	8.0000	-14	100		
1601	8.0050	-15	100		
1602	8.0100	-15	100		
1603	8.0150	-16	99		
1604	8.0200	-16	99		
1605	8.0250	-16	98		
1606	8.0300	-16	97		
1607	8.0350	-15	96		
1608	8.0400	-15	95		
1609	8.0450	-14	94		
1610	8.0500	-14	93		
1611	8.0550	-13	92		
1612	8.0600	-13	90		
1613	8.0650	-12	88		
1614	8.0700	-11	87		
1615	8.0750	-10	85		
1616	8.0800	-9	83		
1617	8.0850	-8	81		
1618	8.0900	-7	78		
1619	8.0950	-6	76		
1620	8.1000	-4	74		
1621	8.1050	-3	71		
1622	8.1100	-1	68		
1623	8.1150	0	66		
1624	8.1200	2	63		
1625	8.1250	4	60		
1626	8.1300	5	58		
1627	8.1350	7	55		
1628	8.1400	8	52		
1629	8.1450	10	49		
1630	8.1500	12	46		
1631	8.1550	14	42		
1632	8.1600	16	39		
1633	8.1650	18	36		
1634	8.1700	20	33		
1635	8.1750	21	30		
1636	8.1800	23	26		
1637	8.1850	25	23		
1638	8.1900	27	20		
1639	8.1950	29	16		
1640	8.2000	30	13		
1641	8.2050	32	10		
1642	8.2100	34	6		
1643	8.2150	36	3		
1644	8.2200	37	0		
1645	8.2250	39	-3		
1646	8.2300	40	-6		
1647	8.2350	42	-9		
1648	8.2400	44	-12		
1649	8.2450	45	-15		
1650	8.2500	46	-18		
1651	8.2550	48	-21		
1652	8.2600	48	-23		
1653	8.2650	50	-26		
1654	8.2700	50	-28		
1655	8.2750	52	-31		
1656	8.2800	52	-33		
1657	8.2850	53	-36		
1658	8.2900	54	-38		
1659	8.2950	54	-40		
1660	8.3000	55	-42		
1661	8.3050	55	-44		
1662	8.3100	55	-46		
1663	8.3150	55	-48		
1664	8.3200	55	-49		
1665	8.3250	55	-50		
1666	8.3300	55	-52		
1667	8.3350	55	-53		
1668	8.3400	54	-54		
1669	8.3450	54	-55		
1670	8.3500	53	-56		
1671	8.3550	52	-56		
1672	8.3600	52	-57		
1673	8.3650	50	-58		
1674	8.3700	50	-58		
1675	8.3750	48	-58		
1676	8.3800	47	-58		
1677	8.3850	46	-58		
1678	8.3900	44	-58		
1679	8.3950	43	-58		
1680	8.4000	41	-57		
1681	8.4050	39	-57		
1682	8.4100	37	-56		
1683	8.4150	35	-55		
1684	8.4200	33	-55		
1685	8.4250	31	-54		
1686	8.4300	29	-52		
1687	8.4350	26	-51		
1688	8.4400	24	-50		
1689	8.4450	22	-49		
1690	8.4500	19	-47		
1691	8.4550	17	-46		
1692	8.4600	14	-44		
1693	8.4650	12	-42		
1694	8.4700	9	-41		
1695	8.4750	6	-39		
1696	8.4800	4	-37		
1697	8.4850	1	-35		
1698	8.4900	-2	-33		
1699	8.4950	-5	-31		
1700	8.5000	-8	-29		
1701	8.5050	-11	-26		
1702	8.5100	-14	-24		
1703	8.5150	-16	-22		
1704	8.5200	-19	-20		
1705	8.5250	-22	-18		
1706	8.5300	-25	-15		
1707	8.5350	-28	-13		
1708	8.5400	-30	-11		
1709	8.5450	-33	-8		
1710	8.5500	-36	-6		
1711	8.5550	-38	-4		
1712	8.5600	-41	-2		
1713	8.5650	-44	1		
1714	8.5700	-46	3		
1715	8.5750	-48	5		
1716	8.5800	-51	7		
1717	8.5850	-53	10		
1718	8.5900	-55	12		
1719	8.5950	-57	14		
1720	8.6000	-59	16		
1721	8.6050	-61	18		
1722	8.6100	-63	20		
1723	8.6150	-64	21		
1724	8.6200	-66	23		
1725	8.6250	-68	25		
1726	8.6300	-69	26		
1727	8.6350	-70	28		
1728	8.6400	-72	29		
1729	8.6450	-72	30		
1730	8.6500	-73	32		
1731	8.6550	-74	33		
1732	8.6600	-75	34		
1733	8.6650	-75	35		
1734	8.6700	-76	36		
1735	8.6750	-76	36		
1736	8.6800	-76	37		
1737	8.6850	-76	38		
1738	8.6900	-76	38		
1739	8.6950	-76	38		
1740	8.7000	-76	39		
1741	8.7050	-75	39		
1742	8.7100	-74	39		
1743	8.7150	-74	39		
1744	8.7200	-72	39		
1745	8.7250	-72	39		
1746	8.7300	-70	38		
1747	8.7350	-69	38		
1748	8.7400	-68	37		
1749	8.7450	-66	37		
1750	8.7500	-64	36		
1751	8.7550	-62	35		
1752	8.7600	-61	34		
1753	8.7650	-59	33		
1754	8.7700	-57	32		
1755	8.7750	-54	31		
1756	8.7800	-52	30		
1757	8.7850	-50	28		
1758	8.7900	-48	27		
1759	8.7950	-45	26		
1760	8.8000	-42	24		
1761	8.8050	-40	22		
1762	8.8100	-37	21		
1763	8.8150	-34	19		
1764	8.8200	-31	18		
1765	8.8250	-28	16		
1766	8.8300	-25	14		
1767	8.8350	-22	12		
1768	8.8400	-19	10		
1769	8.8450	-16	9		
1770	8.8500	-13	7		
1771	8.8550	-10	5		
1772	8.8600	-6	3		
1773	8.8650	-3	1		
1774	8.8700	0	-1		
1775	8.8750	3	-3		
1776	8.8800	6	-5		
1777	8.8850	10	-6		
1778	8.8900	13	-8		
1779	8.8950	16	-10		
1780	8.9000	19	-12		
1781	8.9050	22	-14		
1782	8.9100	26	-16		
1783	8.9150	28	-17		
1784	8.9200	31	-19		
1785	8.9250	34	-20		
1786	8.9300	37	-22		
1787	8.9350	40	-23		
1788	8.9400	42	-24		
1789	8.9450	45	-26		
1790	8.9500	48	-27		
1791	8.9550	50	-28		
1792	8.9600	53	-29		
1793	8.9650	55	-30		
1794	8.9700	57	-31		
1795	8.9750	59	-32		
1796	8.9800	61	-32		
1797	8.9850	63	-33		
1798	8.9900	65	-33		
1799	8.9950	67	-34		
1800	9.0000	68	-34		
1801	9.0050	70	-34		
1802	9.0100	72	-34		
1803	9.0150	73	-34		
1804	9.0200	74	-34		
1805	9.0250	75	-34		
1806	9.0300	76	-33		
1807	9.0350	76	-33		
1808	9.0400	77	-32		
1809	9.0450	78	-32		
1810	9.0500	78	-31		
1811	9.0550	78	-30		
1812	9.0600	79	-29		
1813	9.0650	79	-28		
1814	9.0700	79	-26		
1815	9.0750	78	-25		
1816	9.0800	78	-23		
1817	9.0850	78	-22		
1818	9.0900	78	-20		
1819	9.0950	77	-18		
1820	9.1000	76	-16		
1821	9.1050	75	-14		
1822	9.1100	74	-12		
1823	9.1150	73	-10		
1824	9.1200	72	-8		
1825	9.1250	71	-6		
1826	9.1300	70	-3		
1827	9.1350	68	-1		
1828	9.1400	66	2		
1829	9.1450	65	4		
1830	9.1500	64	7		
1831	9.1550	62	10		
1832	9.1600	60	12		
1833	9.1650	58	15		
1834	9.1700	56	18		
1835	9.1750	54	20		
1836	9.1800	52	23		
1837	9.1850	50	26		
1838	9.1900	48	29		
1839	9.1950	46	32		
1840	9.2000	44	35		
1841	9.2050	42	38		
1842	9.2100	39	41		
1843	9.2150	37	44		
1844	9.2200	35	47		
1845	9.2250	32	49		
1846	9.2300	30	52		
1847	9.2350	28	55		
1848	9.2400	26	58		
1849	9.2450	24	60		
1850	9.2500	22	63		
1851	9.2550	20	66		
1852	9.2600	18	68		
1853	9.2650	16	70		
1854	9.2700	14	73		
1855	9.2750	12	75		
1856	9.2800	10	77		
1857	9.2850	8	80		
1858	9.2900	6	82		
1859	9.2950	4	84		
1860	9.3000	2	86		
1861	9.3050	1	87		
1862	9.3100	0	89		
1863	9.3150	-2	91		
1864	9.3200	-4	92		
1865	9.3250	-5	93		
1866	9.3300	-6	95		
1867	9.3350	-7	96		
1868	9.3400	-8	97		
1869	9.3450	-9	98		
1870	9.3500	-10	98		
1871	9.3550	-10	99		
1872	9.3600	-11	99		
1873	9.3650	-12	100		
1874	9.3700	-12	100		
1875	9.3750	-12	100		
1876	9.3800	-13	100		
1877	9.3850	-13	100		
1878	9.3900	-13	100		
1879	9.3950	-13	99		
1880	9.4000	-13	98		
1881	9.4050	-13	98		
1882	9.4100	-12	97		
1883	9.4150	-12	96		
1884	9.4200	-12	95		
1885	9.4250	-11	94		
1886	9.4300	-10	92		
1887	9.4350	-9	91		
1888	9.4400	-8	89		
1889	9.4450	-8	88		
1890	9.4500	-6	86		
1891	9.4550	-6	84		
1892	9.4600	-4	82		
1893	9.4650	-3	80		
1894	9.4700	-2	78		
1895	9.4750	0	75		
1896	9.4800	1	73		
1897	9.4850	3	70		
1898	9.4900	4	68		
1899	9.4950	6	65		
1900	9.5000	8	63		
1901	9.5050	10	60		
1902	9.5100	11	57		
1903	9.5150	13	54		
1904	9.5200	15	51		
1905	9.5250	16	48		
1906	9.5300	18	45		
1907	9.5350	20	42		
1908	9.5400	22	39		
1909	9.5450	24	36		
1910	9.5500	26	32		
1911	9.5550	28	29		
1912	9.5600	30	26		
1913	9.5650	32	23		
1914	9.5700	33	20		
1915	9.5750	35	17		
1916	9.5800	37	14		
1917	9.5850	38	10		
1918	9.5900	40	7		
1919	9.5950	42	4		
1920	9.6000	43	1		
1921	9.6050	45	-2		
1922	9.6100	46	-5		
1923	9.6150	48	-8		
1924	9.6200	49	-11		
1925	9.6250	50	-14		
1926	9.6300	52	-16		
1927	9.6350	53	-19		
1928	9.6400	54	-22		
1929	9.6450	55	-24		
1930	9.6500	56	-26		
1931	9.6550	56	-29		
1932	9.6600	57	-31		
1933	9.6650	58	-33		
1934	9.6700	58	-35		
1935	9.6750	58	-37		
1936	9.6800	59	-39		
1937	9.6850	59	-41		
1938	9.6900	59	-42		
1939	9.6950	59	-44		
1940	9.7000	59	-45		
1941	9.7050	59	-47		
1942	9.7100	58	-48		
1943	9.7150	58	-49		
1944	9.7200	57	-50		
1945	9.7250	56	-51		
1946	9.7300	56	-51		
1947	9.7350	55	-52		
1948	9.7400	54	-52		
1949	9.7450	53	-53		
1950	9.7500	52	-53		
1951	9.7550	50	-53		
1952	9.7600	49	-53		
1953	9.7650	47	-53		
1954	9.7700	46	-53		
1955	9.7750	44	-52		
1956	9.7800	42	-52		
1957	9.7850	40	-51		
1958	9.7900	38	-50		
1959	9.7950	36	-50		
1960	9.8000	34	-49		
1961	9.8050	31	-48		
1962	9.8100	29	-47		
1963	9.8150	26	-45		
1964	9.8200	24	-44		
1965	9.8250	22	-43		
1966	9.8300	19	-41		
1967	9.8350	16	-40		
1968	9.8400	14	-38		
1969	9.8450	11	-36		
1970	9.8500	8	-35		
1971	9.8550	6	-33		
1972	9.8600	2	-31		
1973	9.8650	0	-29		
1974	9.8700	-3	-27		
1975	9.8750	-6	-25		
1976	9.8800	-9	-23		
1977	9.8850	-12	-21		
1978	9.8900	-14	-19		
1979	9.8950	-18	-17		
1980	9.9000	-20	-15		
1981	9.9050	-24	-12		
1982	9.9100	-26	-10		
1983	9.9150	-29	-8		
1984	9.9200	-32	-6		
1985	9.9250	-34	-4		
1986	9.9300	-37	-2		
1987	9.9350	-40	1		
1988	9.9400	-42	3		
1989	9.9450	-45	5		
1990	9.9500	-47	7		
1991	9.9550	-50	9		
1992	9.9600	-52	11		
1993	9.9650	-54	13		
1994	9.9700	-56	15		
1995	9.9750	-58	16		
1996	9.9800	-60	18		
1997	9.9850	-62	20		
1998	9.9900	-64	22		
1999	9.9950	-65	23		
2000	10.0000	-67	25		
