#	time(s)	count A	count B	count C	count D
1	0.0050	-72	-20		
2	0.0100	-72	-21		
3	0.0150	-72	-22		
4	0.0200	-71	-22		
5	0.0250	-70	-23		
6	0.0300	-70	-24		
7	0.0350	-69	-25		
8	0.0400	-68	-26		
9	0.0450	-67	-26		
10	0.0500	-66	-27		
11	0.0550	-65	-28		
12	0.0600	-64	-29		
13	0.0650	-63	-30		
14	0.0700	-62	-31		
15	0.0750	-60	-31		
16	0.0800	-59	-32		
17	0.0850	-58	-33		
18	0.0900	-56	-34		
19	0.0950	-54	-35		
20	0.1000	-53	-36		
21	0.1050	-51	-36		
22	0.1100	-50	-37		
23	0.1150	-48	-38		
24	0.1200	-46	-39		
25	0.1250	-44	-40		
26	0.1300	-43	-40		
27	0.1350	-41	-41		
28	0.1400	-39	-42		
29	0.1450	-37	-42		
30	0.1500	-36	-43		
31	0.1550	-34	-43		
32	0.1600	-32	-44		
33	0.1650	-30	-44		
34	0.1700	-28	-45		
35	0.1750	-26	-45		
36	0.1800	-24	-46		
37	0.1850	-22	-46		
38	0.1900	-20	-46		
39	0.1950	-18	-46		
40	0.2000	-17	-47		
41	0.2050	-15	-47		
42	0.2100	-13	-47		
43	0.2150	-11	-47		
44	0.2200	-9	-47		
45	0.2250	-8	-47		
46	0.2300	-6	-46		
47	0.2350	-4	-46		
48	0.2400	-2	-46		
49	0.2450	0	-45		
50	0.2500	1	-45		
51	0.2550	3	-44		
52	0.2600	4	-44		
53	0.2650	6	-43		
54	0.2700	7	-42		
55	0.2750	9	-42		
56	0.2800	10	-41		
57	0.2850	12	-40		
58	0.2900	13	-39		
59	0.2950	14	-38		
60	0.3000	16	-37		
61	0.3050	16	-35		
62	0.3100	18	-34		
63	0.3150	19	-33		
64	0.3200	20	-31		
65	0.3250	21	-30		
66	0.3300	22	-28		
67	0.3350	23	-27		
68	0.3400	24	-25		
69	0.3450	24	-23		
70	0.3500	25	-22		
71	0.3550	26	-20		
72	0.3600	27	-18		
73	0.3650	28	-16		
74	0.3700	28	-14		
75	0.3750	28	-12		
76	0.3800	29	-10		
77	0.3850	30	-8		
78	0.3900	30	-6		
79	0.3950	30	-4		
80	0.4000	31	-1		
81	0.4050	31	1		
82	0.4100	32	4		
83	0.4150	32	6		
84	0.4200	32	8		
85	0.4250	32	11		
86	0.4300	32	13		
87	0.4350	32	15		
88	0.4400	32	18		
89	0.4450	33	20		
90	0.4500	33	23		
91	0.4550	33	25		
92	0.4600	33	28		
93	0.4650	33	30		
94	0.4700	33	32		
95	0.4750	33	35		
96	0.4800	33	37		
97	0.4850	33	40		
98	0.4900	33	42		
99	0.4950	33	45		
100	0.5000	33	47		
101	0.5050	33	50		
102	0.5100	33	52		
103	0.5150	33	54		
104	0.5200	33	56		
105	0.5250	33	58		
106	0.5300	33	61		
107	0.5350	33	63		
108	0.5400	33	65		
109	0.5450	33	67		
110	0.5500	33	69		
111	0.5550	33	71		
112	0.5600	33	72		
113	0.5650	33	74		
114	0.5700	33	76		
115	0.5750	34	78		
116	0.5800	34	79		
117	0.5850	34	81		
118	0.5900	34	82		
119	0.5950	34	84		
120	0.6000	34	85		
121	0.6050	35	86		
122	0.6100	35	87		
123	0.6150	36	88		
124	0.6200	36	90		
125	0.6250	36	90		
126	0.6300	37	91		
127	0.6350	38	92		
128	0.6400	38	93		
129	0.6450	38	93		
130	0.6500	39	94		
131	0.6550	40	94		
132	0.6600	40	95		
133	0.6650	41	95		
134	0.6700	42	95		
135	0.6750	42	95		
136	0.6800	43	95		
137	0.6850	44	95		
138	0.6900	44	95		
139	0.6950	45	95		
140	0.7000	46	94		
141	0.7050	47	94		
142	0.7100	48	94		
143	0.7150	48	93		
144	0.7200	50	92		
145	0.7250	50	92		
146	0.7300	51	91		
147	0.7350	52	90		
148	0.7400	53	89		
149	0.7450	54	88		
150	0.7500	55	87		
151	0.7550	56	86		
152	0.7600	57	85		
153	0.7650	58	84		
154	0.7700	58	83		
155	0.7750	60	81		
156	0.7800	60	80		
157	0.7850	61	78		
158	0.7900	62	77		
159	0.7950	63	76		
160	0.8000	64	74		
161	0.8050	65	72		
162	0.8100	66	71		
163	0.8150	66	69		
164	0.8200	67	67		
165	0.8250	68	66		
166	0.8300	68	64		
167	0.8350	69	62		
168	0.8400	70	60		
169	0.8450	70	59		
170	0.8500	71	57		
171	0.8550	71	55		
172	0.8600	72	53		
173	0.8650	72	51		
174	0.8700	72	50		
175	0.8750	73	48		
176	0.8800	73	46		
177	0.8850	73	44		
178	0.8900	73	42		
179	0.8950	73	41		
180	0.9000	73	39		
181	0.9050	73	37		
182	0.9100	73	35		
183	0.9150	73	34		
184	0.9200	73	32		
185	0.9250	72	30		
186	0.9300	72	29		
187	0.9350	72	27		
188	0.9400	71	26		
189	0.9450	70	24		
190	0.9500	70	22		
191	0.9550	69	21		
192	0.9600	68	20		
193	0.9650	68	18		
194	0.9700	66	17		
195	0.9750	66	15		
196	0.9800	64	14		
197	0.9850	63	13		
198	0.9900	62	12		
199	0.9950	61	11		
200	1.0000	60	10		
201	1.0050	58	8		
202	1.0100	56	7		
203	1.0150	55	6		
204	1.0200	53	6		
205	1.0250	52	5		
206	1.0300	50	4		
207	1.0350	48	3		
208	1.0400	46	2		
209	1.0450	44	2		
210	1.0500	42	1		
211	1.0550	40	0		
212	1.0600	38	0		
213	1.0650	36	-1		
214	1.0700	34	-1		
215	1.0750	32	-2		
216	1.0800	30	-2		
217	1.0850	28	-3		
218	1.0900	25	-3		
219	1.0950	23	-3		
220	1.1000	21	-4		
221	1.1050	18	-4		
222	1.1100	16	-4		
223	1.1150	13	-4		
224	1.1200	11	-4		
225	1.1250	8	-4		
226	1.1300	6	-5		
227	1.1350	4	-5		
228	1.1400	1	-5		
229	1.1450	-2	-5		
230	1.1500	-4	-5		
231	1.1550	-6	-5		
232	1.1600	-9	-5		
233	1.1650	-11	-5		
234	1.1700	-14	-5		
235	1.1750	-16	-5		
236	1.1800	-18	-5		
237	1.1850	-21	-5		
238	1.1900	-23	-5		
239	1.1950	-26	-5		
240	1.2000	-28	-5		
241	1.2050	-30	-5		
242	1.2100	-32	-5		
243	1.2150	-34	-5		
244	1.2200	-37	-5		
245	1.2250	-39	-5		
246	1.2300	-41	-5		
247	1.2350	-43	-5		
248	1.2400	-45	-5		
249	1.2450	-46	-5		
250	1.2500	-48	-6		
251	1.2550	-50	-6		
252	1.2600	-52	-6		
253	1.2650	-54	-6		
254	1.2700	-55	-6		
255	1.2750	-56	-6		
256	1.2800	-58	-7		
257	1.2850	-59	-7		
258	1.2900	-60	-7		
259	1.2950	-62	-8		
260	1.3000	-63	-8		
261	1.3050	-64	-9		
262	1.3100	-65	-9		
263	1.3150	-66	-10		
264	1.3200	-66	-10		
265	1.3250	-67	-11		
266	1.3300	-68	-11		
267	1.3350	-68	-12		
268	1.3400	-69	-12		
269	1.3450	-69	-13		
270	1.3500	-70	-14		
271	1.3550	-70	-14		
272	1.3600	-70	-15		
273	1.3650	-70	-16		
274	1.3700	-70	-17		
275	1.3750	-70	-18		
276	1.3800	-70	-18		
277	1.3850	-70	-19		
278	1.3900	-69	-20		
279	1.3950	-69	-21		
280	1.4000	-68	-22		
281	1.4050	-68	-23		
282	1.4100	-67	-24		
283	1.4150	-66	-25		
284	1.4200	-66	-26		
285	1.4250	-65	-27		
286	1.4300	-64	-28		
287	1.4350	-63	-29		
288	1.4400	-62	-30		
289	1.4450	-61	-31		
290	1.4500	-60	-32		
291	1.4550	-59	-33		
292	1.4600	-58	-34		
293	1.4650	-56	-35		
294	1.4700	-55	-36		
295	1.4750	-54	-37		
296	1.4800	-52	-38		
297	1.4850	-50	-39		
298	1.4900	-49	-40		
299	1.4950	-48	-41		
300	1.5000	-46	-42		
301	1.5050	-44	-43		
302	1.5100	-43	-44		
303	1.5150	-41	-44		
304	1.5200	-40	-45		
305	1.5250	-38	-46		
306	1.5300	-36	-47		
307	1.5350	-34	-47		
308	1.5400	-33	-48		
309	1.5450	-31	-48		
310	1.5500	-30	-49		
311	1.5550	-28	-50		
312	1.5600	-26	-50		
313	1.5650	-24	-50		
314	1.5700	-22	-51		
315	1.5750	-21	-51		
316	1.5800	-19	-51		
317	1.5850	-18	-51		
318	1.5900	-16	-51		
319	1.5950	-14	-52		
320	1.6000	-12	-52		
321	1.6050	-11	-51		
322	1.6100	-9	-51		
323	1.6150	-8	-51		
324	1.6200	-6	-51		
325	1.6250	-5	-50		
326	1.6300	-3	-50		
327	1.6350	-2	-49		
328	1.6400	0	-49		
329	1.6450	1	-48		
330	1.6500	2	-48		
331	1.6550	4	-47		
332	1.6600	5	-46		
333	1.6650	6	-45		
334	1.6700	7	-44		
335	1.6750	8	-43		
336	1.6800	10	-42		
337	1.6850	10	-41		
338	1.6900	12	-39		
339	1.6950	12	-38		
340	1.7000	14	-37		
341	1.7050	14	-35		
342	1.7100	15	-33		
343	1.7150	16	-32		
344	1.7200	17	-30		
345	1.7250	18	-28		
346	1.7300	18	-27		
347	1.7350	19	-25		
348	1.7400	19	-23		
349	1.7450	20	-21		
350	1.7500	20	-19		
351	1.7550	21	-17		
352	1.7600	22	-15		
353	1.7650	22	-13		
354	1.7700	22	-10		
355	1.7750	22	-8		
356	1.7800	23	-6		
357	1.7850	23	-4		
358	1.7900	24	-1		
359	1.7950	24	1		
360	1.8000	24	3		
361	1.8050	24	6		
362	1.8100	24	8		
363	1.8150	24	11		
364	1.8200	24	13		
365	1.8250	24	16		
366	1.8300	25	18		
367	1.8350	25	21		
368	1.8400	25	23		
369	1.8450	25	26		
370	1.8500	25	28		
371	1.8550	25	30		
372	1.8600	25	33		
373	1.8650	25	35		
374	1.8700	25	38		
375	1.8750	25	40		
376	1.8800	25	43		
377	1.8850	26	45		
378	1.8900	26	47		
379	1.8950	26	50		
380	1.9000	26	52		
381	1.9050	26	54		
382	1.9100	26	56		
383	1.9150	26	58		
384	1.9200	26	60		
385	1.9250	26	62		
386	1.9300	26	64		
387	1.9350	27	66		
388	1.9400	27	68		
389	1.9450	27	70		
390	1.9500	28	72		
391	1.9550	28	73		
392	1.9600	28	75		
393	1.9650	28	76		
394	1.9700	29	78		
395	1.9750	30	79		
396	1.9800	30	81		
397	1.9850	30	82		
398	1.9900	31	83		
399	1.9950	32	84		
400	2.0000	32	85		
401	2.0050	33	86		
402	2.0100	34	87		
403	2.0150	34	88		
404	2.0200	35	89		
405	2.0250	36	89		
406	2.0300	36	90		
407	2.0350	37	90		
408	2.0400	38	91		
409	2.0450	39	91		
410	2.0500	40	91		
411	2.0550	40	91		
412	2.0600	41	92		
413	2.0650	42	92		
414	2.0700	43	92		
415	2.0750	44	91		
416	2.0800	45	91		
417	2.0850	46	91		
418	2.0900	47	90		
419	2.0950	48	90		
420	2.1000	50	89		
421	2.1050	50	89		
422	2.1100	52	88		
423	2.1150	53	88		
424	2.1200	54	87		
425	2.1250	55	86		
426	2.1300	56	85		
427	2.1350	57	84		
428	2.1400	58	83		
429	2.1450	59	82		
430	2.1500	60	81		
431	2.1550	62	80		
432	2.1600	62	78		
433	2.1650	64	77		
434	2.1700	64	76		
435	2.1750	66	74		
436	2.1800	66	73		
437	2.1850	68	71		
438	2.1900	68	70		
439	2.1950	69	68		
440	2.2000	70	67		
441	2.2050	71	65		
442	2.2100	72	64		
443	2.2150	72	62		
444	2.2200	73	61		
445	2.2250	74	59		
446	2.2300	74	57		
447	2.2350	75	56		
448	2.2400	76	54		
449	2.2450	76	53		
450	2.2500	76	51		
451	2.2550	77	49		
452	2.2600	77	48		
453	2.2650	77	46		
454	2.2700	78	44		
455	2.2750	78	43		
456	2.2800	78	41		
457	2.2850	78	40		
458	2.2900	78	38		
459	2.2950	78	37		
460	2.3000	77	35		
461	2.3050	77	34		
462	2.3100	76	32		
463	2.3150	76	31		
464	2.3200	76	29		
465	2.3250	75	28		
466	2.3300	74	27		
467	2.3350	74	25		
468	2.3400	73	24		
469	2.3450	72	23		
470	2.3500	71	22		
471	2.3550	70	21		
472	2.3600	69	19		
473	2.3650	68	18		
474	2.3700	67	17		
475	2.3750	66	16		
476	2.3800	64	15		
477	2.3850	63	14		
478	2.3900	62	14		
479	2.3950	60	13		
480	2.4000	58	12		
481	2.4050	56	11		
482	2.4100	55	10		
483	2.4150	53	10		
484	2.4200	51	9		
485	2.4250	49	9		
486	2.4300	47	8		
487	2.4350	45	8		
488	2.4400	43	7		
489	2.4450	41	7		
490	2.4500	39	6		
491	2.4550	37	6		
492	2.4600	34	6		
493	2.4650	32	5		
494	2.4700	30	5		
495	2.4750	28	5		
496	2.4800	25	4		
497	2.4850	23	4		
498	2.4900	20	4		
499	2.4950	18	4		
500	2.5000	16	4		
501	2.5050	13	4		
502	2.5100	11	3		
503	2.5150	8	3		
504	2.5200	6	3		
505	2.5250	3	3		
506	2.5300	1	3		
507	2.5350	-2	3		
508	2.5400	-4	3		
509	2.5450	-6	3		
510	2.5500	-9	3		
511	2.5550	-12	3		
512	2.5600	-14	3		
513	2.5650	-16	3		
514	2.5700	-18	3		
515	2.5750	-21	3		
516	2.5800	-23	2		
517	2.5850	-26	2		
518	2.5900	-28	2		
519	2.5950	-30	2		
520	2.6000	-32	2		
521	2.6050	-34	2		
522	2.6100	-36	2		
523	2.6150	-38	2		
524	2.6200	-40	1		
525	2.6250	-42	1		
526	2.6300	-44	1		
527	2.6350	-46	0		
528	2.6400	-47	0		
529	2.6450	-49	0		
530	2.6500	-50	-1		
531	2.6550	-52	-1		
532	2.6600	-53	-1		
533	2.6650	-55	-2		
534	2.6700	-56	-2		
535	2.6750	-57	-3		
536	2.6800	-58	-4		
537	2.6850	-60	-4		
538	2.6900	-60	-5		
539	2.6950	-61	-5		
540	2.7000	-62	-6		
541	2.7050	-63	-7		
542	2.7100	-64	-8		
543	2.7150	-64	-8		
544	2.7200	-65	-9		
545	2.7250	-65	-10		
546	2.7300	-66	-11		
547	2.7350	-66	-12		
548	2.7400	-66	-13		
549	2.7450	-66	-14		
550	2.7500	-66	-15		
551	2.7550	-66	-16		
552	2.7600	-66	-17		
553	2.7650	-66	-18		
554	2.7700	-66	-19		
555	2.7750	-65	-20		
556	2.7800	-65	-21		
557	2.7850	-64	-22		
558	2.7900	-64	-23		
559	2.7950	-63	-25		
560	2.8000	-63	-26		
561	2.8050	-62	-27		
562	2.8100	-61	-28		
563	2.8150	-60	-29		
564	2.8200	-60	-31		
565	2.8250	-58	-32		
566	2.8300	-58	-33		
567	2.8350	-56	-34		
568	2.8400	-56	-35		
569	2.8450	-54	-36		
570	2.8500	-53	-38		
571	2.8550	-52	-39		
572	2.8600	-50	-40		
573	2.8650	-49	-41		
574	2.8700	-48	-42		
575	2.8750	-46	-43		
576	2.8800	-45	-44		
577	2.8850	-44	-45		
578	2.8900	-42	-46		
579	2.8950	-41	-47		
580	2.9000	-39	-48		
581	2.9050	-38	-49		
582	2.9100	-36	-50		
583	2.9150	-35	-50		
584	2.9200	-33	-51		
585	2.9250	-32	-52		
586	2.9300	-30	-52		
587	2.9350	-28	-53		
588	2.9400	-27	-54		
589	2.9450	-26	-54		
590	2.9500	-24	-54		
591	2.9550	-22	-55		
592	2.9600	-21	-55		
593	2.9650	-20	-55		
594	2.9700	-18	-55		
595	2.9750	-16	-55		
596	2.9800	-15	-56		
597	2.9850	-14	-56		
598	2.9900	-12	-55		
599	2.9950	-11	-55		
600	3.0000	-10	-55		
601	3.0050	-8	-55		
602	3.0100	-7	-54		
603	3.0150	-6	-54		
604	3.0200	-4	-53		
605	3.0250	-4	-53		
606	3.0300	-2	-52		
607	3.0350	-1	-51		
608	3.0400	0	-50		
609	3.0450	1	-49		
610	3.0500	2	-48		
611	3.0550	3	-47		
612	3.0600	4	-46		
613	3.0650	5	-45		
614	3.0700	6	-44		
615	3.0750	6	-42		
616	3.0800	7	-41		
617	3.0850	8	-40		
618	3.0900	9	-38		
619	3.0950	9	-36		
620	3.1000	10	-35		
621	3.1050	10	-33		
622	3.1100	11	-31		
623	3.1150	12	-29		
624	3.1200	12	-27		
625	3.1250	12	-26		
626	3.1300	13	-24		
627	3.1350	14	-21		
628	3.1400	14	-19		
629	3.1450	14	-17		
630	3.1500	14	-15		
631	3.1550	15	-13		
632	3.1600	15	-10		
633	3.1650	15	-8		
634	3.1700	16	-6		
635	3.1750	16	-4		
636	3.1800	16	-1		
637	3.1850	16	1		
638	3.1900	16	4		
639	3.1950	16	6		
640	3.2000	16	8		
641	3.2050	16	11		
642	3.2100	17	14		
643	3.2150	17	16		
644	3.2200	17	18		
645	3.2250	17	21		
646	3.2300	17	24		
647	3.2350	17	26		
648	3.2400	17	28		
649	3.2450	18	31		
650	3.2500	18	33		
651	3.2550	18	36		
652	3.2600	18	38		
653	3.2650	18	40		
654	3.2700	18	43		
655	3.2750	18	45		
656	3.2800	18	47		
657	3.2850	19	49		
658	3.2900	19	51		
659	3.2950	19	54		
660	3.3000	20	56		
661	3.3050	20	58		
662	3.3100	20	60		
663	3.3150	20	62		
664	3.3200	21	64		
665	3.3250	21	65		
666	3.3300	22	67		
667	3.3350	22	69		
668	3.3400	22	70		
669	3.3450	23	72		
670	3.3500	24	73		
671	3.3550	24	75		
672	3.3600	25	76		
673	3.3650	26	77		
674	3.3700	26	79		
675	3.3750	27	80		
676	3.3800	28	81		
677	3.3850	28	82		
678	3.3900	29	83		
679	3.3950	30	83		
680	3.4000	31	84		
681	3.4050	32	85		
682	3.4100	33	86		
683	3.4150	34	86		
684	3.4200	35	86		
685	3.4250	36	87		
686	3.4300	37	87		
687	3.4350	38	87		
688	3.4400	39	87		
689	3.4450	40	88		
690	3.4500	42	88		
691	3.4550	43	87		
692	3.4600	44	87		
693	3.4650	45	87		
694	3.4700	46	87		
695	3.4750	48	86		
696	3.4800	49	86		
697	3.4850	50	85		
698	3.4900	51	85		
699	3.4950	52	84		
700	3.5000	54	84		
701	3.5050	55	83		
702	3.5100	56	82		
703	3.5150	58	81		
704	3.5200	59	80		
705	3.5250	60	79		
706	3.5300	61	78		
707	3.5350	62	77		
708	3.5400	64	76		
709	3.5450	65	75		
710	3.5500	66	74		
711	3.5550	67	72		
712	3.5600	68	71		
713	3.5650	69	70		
714	3.5700	70	69		
715	3.5750	71	67		
716	3.5800	72	66		
717	3.5850	73	65		
718	3.5900	74	63		
719	3.5950	75	62		
720	3.6000	76	60		
721	3.6050	77	59		
722	3.6100	78	58		
723	3.6150	78	56		
724	3.6200	78	55		
725	3.6250	79	53		
726	3.6300	80	52		
727	3.6350	80	50		
728	3.6400	80	49		
729	3.6450	81	47		
730	3.6500	81	46		
731	3.6550	81	45		
732	3.6600	82	43		
733	3.6650	82	42		
734	3.6700	82	40		
735	3.6750	82	39		
736	3.6800	81	38		
737	3.6850	81	37		
738	3.6900	81	35		
739	3.6950	80	34		
740	3.7000	80	33		
741	3.7050	79	32		
742	3.7100	79	30		
743	3.7150	78	29		
744	3.7200	77	28		
745	3.7250	76	27		
746	3.7300	76	26		
747	3.7350	74	25		
748	3.7400	74	24		
749	3.7450	72	24		
750	3.7500	71	23		
751	3.7550	70	22		
752	3.7600	69	21		
753	3.7650	67	20		
754	3.7700	66	20		
755	3.7750	64	19		
756	3.7800	63	18		
757	3.7850	61	18		
758	3.7900	60	17		
759	3.7950	58	16		
760	3.8000	56	16		
761	3.8050	54	16		
762	3.8100	52	15		
763	3.8150	50	15		
764	3.8200	48	14		
765	3.8250	46	14		
766	3.8300	44	14		
767	3.8350	42	13		
768	3.8400	39	13		
769	3.8450	37	13		
770	3.8500	35	13		
771	3.8550	32	12		
772	3.8600	30	12		
773	3.8650	28	12		
774	3.8700	25	12		
775	3.8750	23	12		
776	3.8800	20	12		
777	3.8850	18	12		
778	3.8900	16	11		
779	3.8950	13	11		
780	3.9000	11	11		
781	3.9050	8	11		
782	3.9100	6	11		
783	3.9150	3	11		
784	3.9200	1	11		
785	3.9250	-2	11		
786	3.9300	-4	11		
787	3.9350	-6	11		
788	3.9400	-9	11		
789	3.9450	-11	10		
790	3.9500	-14	10		
791	3.9550	-16	10		
792	3.9600	-18	10		
793	3.9650	-20	10		
794	3.9700	-23	10		
795	3.9750	-25	10		
796	3.9800	-27	9		
797	3.9850	-29	9		
798	3.9900	-31	9		
799	3.9950	-33	8		
800	4.0000	-35	8		
801	4.0050	-37	8		
802	4.0100	-39	7		
803	4.0150	-40	7		
804	4.0200	-42	6		
805	4.0250	-44	6		
806	4.0300	-45	5		
807	4.0350	-47	5		
808	4.0400	-48	4		
809	4.0450	-50	4		
810	4.0500	-51	3		
811	4.0550	-52	2		
812	4.0600	-53	2		
813	4.0650	-54	1		
814	4.0700	-56	0		
815	4.0750	-56	-1		
816	4.0800	-57	-2		
817	4.0850	-58	-2		
818	4.0900	-59	-3		
819	4.0950	-59	-4		
820	4.1000	-60	-5		
821	4.1050	-60	-6		
822	4.1100	-61	-8		
823	4.1150	-61	-9		
824	4.1200	-61	-10		
825	4.1250	-62	-11		
826	4.1300	-62	-12		
827	4.1350	-62	-13		
828	4.1400	-62	-14		
829	4.1450	-62	-16		
830	4.1500	-61	-17		
831	4.1550	-61	-18		
832	4.1600	-61	-20		
833	4.1650	-60	-21		
834	4.1700	-60	-22		
835	4.1750	-60	-24		
836	4.1800	-59	-25		
837	4.1850	-58	-26		
838	4.1900	-58	-28		
839	4.1950	-57	-29		
840	4.2000	-56	-30		
841	4.2050	-55	-32		
842	4.2100	-54	-33		
843	4.2150	-54	-34		
844	4.2200	-52	-36		
845	4.2250	-52	-37		
846	4.2300	-50	-38		
847	4.2350	-50	-40		
848	4.2400	-48	-41		
849	4.2450	-47	-42		
850	4.2500	-46	-43		
851	4.2550	-45	-44		
852	4.2600	-44	-46		
853	4.2650	-42	-47		
854	4.2700	-41	-48		
855	4.2750	-40	-49		
856	4.2800	-38	-50		
857	4.2850	-37	-51		
858	4.2900	-36	-52		
859	4.2950	-34	-52		
860	4.3000	-33	-53		
861	4.3050	-32	-54		
862	4.3100	-30	-55		
863	4.3150	-29	-56		
864	4.3200	-28	-56		
865	4.3250	-26	-57		
866	4.3300	-25	-57		
867	4.3350	-24	-58		
868	4.3400	-22	-58		
869	4.3450	-21	-58		
870	4.3500	-20	-58		
871	4.3550	-18	-59		
872	4.3600	-18	-59		
873	4.3650	-16	-59		
874	4.3700	-15	-59		
875	4.3750	-14	-59		
876	4.3800	-12	-58		
877	4.3850	-12	-58		
878	4.3900	-10	-58		
879	4.3950	-9	-57		
880	4.4000	-8	-57		
881	4.4050	-7	-56		
882	4.4100	-6	-56		
883	4.4150	-6	-55		
884	4.4200	-4	-54		
885	4.4250	-4	-53		
886	4.4300	-3	-52		
887	4.4350	-2	-51		
888	4.4400	-1	-50		
889	4.4450	0	-49		
890	4.4500	0	-48		
891	4.4550	1	-46		
892	4.4600	2	-45		
893	4.4650	2	-44		
894	4.4700	2	-42		
895	4.4750	3	-41		
896	4.4800	4	-39		
897	4.4850	4	-37		
898	4.4900	4	-36		
899	4.4950	5	-34		
900	4.5000	5	-32		
901	4.5050	6	-30		
902	4.5100	6	-28		
903	4.5150	6	-26		
904	4.5200	6	-24		
905	4.5250	7	-22		
906	4.5300	7	-19		
907	4.5350	7	-17		
908	4.5400	8	-15		
909	4.5450	8	-13		
910	4.5500	8	-10		
911	4.5550	8	-8		
912	4.5600	8	-6		
913	4.5650	8	-3		
914	4.5700	8	-1		
915	4.5750	8	2		
916	4.5800	8	4		
917	4.5850	8	6		
918	4.5900	9	9		
919	4.5950	9	11		
920	4.6000	9	14		
921	4.6050	9	16		
922	4.6100	9	19		
923	4.6150	9	21		
924	4.6200	10	24		
925	4.6250	10	26		
926	4.6300	10	28		
927	4.6350	10	31		
928	4.6400	10	33		
929	4.6450	10	35		
930	4.6500	10	38		
931	4.6550	11	40		
932	4.6600	11	42		
933	4.6650	12	44		
934	4.6700	12	46		
935	4.6750	12	49		
936	4.6800	12	51		
937	4.6850	13	53		
938	4.6900	13	54		
939	4.6950	14	56		
940	4.7000	14	58		
941	4.7050	15	60		
942	4.7100	16	62		
943	4.7150	16	64		
944	4.7200	16	65		
945	4.7250	17	67		
946	4.7300	18	68		
947	4.7350	19	70		
948	4.7400	20	71		
949	4.7450	20	72		
950	4.7500	21	73		
951	4.7550	22	74		
952	4.7600	23	76		
953	4.7650	24	76		
954	4.7700	25	77		
955	4.7750	26	78		
956	4.7800	27	79		
957	4.7850	28	80		
958	4.7900	29	80		
959	4.7950	30	81		
960	4.8000	32	81		
961	4.8050	33	82		
962	4.8100	34	82		
963	4.8150	35	82		
964	4.8200	36	83		
965	4.8250	38	83		
966	4.8300	39	83		
967	4.8350	40	83		
968	4.8400	42	83		
969	4.8450	43	82		
970	4.8500	44	82		
971	4.8550	46	82		
972	4.8600	47	82		
973	4.8650	49	81		
974	4.8700	50	81		
975	4.8750	52	80		
976	4.8800	53	80		
977	4.8850	54	79		
978	4.8900	56	78		
979	4.8950	57	78		
980	4.9000	58	77		
981	4.9050	60	76		
982	4.9100	62	75		
983	4.9150	63	74		
984	4.9200	64	73		
985	4.9250	66	72		
986	4.9300	67	71		
987	4.9350	68	70		
988	4.9400	69	69		
989	4.9450	70	68		
990	4.9500	72	67		
991	4.9550	73	65		
992	4.9600	74	64		
993	4.9650	75	63		
994	4.9700	76	62		
995	4.9750	77	61		
996	4.9800	78	59		
997	4.9850	78	58		
998	4.9900	80	57		
999	4.9950	80	56		
1000	5.0000	81	54		
1001	5.0050	82	53		
1002	5.0100	82	52		
1003	5.0150	83	50		
1004	5.0200	83	49		
1005	5.0250	84	48		
1006	5.0300	84	47		
1007	5.0350	84	46		
1008	5.0400	84	44		
1009	5.0450	84	43		
1010	5.0500	84	42		
1011	5.0550	84	41		
1012	5.0600	84	40		
1013	5.0650	84	39		
1014	5.0700	84	38		
1015	5.0750	84	37		
1016	5.0800	83	36		
1017	5.0850	83	35		
1018	5.0900	82	34		
1019	5.0950	82	33		
1020	5.1000	81	32		
1021	5.1050	80	31		
1022	5.1100	79	30		
1023	5.1150	78	30		
1024	5.1200	77	29		
1025	5.1250	76	28		
1026	5.1300	75	27		
1027	5.1350	74	27		
1028	5.1400	72	26		
1029	5.1450	71	26		
1030	5.1500	70	25		
1031	5.1550	68	24		
1032	5.1600	67	24		
1033	5.1650	65	24		
1034	5.1700	64	23		
1035	5.1750	62	23		
1036	5.1800	60	22		
1037	5.1850	58	22		
1038	5.1900	56	22		
1039	5.1950	54	21		
1040	5.2000	52	21		
1041	5.2050	50	21		
1042	5.2100	48	21		
1043	5.2150	46	20		
1044	5.2200	44	20		
1045	5.2250	41	20		
1046	5.2300	39	20		
1047	5.2350	37	20		
1048	5.2400	34	20		
1049	5.2450	32	20		
1050	5.2500	30	20		
1051	5.2550	28	19		
1052	5.2600	25	19		
1053	5.2650	22	19		
1054	5.2700	20	19		
1055	5.2750	18	19		
1056	5.2800	16	19		
1057	5.2850	13	19		
1058	5.2900	10	19		
1059	5.2950	8	19		
1060	5.3000	6	19		
1061	5.3050	3	19		
1062	5.3100	1	19		
1063	5.3150	-2	18		
1064	5.3200	-4	18		
1065	5.3250	-6	18		
1066	5.3300	-8	18		
1067	5.3350	-11	18		
1068	5.3400	-13	18		
1069	5.3450	-15	17		
1070	5.3500	-18	17		
1071	5.3550	-20	17		
1072	5.3600	-22	16		
1073	5.3650	-24	16		
1074	5.3700	-26	16		
1075	5.3750	-28	15		
1076	5.3800	-30	15		
1077	5.3850	-32	14		
1078	5.3900	-33	14		
1079	5.3950	-35	13		
1080	5.4000	-36	13		
1081	5.4050	-38	12		
1082	5.4100	-40	12		
1083	5.4150	-42	11		
1084	5.4200	-43	10		
1085	5.4250	-44	9		
1086	5.4300	-46	9		
1087	5.4350	-47	8		
1088	5.4400	-48	7		
1089	5.4450	-49	6		
1090	5.4500	-50	5		
1091	5.4550	-51	4		
1092	5.4600	-52	3		
1093	5.4650	-52	2		
1094	5.4700	-53	1		
1095	5.4750	-54	0		
1096	5.4800	-54	-1		
1097	5.4850	-55	-3		
1098	5.4900	-56	-4		
1099	5.4950	-56	-5		
1100	5.5000	-56	-6		
1101	5.5050	-56	-8		
1102	5.5100	-56	-9		
1103	5.5150	-57	-10		
1104	5.5200	-57	-12		
1105	5.5250	-57	-13		
1106	5.5300	-56	-15		
1107	5.5350	-56	-16		
1108	5.5400	-56	-18		
1109	5.5450	-56	-19		
1110	5.5500	-56	-20		
1111	5.5550	-55	-22		
1112	5.5600	-55	-24		
1113	5.5650	-54	-25		
1114	5.5700	-54	-26		
1115	5.5750	-53	-28		
1116	5.5800	-52	-29		
1117	5.5850	-52	-31		
1118	5.5900	-51	-32		
1119	5.5950	-50	-34		
1120	5.6000	-49	-35		
1121	5.6050	-48	-37		
1122	5.6100	-48	-38		
1123	5.6150	-46	-40		
1124	5.6200	-46	-41		
1125	5.6250	-44	-42		
1126	5.6300	-44	-44		
1127	5.6350	-42	-45		
1128	5.6400	-42	-46		
1129	5.6450	-40	-48		
1130	5.6500	-39	-49		
1131	5.6550	-38	-50		
1132	5.6600	-37	-51		
1133	5.6650	-36	-52		
1134	5.6700	-34	-53		
1135	5.6750	-34	-54		
1136	5.6800	-32	-55		
1137	5.6850	-31	-56		
1138	5.6900	-30	-57		
1139	5.6950	-29	-58		
1140	5.7000	-28	-58		
1141	5.7050	-26	-59		
1142	5.7100	-26	-59		
1143	5.7150	-24	-60		
1144	5.7200	-23	-60		
1145	5.7250	-22	-61		
1146	5.7300	-21	-61		
1147	5.7350	-20	-61		
1148	5.7400	-19	-61		
1149	5.7450	-18	-61		
1150	5.7500	-17	-61		
1151	5.7550	-16	-61		
1152	5.7600	-15	-61		
1153	5.7650	-14	-61		
1154	5.7700	-13	-61		
1155	5.7750	-12	-60		
1156	5.7800	-12	-60		
1157	5.7850	-11	-59		
1158	5.7900	-10	-59		
1159	5.7950	-9	-58		
1160	5.8000	-8	-57		
1161	5.8050	-8	-56		
1162	5.8100	-7	-56		
1163	5.8150	-6	-55		
1164	5.8200	-6	-54		
1165	5.8250	-6	-52		
1166	5.8300	-5	-51		
1167	5.8350	-4	-50		
1168	5.8400	-4	-49		
1169	5.8450	-4	-47		
1170	5.8500	-3	-46		
1171	5.8550	-3	-44		
1172	5.8600	-2	-43		
1173	5.8650	-2	-41		
1174	5.8700	-2	-39		
1175	5.8750	-2	-37		
1176	5.8800	-1	-36		
1177	5.8850	-1	-34		
1178	5.8900	-1	-32		
1179	5.8950	0	-30		
1180	5.9000	0	-28		
1181	5.9050	0	-26		
1182	5.9100	0	-23		
1183	5.9150	0	-21		
1184	5.9200	0	-19		
1185	5.9250	0	-17		
1186	5.9300	0	-15		
1187	5.9350	0	-12		
1188	5.9400	0	-10		
1189	5.9450	0	-8		
1190	5.9500	0	-5		
1191	5.9550	1	-3		
1192	5.9600	1	-1		
1193	5.9650	1	2		
1194	5.9700	1	4		
1195	5.9750	1	7		
1196	5.9800	1	9		
1197	5.9850	1	12		
1198	5.9900	2	14		
1199	5.9950	2	16		
1200	6.0000	2	19		
1201	6.0050	2	21		
1202	6.0100	2	24		
1203	6.0150	2	26		
1204	6.0200	2	28		
1205	6.0250	3	30		
1206	6.0300	3	33		
1207	6.0350	4	35		
1208	6.0400	4	37		
1209	6.0450	4	39		
1210	6.0500	4	41		
1211	6.0550	5	43		
1212	6.0600	6	45		
1213	6.0650	6	47		
1214	6.0700	6	49		
1215	6.0750	7	51		
1216	6.0800	8	53		
1217	6.0850	8	55		
1218	6.0900	9	56		
1219	6.0950	10	58		
1220	6.1000	10	60		
1221	6.1050	11	61		
1222	6.1100	12	63		
1223	6.1150	13	64		
1224	6.1200	14	65		
1225	6.1250	15	67		
1226	6.1300	16	68		
1227	6.1350	17	69		
1228	6.1400	18	70		
1229	6.1450	19	71		
1230	6.1500	20	72		
1231	6.1550	21	73		
1232	6.1600	22	74		
1233	6.1650	24	74		
1234	6.1700	25	75		
1235	6.1750	26	75		
1236	6.1800	28	76		
1237	6.1850	29	76		
1238	6.1900	30	77		
1239	6.1950	32	77		
1240	6.2000	33	77		
1241	6.2050	35	77		
1242	6.2100	36	78		
1243	6.2150	38	78		
1244	6.2200	39	78		
1245	6.2250	41	77		
1246	6.2300	42	77		
1247	6.2350	44	77		
1248	6.2400	46	77		
1249	6.2450	47	76		
1250	6.2500	48	76		
1251	6.2550	50	76		
1252	6.2600	52	75		
1253	6.2650	53	75		
1254	6.2700	55	74		
1255	6.2750	56	73		
1256	6.2800	58	73		
1257	6.2850	59	72		
1258	6.2900	61	71		
1259	6.2950	62	70		
1260	6.3000	64	70		
1261	6.3050	66	69		
1262	6.3100	67	68		
1263	6.3150	68	67		
1264	6.3200	70	66		
1265	6.3250	71	65		
1266	6.3300	72	64		
1267	6.3350	73	63		
1268	6.3400	74	62		
1269	6.3450	76	61		
1270	6.3500	77	60		
1271	6.3550	78	59		
1272	6.3600	79	58		
1273	6.3650	80	57		
1274	6.3700	81	56		
1275	6.3750	82	54		
1276	6.3800	82	54		
1277	6.3850	83	52		
1278	6.3900	84	51		
1279	6.3950	84	50		
1280	6.4000	85	49		
1281	6.4050	86	48		
1282	6.4100	86	47		
1283	6.4150	86	46		
1284	6.4200	86	45		
1285	6.4250	86	44		
1286	6.4300	87	43		
1287	6.4350	87	42		
1288	6.4400	87	41		
1289	6.4450	86	40		
1290	6.4500	86	40		
1291	6.4550	86	39		
1292	6.4600	86	38		
1293	6.4650	86	37		
1294	6.4700	85	36		
1295	6.4750	84	36		
1296	6.4800	84	35		
1297	6.4850	83	34		
1298	6.4900	82	34		
1299	6.4950	81	33		
1300	6.5000	80	33		
1301	6.5050	79	32		
1302	6.5100	78	32		
1303	6.5150	77	31		
1304	6.5200	76	31		
1305	6.5250	74	30		
1306	6.5300	73	30		
1307	6.5350	72	30		
1308	6.5400	70	29		
1309	6.5450	68	29		
1310	6.5500	67	29		
1311	6.5550	65	28		
1312	6.5600	64	28		
1313	6.5650	62	28		
1314	6.5700	60	28		
1315	6.5750	58	28		
1316	6.5800	56	27		
1317	6.5850	54	27		
1318	6.5900	52	27		
1319	6.5950	50	27		
1320	6.6000	48	27		
1321	6.6050	45	27		
1322	6.6100	43	27		
1323	6.6150	41	27		
1324	6.6200	38	27		
1325	6.6250	36	27		
1326	6.6300	34	27		
1327	6.6350	32	27		
1328	6.6400	29	27		
1329	6.6450	27	27		
1330	6.6500	24	27		
1331	6.6550	22	27		
1332	6.6600	20	27		
1333	6.6650	18	26		
1334	6.6700	15	26		
1335	6.6750	13	26		
1336	6.6800	10	26		
1337	6.6850	8	26		
1338	6.6900	6	26		
1339	6.6950	4	26		
1340	6.7000	1	26		
1341	6.7050	-2	26		
1342	6.7100	-4	25		
1343	6.7150	-6	25		
1344	6.7200	-8	25		
1345	6.7250	-10	25		
1346	6.7300	-12	24		
1347	6.7350	-14	24		
1348	6.7400	-16	24		
1349	6.7450	-18	23		
1350	6.7500	-20	23		
1351	6.7550	-22	22		
1352	6.7600	-24	22		
1353	6.7650	-26	21		
1354	6.7700	-28	20		
1355	6.7750	-29	20		
1356	6.7800	-31	19		
1357	6.7850	-32	18		
1358	6.7900	-34	18		
1359	6.7950	-36	17		
1360	6.8000	-37	16		
1361	6.8050	-38	15		
1362	6.8100	-40	14		
1363	6.8150	-41	13		
1364	6.8200	-42	12		
1365	6.8250	-43	11		
1366	6.8300	-44	10		
1367	6.8350	-45	9		
1368	6.8400	-46	8		
1369	6.8450	-47	7		
1370	6.8500	-48	5		
1371	6.8550	-48	4		
1372	6.8600	-49	3		
1373	6.8650	-49	2		
1374	6.8700	-50	0		
1375	6.8750	-50	-1		
1376	6.8800	-50	-3		
1377	6.8850	-51	-4		
1378	6.8900	-51	-6		
1379	6.8950	-51	-7		
1380	6.9000	-51	-9		
1381	6.9050	-51	-10		
1382	6.9100	-51	-12		
1383	6.9150	-51	-14		
1384	6.9200	-51	-15		
1385	6.9250	-51	-17		
1386	6.9300	-50	-18		
1387	6.9350	-50	-20		
1388	6.9400	-50	-22		
1389	6.9450	-50	-23		
1390	6.9500	-49	-25		
1391	6.9550	-48	-26		
1392	6.9600	-48	-28		
1393	6.9650	-47	-30		
1394	6.9700	-47	-31		
1395	6.9750	-46	-33		
1396	6.9800	-45	-34		
1397	6.9850	-44	-36		
1398	6.9900	-44	-38		
1399	6.9950	-43	-39		
1400	7.0000	-42	-41		
1401	7.0050	-41	-42		
1402	7.0100	-40	-44		
1403	7.0150	-40	-45		
1404	7.0200	-38	-46		
1405	7.0250	-38	-48		
1406	7.0300	-37	-49		
1407	7.0350	-36	-50		
1408	7.0400	-35	-52		
1409	7.0450	-34	-53		
1410	7.0500	-33	-54		
1411	7.0550	-32	-55		
1412	7.0600	-31	-56		
1413	7.0650	-30	-57		
1414	7.0700	-29	-58		
1415	7.0750	-28	-59		
1416	7.0800	-27	-59		
1417	7.0850	-26	-60		
1418	7.0900	-25	-61		
1419	7.0950	-24	-61		
1420	7.1000	-24	-62		
1421	7.1050	-22	-62		
1422	7.1100	-22	-63		
1423	7.1150	-21	-63		
1424	7.1200	-20	-63		
1425	7.1250	-19	-63		
1426	7.1300	-18	-63		
1427	7.1350	-18	-63		
1428	7.1400	-17	-63		
1429	7.1450	-16	-63		
1430	7.1500	-16	-63		
1431	7.1550	-15	-63		
1432	7.1600	-14	-62		
1433	7.1650	-14	-62		
1434	7.1700	-13	-61		
1435	7.1750	-12	-61		
1436	7.1800	-12	-60		
1437	7.1850	-12	-59		
1438	7.1900	-11	-58		
1439	7.1950	-11	-57		
1440	7.2000	-10	-56		
1441	7.2050	-10	-55		
1442	7.2100	-10	-54		
1443	7.2150	-9	-53		
1444	7.2200	-9	-52		
1445	7.2250	-8	-50		
1446	7.2300	-8	-49		
1447	7.2350	-8	-47		
1448	7.2400	-8	-46		
1449	7.2450	-8	-44		
1450	7.2500	-8	-42		
1451	7.2550	-8	-41		
1452	7.2600	-8	-39		
1453	7.2650	-7	-37		
1454	7.2700	-7	-35		
1455	7.2750	-7	-33		
1456	7.2800	-7	-31		
1457	7.2850	-7	-29		
1458	7.2900	-7	-27		
1459	7.2950	-7	-25		
1460	7.3000	-7	-23		
1461	7.3050	-7	-20		
1462	7.3100	-7	-18		
1463	7.3150	-7	-16		
1464	7.3200	-7	-14		
1465	7.3250	-7	-12		
1466	7.3300	-7	-9		
1467	7.3350	-7	-7		
1468	7.3400	-7	-5		
1469	7.3450	-6	-2		
1470	7.3500	-6	0		
1471	7.3550	-6	2		
1472	7.3600	-6	5		
1473	7.3650	-6	7		
1474	7.3700	-6	9		
1475	7.3750	-6	12		
1476	7.3800	-6	14		
1477	7.3850	-6	16		
1478	7.3900	-6	19		
1479	7.3950	-5	21		
1480	7.4000	-5	23		
1481	7.4050	-4	25		
1482	7.4100	-4	28		
1483	7.4150	-4	30		
1484	7.4200	-4	32		
1485	7.4250	-3	34		
1486	7.4300	-2	36		
1487	7.4350	-2	38		
1488	7.4400	-2	40		
1489	7.4450	-1	42		
1490	7.4500	0	44		
1491	7.4550	0	46		
1492	7.4600	1	47		
1493	7.4650	2	49		
1494	7.4700	2	51		
1495	7.4750	3	52		
1496	7.4800	4	54		
1497	7.4850	5	55		
1498	7.4900	6	57		
1499	7.4950	7	58		
1500	7.5000	8	59		
1501	7.5050	9	61		
1502	7.5100	10	62		
1503	7.5150	12	63		
1504	7.5200	12	64		
1505	7.5250	14	65		
1506	7.5300	15	66		
1507	7.5350	16	67		
1508	7.5400	18	68		
1509	7.5450	19	68		
1510	7.5500	20	69		
1511	7.5550	22	70		
1512	7.5600	24	70		
1513	7.5650	25	70		
1514	7.5700	26	71		
1515	7.5750	28	71		
1516	7.5800	30	71		
1517	7.5850	31	72		
1518	7.5900	33	72		
1519	7.5950	34	72		
1520	7.6000	36	72		
1521	7.6050	38	72		
1522	7.6100	40	72		
1523	7.6150	41	72		
1524	7.6200	43	71		
1525	7.6250	44	71		
1526	7.6300	46	71		
1527	7.6350	48	70		
1528	7.6400	50	70		
1529	7.6450	52	70		
1530	7.6500	53	69		
1531	7.6550	55	68		
1532	7.6600	56	68		
1533	7.6650	58	67		
1534	7.6700	60	67		
1535	7.6750	61	66		
1536	7.6800	63	65		
1537	7.6850	64	65		
1538	7.6900	66	64		
1539	7.6950	68	63		
1540	7.7000	69	62		
1541	7.7050	70	62		
1542	7.7100	72	61		
1543	7.7150	73	60		
1544	7.7200	74	59		
1545	7.7250	76	58		
1546	7.7300	77	57		
1547	7.7350	78	56		
1548	7.7400	79	55		
1549	7.7450	80	55		
1550	7.7500	81	54		
1551	7.7550	82	53		
1552	7.7600	83	52		
1553	7.7650	84	51		
1554	7.7700	85	50		
1555	7.7750	85	49		
1556	7.7800	86	48		
1557	7.7850	86	48		
1558	7.7900	87	47		
1559	7.7950	88	46		
1560	7.8000	88	45		
1561	7.8050	88	44		
1562	7.8100	88	44		
1563	7.8150	88	43		
1564	7.8200	88	42		
1565	7.8250	88	42		
1566	7.8300	88	41		
1567	7.8350	88	40		
1568	7.8400	88	40		
1569	7.8450	87	39		
1570	7.8500	87	39		
1571	7.8550	86	38		
1572	7.8600	86	38		
1573	7.8650	85	37		
1574	7.8700	84	37		
1575	7.8750	84	36		
1576	7.8800	83	36		
1577	7.8850	82	36		
1578	7.8900	81	35		
1579	7.8950	80	35		
1580	7.9000	78	35		
1581	7.9050	77	34		
1582	7.9100	76	34		
1583	7.9150	74	34		
1584	7.9200	73	34		
1585	7.9250	71	34		
1586	7.9300	70	34		
1587	7.9350	68	34		
1588	7.9400	66	34		
1589	7.9450	65	34		
1590	7.9500	63	33		
1591	7.9550	61	33		
1592	7.9600	59	33		
1593	7.9650	57	33		
1594	7.9700	55	33		
1595	7.9750	53	33		
1596	7.9800	51	34		
1597	7.9850	49	34		
1598	7.9900	47	34		
1599	7.9950	45	34		
1600	8.0000	42	34		
1601	8.0050	40	34		
1602	8.0100	38	34		
1603	8.0150	36	34		
1604	8.0200	34	34		
1605	8.0250	31	34		
1606	8.0300	29	34		
1607	8.0350	26	34		
1608	8.0400	24	34		
1609	8.0450	22	34		
1610	8.0500	20	34		
1611	8.0550	17	34		
1612	8.0600	15	34		
1613	8.0650	13	34		
1614	8.0700	10	34		
1615	8.0750	8	33		
1616	8.0800	6	33		
1617	8.0850	4	33		
1618	8.0900	2	33		
1619	8.0950	0	32		
1620	8.1000	-2	32		
1621	8.1050	-5	32		
1622	8.1100	-7	32		
1623	8.1150	-9	31		
1624	8.1200	-11	31		
1625	8.1250	-13	30		
1626	8.1300	-15	30		
1627	8.1350	-16	29		
1628	8.1400	-18	28		
1629	8.1450	-20	28		
1630	8.1500	-22	27		
1631	8.1550	-24	26		
1632	8.1600	-25	26		
1633	8.1650	-26	25		
1634	8.1700	-28	24		
1635	8.1750	-30	23		
1636	8.1800	-31	22		
1637	8.1850	-32	21		
1638	8.1900	-34	20		
1639	8.1950	-34	19		
1640	8.2000	-36	18		
1641	8.2050	-37	17		
1642	8.2100	-38	16		
1643	8.2150	-39	14		
1644	8.2200	-40	13		
1645	8.2250	-40	12		
1646	8.2300	-41	10		
1647	8.2350	-42	9		
1648	8.2400	-42	8		
1649	8.2450	-43	6		
1650	8.2500	-44	4		
1651	8.2550	-44	3		
1652	8.2600	-44	1		
1653	8.2650	-44	0		
1654	8.2700	-45	-2		
1655	8.2750	-45	-3		
1656	8.2800	-45	-5		
1657	8.2850	-45	-7		
1658	8.2900	-45	-8		
1659	8.2950	-45	-10		
1660	8.3000	-45	-12		
1661	8.3050	-45	-14		
1662	8.3100	-45	-16		
1663	8.3150	-44	-17		
1664	8.3200	-44	-19		
1665	8.3250	-44	-21		
1666	8.3300	-44	-23		
1667	8.3350	-43	-24		
1668	8.3400	-43	-26		
1669	8.3450	-42	-28		
1670	8.3500	-42	-30		
1671	8.3550	-41	-31		
1672	8.3600	-41	-33		
1673	8.3650	-40	-35		
1674	8.3700	-40	-36		
1675	8.3750	-39	-38		
1676	8.3800	-38	-40		
1677	8.3850	-38	-41		
1678	8.3900	-37	-43		
1679	8.3950	-36	-44		
1680	8.4000	-35	-46		
1681	8.4050	-34	-47		
1682	8.4100	-34	-49		
1683	8.4150	-33	-50		
1684	8.4200	-32	-51		
1685	8.4250	-31	-53		
1686	8.4300	-30	-54		
1687	8.4350	-30	-55		
1688	8.4400	-29	-56		
1689	8.4450	-28	-57		
1690	8.4500	-28	-58		
1691	8.4550	-27	-59		
1692	8.4600	-26	-60		
1693	8.4650	-25	-61		
1694	8.4700	-24	-61		
1695	8.4750	-24	-62		
1696	8.4800	-23	-63		
1697	8.4850	-22	-63		
1698	8.4900	-22	-64		
1699	8.4950	-21	-64		
1700	8.5000	-20	-64		
1701	8.5050	-20	-64		
1702	8.5100	-20	-65		
1703	8.5150	-19	-65		
1704	8.5200	-18	-65		
1705	8.5250	-18	-64		
1706	8.5300	-18	-64		
1707	8.5350	-17	-64		
1708	8.5400	-16	-64		
1709	8.5450	-16	-63		
1710	8.5500	-16	-63		
1711	8.5550	-15	-62		
1712	8.5600	-15	-62		
1713	8.5650	-15	-61		
1714	8.5700	-14	-60		
1715	8.5750	-14	-59		
1716	8.5800	-14	-58		
1717	8.5850	-14	-57		
1718	8.5900	-14	-56		
1719	8.5950	-14	-55		
1720	8.6000	-13	-54		
1721	8.6050	-13	-52		
1722	8.6100	-13	-51		
1723	8.6150	-13	-50		
1724	8.6200	-13	-48		
1725	8.6250	-13	-47		
1726	8.6300	-13	-45		
1727	8.6350	-13	-43		
1728	8.6400	-13	-42		
1729	8.6450	-13	-40		
1730	8.6500	-13	-38		
1731	8.6550	-13	-36		
1732	8.6600	-13	-34		
1733	8.6650	-13	-32		
1734	8.6700	-13	-30		
1735	8.6750	-14	-28		
1736	8.6800	-14	-26		
1737	8.6850	-14	-24		
1738	8.6900	-14	-22		
1739	8.6950	-14	-20		
1740	8.7000	-14	-18		
1741	8.7050	-14	-15		
1742	8.7100	-14	-13		
1743	8.7150	-14	-11		
1744	8.7200	-14	-9		
1745	8.7250	-14	-6		
1746	8.7300	-14	-4		
1747	8.7350	-14	-2		
1748	8.7400	-14	0		
1749	8.7450	-14	3		
1750	8.7500	-14	5		
1751	8.7550	-13	7		
1752	8.7600	-13	9		
1753	8.7650	-13	12		
1754	8.7700	-13	14		
1755	8.7750	-12	16		
1756	8.7800	-12	18		
1757	8.7850	-12	20		
1758	8.7900	-12	22		
1759	8.7950	-11	24		
1760	8.8000	-10	27		
1761	8.8050	-10	29		
1762	8.8100	-10	31		
1763	8.8150	-9	33		
1764	8.8200	-8	34		
1765	8.8250	-8	36		
1766	8.8300	-7	38		
1767	8.8350	-6	40		
1768	8.8400	-6	42		
1769	8.8450	-5	43		
1770	8.8500	-4	45		
1771	8.8550	-3	46		
1772	8.8600	-2	48		
1773	8.8650	-1	49		
1774	8.8700	0	51		
1775	8.8750	1	52		
1776	8.8800	2	53		
1777	8.8850	4	54		
1778	8.8900	5	56		
1779	8.8950	6	57		
1780	8.9000	7	58		
1781	8.9050	9	59		
1782	8.9100	10	60		
1783	8.9150	12	60		
1784	8.9200	13	61		
1785	8.9250	14	62		
1786	8.9300	16	63		
1787	8.9350	18	63		
1788	8.9400	19	64		
1789	8.9450	21	64		
1790	8.9500	22	65		
1791	8.9550	24	65		
1792	8.9600	26	65		
1793	8.9650	28	65		
1794	8.9700	29	66		
1795	8.9750	31	66		
1796	8.9800	33	66		
1797	8.9850	34	66		
1798	8.9900	36	66		
1799	8.9950	38	66		
1800	9.0000	40	66		
1801	9.0050	42	65		
1802	9.0100	44	65		
1803	9.0150	46	65		
1804	9.0200	48	65		
1805	9.0250	49	64		
1806	9.0300	51	64		
1807	9.0350	53	63		
1808	9.0400	54	63		
1809	9.0450	56	62		
1810	9.0500	58	62		
1811	9.0550	60	62		
1812	9.0600	62	61		
1813	9.0650	63	60		
1814	9.0700	65	60		
1815	9.0750	66	59		
1816	9.0800	68	58		
1817	9.0850	70	58		
1818	9.0900	71	57		
1819	9.0950	72	56		
1820	9.1000	74	56		
1821	9.1050	75	55		
1822	9.1100	76	54		
1823	9.1150	78	54		
1824	9.1200	79	53		
1825	9.1250	80	52		
1826	9.1300	81	51		
1827	9.1350	82	51		
1828	9.1400	83	50		
1829	9.1450	84	49		
1830	9.1500	85	49		
1831	9.1550	86	48		
1832	9.1600	86	47		
1833	9.1650	87	47		
1834	9.1700	88	46		
1835	9.1750	88	46		
1836	9.1800	88	45		
1837	9.1850	89	44		
1838	9.1900	89	44		
1839	9.1950	89	43		
1840	9.2000	89	43		
1841	9.2050	89	42		
1842	9.2100	89	42		
1843	9.2150	89	42		
1844	9.2200	89	41		
1845	9.2250	88	41		
1846	9.2300	88	40		
1847	9.2350	88	40		
1848	9.2400	87	40		
1849	9.2450	86	40		
1850	9.2500	86	39		
1851	9.2550	85	39		
1852	9.2600	84	39		
1853	9.2650	84	39		
1854	9.2700	82	39		
1855	9.2750	82	39		
1856	9.2800	80	38		
1857	9.2850	79	38		
1858	9.2900	78	38		
1859	9.2950	76	38		
1860	9.3000	75	38		
1861	9.3050	74	38		
1862	9.3100	72	38		
1863	9.3150	70	38		
1864	9.3200	69	38		
1865	9.3250	67	39		
1866	9.3300	66	39		
1867	9.3350	64	39		
1868	9.3400	62	39		
1869	9.3450	60	39		
1870	9.3500	58	39		
1871	9.3550	56	39		
1872	9.3600	54	40		
1873	9.3650	52	40		
1874	9.3700	50	40		
1875	9.3750	48	40		
1876	9.3800	46	40		
1877	9.3850	44	40		
1878	9.3900	42	40		
1879	9.3950	40	40		
1880	9.4000	37	40		
1881	9.4050	35	41		
1882	9.4100	33	41		
1883	9.4150	30	41		
1884	9.4200	28	41		
1885	9.4250	26	41		
1886	9.4300	24	41		
1887	9.4350	22	41		
1888	9.4400	20	41		
1889	9.4450	17	41		
1890	9.4500	15	41		
1891	9.4550	13	40		
1892	9.4600	11	40		
1893	9.4650	9	40		
1894	9.4700	7	40		
1895	9.4750	4	40		
1896	9.4800	2	39		
1897	9.4850	0	39		
1898	9.4900	-2	38		
1899	9.4950	-4	38		
1900	9.5000	-5	38		
1901	9.5050	-7	37		
1902	9.5100	-9	36		
1903	9.5150	-11	36		
1904	9.5200	-12	35		
1905	9.5250	-14	34		
1906	9.5300	-16	34		
1907	9.5350	-18	33		
1908	9.5400	-19	32		
1909	9.5450	-20	31		
1910	9.5500	-22	30		
1911	9.5550	-23	29		
1912	9.5600	-24	28		
1913	9.5650	-26	27		
1914	9.5700	-27	26		
1915	9.5750	-28	25		
1916	9.5800	-29	24		
1917	9.5850	-30	22		
1918	9.5900	-31	21		
1919	9.5950	-32	20		
1920	9.6000	-33	18		
1921	9.6050	-34	17		
1922	9.6100	-35	15		
1923	9.6150	-35	14		
1924	9.6200	-36	12		
1925	9.6250	-36	11		
1926	9.6300	-37	9		
1927	9.6350	-38	8		
1928	9.6400	-38	6		
1929	9.6450	-38	4		
1930	9.6500	-38	2		
1931	9.6550	-38	1		
1932	9.6600	-39	-1		
1933	9.6650	-39	-3		
1934	9.6700	-39	-5		
1935	9.6750	-39	-7		
1936	9.6800	-39	-8		
1937	9.6850	-39	-10		
1938	9.6900	-39	-12		
1939	9.6950	-39	-14		
1940	9.7000	-38	-16		
1941	9.7050	-38	-18		
1942	9.7100	-38	-20		
1943	9.7150	-38	-22		
1944	9.7200	-37	-24		
1945	9.7250	-37	-26		
1946	9.7300	-36	-27		
1947	9.7350	-36	-29		
1948	9.7400	-36	-31		
1949	9.7450	-35	-33		
1950	9.7500	-34	-34		
1951	9.7550	-34	-36		
1952	9.7600	-34	-38		
1953	9.7650	-33	-40		
1954	9.7700	-32	-41		
1955	9.7750	-32	-43		
1956	9.7800	-31	-44		
1957	9.7850	-31	-46		
1958	9.7900	-30	-48		
1959	9.7950	-30	-49		
1960	9.8000	-29	-50		
1961	9.8050	-28	-52		
1962	9.8100	-28	-53		
1963	9.8150	-27	-54		
1964	9.8200	-26	-55		
1965	9.8250	-26	-57		
1966	9.8300	-25	-58		
1967	9.8350	-25	-59		
1968	9.8400	-24	-60		
1969	9.8450	-24	-60		
1970	9.8500	-23	-61		
1971	9.8550	-23	-62		
1972	9.8600	-22	-63		
1973	9.8650	-22	-63		
1974	9.8700	-21	-64		
1975	9.8750	-21	-64		
1976	9.8800	-20	-64		
1977	9.8850	-20	-65		
1978	9.8900	-20	-65		
1979	9.8950	-19	-65		
1980	9.9000	-19	-65		
1981	9.9050	-19	-65		
1982	9.9100	-18	-65		
1983	9.9150	-18	-65		
1984	9.9200	-18	-64		
1985	9.9250	-18	-64		
1986	9.9300	-18	-64		
1987	9.9350	-18	-63		
1988	9.9400	-18	-63		
1989	9.9450	-17	-62		
1990	9.9500	-17	-61		
1991	9.9550	-17	-61		
1992	9.9600	-17	-60		
1993	9.9650	-17	-59		
1994	9.9700	-17	-58		
1995	9.9750	-17	-57		
1996	9.9800	-17	-55		
1997	9.9850	-17	-54		
1998	9.9900	-18	-53		
1999	9.9950	-18	-52		
2000	10.0000	-18	-50		
