#	time(s)	count A	count B	count C	count D
1	0.0100	38	1	2	
2	0.0200	38	1	2	
3	0.0300	38	1	2	
4	0.0400	38	1	3	
5	0.0500	38	1	3	
6	0.0600	38	1	4	
7	0.0700	39	1	4	
8	0.0800	39	1	4	
9	0.0900	39	1	4	
10	0.1000	39	1	4	
11	0.1100	39	2	5	
12	0.1200	39	2	5	
13	0.1300	39	2	6	
14	0.1400	39	2	6	
15	0.1500	39	2	6	
16	0.1600	39	2	6	
17	0.1700	39	2	6	
18	0.1800	39	2	6	
19	0.1900	39	2	7	
20	0.2000	39	2	7	
21	0.2100	39	2	7	
22	0.2200	40	2	8	
23	0.2300	40	2	8	
24	0.2400	40	2	8	
25	0.2500	40	2	8	
26	0.2600	40	2	8	
27	0.2700	40	2	8	
28	0.2800	40	2	8	
29	0.2900	40	2	8	
30	0.3000	40	2	8	
31	0.3100	40	2	8	
32	0.3200	40	2	8	
33	0.3300	40	2	8	
34	0.3400	40	2	8	
35	0.3500	40	2	8	
36	0.3600	39	2	8	
37	0.3700	39	2	8	
38	0.3800	39	2	8	
39	0.3900	39	2	7	
40	0.4000	39	2	7	
41	0.4100	39	2	7	
42	0.4200	39	2	6	
43	0.4300	39	2	6	
44	0.4400	39	2	6	
45	0.4500	39	2	6	
46	0.4600	39	2	6	
47	0.4700	39	2	5	
48	0.4800	39	2	5	
49	0.4900	39	2	5	
50	0.5000	39	2	4	
51	0.5100	38	2	4	
52	0.5200	38	2	4	
53	0.5300	38	2	4	
54	0.5400	38	2	3	
55	0.5500	38	2	3	
56	0.5600	38	2	3	
57	0.5700	38	2	2	
58	0.5800	38	2	2	
59	0.5900	38	2	2	
60	0.6000	38	2	2	
61	0.6100	38	2	1	
62	0.6200	38	2	1	
63	0.6300	38	2	1	
64	0.6400	38	2	0	
65	0.6500	38	2	0	
66	0.6600	38	2	0	
67	0.6700	37	2	0	
68	0.6800	37	2	0	
69	0.6900	37	2	0	
70	0.7000	37	2	0	
71	0.7100	37	2	-1	
72	0.7200	37	2	-1	
73	0.7300	37	3	-1	
74	0.7400	37	3	-1	
75	0.7500	37	3	-1	
76	0.7600	37	3	-1	
77	0.7700	37	3	-1	
78	0.7800	37	3	-1	
79	0.7900	37	3	-1	
80	0.8000	38	4	-1	
81	0.8100	38	4	-1	
82	0.8200	38	4	-1	
83	0.8300	38	4	0	
84	0.8400	38	4	0	
85	0.8500	38	4	0	
86	0.8600	38	4	0	
87	0.8700	38	4	0	
88	0.8800	38	4	0	
89	0.8900	38	4	0	
90	0.9000	39	4	1	
91	0.9100	39	5	1	
92	0.9200	39	5	1	
93	0.9300	39	5	2	
94	0.9400	39	5	2	
95	0.9500	40	5	2	
96	0.9600	40	5	2	
97	0.9700	40	5	2	
98	0.9800	40	5	3	
99	0.9900	40	5	3	
100	1.0000	41	5	4	
101	1.0100	41	5	4	
102	1.0200	41	5	4	
103	1.0300	41	5	4	
104	1.0400	41	5	5	
105	1.0500	42	5	5	
106	1.0600	42	5	5	
107	1.0700	42	5	6	
108	1.0800	42	4	6	
109	1.0900	42	4	6	
110	1.1000	42	4	6	
111	1.1100	42	4	6	
112	1.1200	43	4	7	
113	1.1300	43	4	7	
114	1.1400	43	4	7	
115	1.1500	43	4	7	
116	1.1600	43	4	8	
117	1.1700	43	4	8	
118	1.1800	43	4	8	
119	1.1900	43	4	8	
120	1.2000	43	3	8	
121	1.2100	43	3	8	
122	1.2200	43	3	8	
123	1.2300	43	3	8	
124	1.2400	43	3	8	
125	1.2500	43	3	8	
126	1.2600	42	2	8	
127	1.2700	42	2	8	
128	1.2800	42	2	8	
129	1.2900	42	2	8	
130	1.3000	42	2	8	
131	1.3100	42	2	8	
132	1.3200	41	2	7	
133	1.3300	41	2	7	
134	1.3400	41	2	7	
135	1.3500	41	2	7	
136	1.3600	40	2	6	
137	1.3700	40	2	6	
138	1.3800	40	2	6	
139	1.3900	40	2	6	
140	1.4000	39	2	6	
141	1.4100	39	1	5	
142	1.4200	38	1	5	
143	1.4300	38	1	4	
144	1.4400	38	1	4	
145	1.4500	38	1	4	
146	1.4600	37	1	4	
147	1.4700	37	1	4	
148	1.4800	37	1	3	
149	1.4900	36	1	3	
150	1.5000	36	1	2	
151	1.5100	36	1	2	
152	1.5200	36	1	2	
153	1.5300	35	1	2	
154	1.5400	35	1	2	
155	1.5500	35	1	1	
156	1.5600	34	1	1	
157	1.5700	34	1	0	
158	1.5800	34	1	0	
159	1.5900	34	1	0	
160	1.6000	34	1	0	
161	1.6100	34	1	0	
162	1.6200	34	1	0	
163	1.6300	34	1	0	
164	1.6400	34	1	0	
165	1.6500	34	1	-1	
166	1.6600	34	1	-1	
167	1.6700	34	1	-1	
168	1.6800	34	1	-1	
169	1.6900	34	1	-1	
170	1.7000	34	1	-1	
171	1.7100	34	1	-1	
172	1.7200	34	1	-1	
173	1.7300	34	1	-1	
174	1.7400	34	1	-1	
175	1.7500	35	1	-1	
176	1.7600	35	1	-1	
177	1.7700	35	1	0	
178	1.7800	35	1	0	
179	1.7900	36	1	0	
180	1.8000	36	1	0	
181	1.8100	36	1	0	
182	1.8200	36	1	0	
183	1.8300	37	1	0	
184	1.8400	37	1	1	
185	1.8500	37	1	1	
186	1.8600	38	1	1	
187	1.8700	38	1	2	
188	1.8800	38	1	2	
189	1.8900	38	1	2	
190	1.9000	39	2	2	
191	1.9100	39	2	3	
192	1.9200	40	2	3	
193	1.9300	40	2	4	
194	1.9400	40	2	4	
195	1.9500	40	2	4	
196	1.9600	41	2	4	
197	1.9700	41	2	4	
198	1.9800	41	2	5	
199	1.9900	41	2	5	
200	2.0000	42	2	6	
201	2.0100	42	2	6	
202	2.0200	42	2	6	
203	2.0300	42	2	6	
204	2.0400	42	2	6	
205	2.0500	42	3	6	
206	2.0600	43	3	7	
207	2.0700	43	3	7	
208	2.0800	43	3	7	
209	2.0900	43	3	8	
210	2.1000	43	3	8	
211	2.1100	43	3	8	
212	2.1200	43	4	8	
213	2.1300	43	4	8	
214	2.1400	43	4	8	
215	2.1500	43	4	8	
216	2.1600	43	4	8	
217	2.1700	43	4	8	
218	2.1800	43	4	8	
219	2.1900	42	4	8	
220	2.2000	42	4	8	
221	2.2100	42	4	8	
222	2.2200	42	4	8	
223	2.2300	42	4	8	
224	2.2400	42	4	8	
225	2.2500	42	5	7	
226	2.2600	42	5	7	
227	2.2700	41	5	7	
228	2.2800	41	5	7	
229	2.2900	41	5	6	
230	2.3000	41	5	6	
231	2.3100	40	5	6	
232	2.3200	40	5	6	
233	2.3300	40	5	6	
234	2.3400	40	5	5	
235	2.3500	40	5	5	
236	2.3600	40	5	5	
237	2.3700	39	5	4	
238	2.3800	39	4	4	
239	2.3900	39	4	4	
240	2.4000	39	4	4	
241	2.4100	39	4	3	
242	2.4200	38	4	3	
243	2.4300	38	4	2	
244	2.4400	38	4	2	
245	2.4500	38	4	2	
246	2.4600	38	4	2	
247	2.4700	38	4	2	
248	2.4800	38	4	1	
249	2.4900	38	4	1	
250	2.5000	38	3	1	
251	2.5100	37	3	0	
252	2.5200	37	3	0	
253	2.5300	37	3	0	
254	2.5400	37	3	0	
255	2.5500	37	3	0	
256	2.5600	37	3	0	
257	2.5700	37	3	0	
258	2.5800	37	2	-1	
259	2.5900	37	2	-1	
260	2.6000	37	2	-1	
261	2.6100	37	2	-1	
262	2.6200	37	2	-1	
263	2.6300	37	2	-1	
264	2.6400	37	2	-1	
265	2.6500	37	2	-1	
266	2.6600	37	2	-1	
267	2.6700	37	2	-1	
268	2.6800	37	2	-1	
269	2.6900	37	2	-1	
270	2.7000	38	2	0	
271	2.7100	38	2	0	
272	2.7200	38	2	0	
273	2.7300	38	2	0	
274	2.7400	38	2	0	
275	2.7500	38	2	0	
276	2.7600	38	2	0	
277	2.7700	38	2	1	
278	2.7800	38	2	1	
279	2.7900	38	2	1	
280	2.8000	38	2	2	
281	2.8100	38	2	2	
282	2.8200	38	2	2	
283	2.8300	39	2	2	
284	2.8400	39	2	2	
285	2.8500	39	2	3	
286	2.8600	39	2	3	
287	2.8700	39	2	4	
288	2.8800	39	2	4	
289	2.8900	39	2	4	
290	2.9000	39	2	4	
291	2.9100	39	2	5	
292	2.9200	39	2	5	
293	2.9300	39	2	5	
294	2.9400	40	2	6	
295	2.9500	40	2	6	
296	2.9600	40	2	6	
297	2.9700	40	2	6	
298	2.9800	40	2	6	
299	2.9900	40	2	7	
300	3.0000	40	2	7	
301	3.0100	40	2	7	
302	3.0200	40	2	7	
303	3.0300	40	2	8	
304	3.0400	40	2	8	
305	3.0500	40	2	8	
306	3.0600	40	2	8	
307	3.0700	40	2	8	
308	3.0800	40	2	8	
309	3.0900	40	2	8	
310	3.1000	40	2	8	
311	3.1100	40	2	8	
312	3.1200	40	2	8	
313	3.1300	40	2	8	
314	3.1400	40	2	8	
315	3.1500	40	2	8	
316	3.1600	40	2	8	
317	3.1700	40	2	8	
318	3.1800	40	2	8	
319	3.1900	40	2	7	
320	3.2000	39	2	7	
321	3.2100	39	2	7	
322	3.2200	39	2	7	
323	3.2300	39	2	6	
324	3.2400	39	2	6	
325	3.2500	39	1	6	
326	3.2600	39	1	6	
327	3.2700	39	1	6	
328	3.2800	39	1	5	
329	3.2900	38	1	5	
330	3.3000	38	1	4	
331	3.3100	38	1	4	
332	3.3200	38	1	4	
333	3.3300	38	1	4	
334	3.3400	38	1	4	
335	3.3500	38	1	3	
336	3.3600	38	1	3	
337	3.3700	38	1	2	
338	3.3800	37	1	2	
339	3.3900	37	1	2	
340	3.4000	37	1	2	
341	3.4100	37	1	2	
342	3.4200	37	1	1	
343	3.4300	37	1	1	
344	3.4400	37	1	0	
345	3.4500	37	2	0	
346	3.4600	37	2	0	
347	3.4700	37	2	0	
348	3.4800	36	2	0	
349	3.4900	36	2	0	
350	3.5000	36	2	0	
351	3.5100	36	2	-1	
352	3.5200	36	2	-1	
353	3.5300	36	2	-1	
354	3.5400	36	2	-1	
355	3.5500	36	2	-1	
356	3.5600	36	2	-1	
357	3.5700	36	3	-1	
358	3.5800	36	3	-1	
359	3.5900	37	3	-1	
360	3.6000	37	3	-1	
361	3.6100	37	3	-1	
362	3.6200	37	3	-1	
363	3.6300	37	3	-1	
364	3.6400	37	4	0	
365	3.6500	37	4	0	
366	3.6600	38	4	0	
367	3.6700	38	4	0	
368	3.6800	38	4	0	
369	3.6900	38	4	0	
370	3.7000	38	4	0	
371	3.7100	38	4	1	
372	3.7200	39	4	1	
373	3.7300	39	4	2	
374	3.7400	39	4	2	
375	3.7500	39	4	2	
376	3.7600	40	4	2	
377	3.7700	40	4	2	
378	3.7800	40	4	3	
379	3.7900	40	4	3	
380	3.8000	40	4	4	
381	3.8100	41	4	4	
382	3.8200	41	4	4	
383	3.8300	41	4	4	
384	3.8400	41	4	4	
385	3.8500	42	4	5	
386	3.8600	42	4	5	
387	3.8700	42	4	6	
388	3.8800	42	4	6	
389	3.8900	42	4	6	
390	3.9000	43	4	6	
391	3.9100	43	4	6	
392	3.9200	43	4	7	
393	3.9300	43	4	7	
394	3.9400	43	4	7	
395	3.9500	43	4	7	
396	3.9600	43	4	8	
397	3.9700	43	4	8	
398	3.9800	43	4	8	
399	3.9900	43	4	8	
400	4.0000	43	4	8	
401	4.0100	43	4	8	
402	4.0200	43	4	8	
403	4.0300	43	3	8	
404	4.0400	43	3	8	
405	4.0500	43	3	8	
406	4.0600	43	3	8	
407	4.0700	43	3	8	
408	4.0800	43	3	8	
409	4.0900	42	3	8	
410	4.1000	42	3	8	
411	4.1100	42	3	8	
412	4.1200	42	3	7	
413	4.1300	42	3	7	
414	4.1400	41	3	7	
415	4.1500	41	2	7	
416	4.1600	41	2	6	
417	4.1700	40	2	6	
418	4.1800	40	2	6	
419	4.1900	40	2	6	
420	4.2000	40	2	6	
421	4.2100	39	2	5	
422	4.2200	39	2	5	
423	4.2300	39	2	5	
424	4.2400	38	2	4	
425	4.2500	38	2	4	
426	4.2600	38	2	4	
427	4.2700	37	2	4	
428	4.2800	37	2	3	
429	4.2900	37	2	3	
430	4.3000	36	2	2	
431	4.3100	36	2	2	
432	4.3200	36	2	2	
433	4.3300	36	2	2	
434	4.3400	36	2	2	
435	4.3500	35	2	1	
436	4.3600	35	2	1	
437	4.3700	35	2	1	
438	4.3800	35	2	0	
439	4.3900	34	2	0	
440	4.4000	34	2	0	
441	4.4100	34	2	0	
442	4.4200	34	2	0	
443	4.4300	34	2	0	
444	4.4400	34	2	0	
445	4.4500	34	1	-1	
446	4.4600	34	1	-1	
447	4.4700	34	1	-1	
448	4.4800	34	1	-1	
449	4.4900	34	1	-1	
450	4.5000	34	1	-1	
451	4.5100	34	1	-1	
452	4.5200	34	1	-1	
453	4.5300	34	1	-1	
454	4.5400	35	1	-1	
455	4.5500	35	1	-1	
456	4.5600	35	1	-1	
457	4.5700	35	1	0	
458	4.5800	35	1	0	
459	4.5900	36	1	0	
460	4.6000	36	1	0	
461	4.6100	36	1	0	
462	4.6200	36	1	0	
463	4.6300	37	1	0	
464	4.6400	37	1	1	
465	4.6500	37	1	1	
466	4.6600	37	1	1	
467	4.6700	38	1	2	
468	4.6800	38	1	2	
469	4.6900	38	1	2	
470	4.7000	38	1	2	
471	4.7100	39	1	2	
472	4.7200	39	1	3	
473	4.7300	39	1	3	
474	4.7400	40	1	4	
475	4.7500	40	1	4	
476	4.7600	40	2	4	
477	4.7700	40	2	4	
478	4.7800	40	2	5	
479	4.7900	41	2	5	
480	4.8000	41	2	5	
481	4.8100	41	2	6	
482	4.8200	41	2	6	
483	4.8300	42	2	6	
484	4.8400	42	2	6	
485	4.8500	42	2	6	
486	4.8600	42	2	7	
487	4.8700	42	2	7	
488	4.8800	42	3	7	
489	4.8900	42	3	7	
490	4.9000	42	3	8	
491	4.9100	42	3	8	
492	4.9200	42	3	8	
493	4.9300	42	3	8	
494	4.9400	42	3	8	
495	4.9500	42	4	8	
496	4.9600	42	4	8	
497	4.9700	42	4	8	
498	4.9800	42	4	8	
499	4.9900	42	4	8	
500	5.0000	42	4	8	
501	5.0100	42	4	8	
502	5.0200	42	4	8	
503	5.0300	42	4	8	
504	5.0400	42	4	8	
505	5.0500	41	4	8	
506	5.0600	41	4	7	
507	5.0700	41	4	7	
508	5.0800	41	4	7	
509	5.0900	41	4	7	
510	5.1000	40	4	6	
511	5.1100	40	4	6	
512	5.1200	40	4	6	
513	5.1300	40	4	6	
514	5.1400	40	4	6	
515	5.1500	40	4	5	
516	5.1600	40	4	5	
517	5.1700	39	4	4	
518	5.1800	39	4	4	
519	5.1900	39	4	4	
520	5.2000	39	4	4	
521	5.2100	39	4	4	
522	5.2200	39	4	3	
523	5.2300	38	4	3	
524	5.2400	38	4	2	
525	5.2500	38	4	2	
526	5.2600	38	4	2	
527	5.2700	38	4	2	
528	5.2800	38	4	2	
529	5.2900	38	4	1	
530	5.3000	38	3	1	
531	5.3100	38	3	0	
532	5.3200	38	3	0	
533	5.3300	38	3	0	
534	5.3400	38	3	0	
535	5.3500	38	3	0	
536	5.3600	37	3	0	
537	5.3700	37	3	0	
538	5.3800	37	3	-1	
539	5.3900	37	3	-1	
540	5.4000	37	3	-1	
541	5.4100	37	2	-1	
542	5.4200	37	2	-1	
543	5.4300	37	2	-1	
544	5.4400	37	2	-1	
545	5.4500	38	2	-1	
546	5.4600	38	2	-1	
547	5.4700	38	2	-1	
548	5.4800	38	2	-1	
549	5.4900	38	2	-1	
550	5.5000	38	2	-1	
551	5.5100	38	2	0	
552	5.5200	38	2	0	
553	5.5300	38	2	0	
554	5.5400	38	2	0	
555	5.5500	38	2	0	
556	5.5600	38	2	0	
557	5.5700	38	2	0	
558	5.5800	38	2	1	
559	5.5900	38	2	1	
560	5.6000	39	2	2	
561	5.6100	39	2	2	
562	5.6200	39	2	2	
563	5.6300	39	2	2	
564	5.6400	39	2	2	
565	5.6500	39	3	3	
566	5.6600	39	3	3	
567	5.6700	39	3	4	
568	5.6800	39	3	4	
569	5.6900	40	3	4	
570	5.7000	40	3	4	
571	5.7100	40	3	4	
572	5.7200	40	3	5	
573	5.7300	40	3	5	
574	5.7400	40	3	6	
575	5.7500	40	3	6	
576	5.7600	40	3	6	
577	5.7700	40	3	6	
578	5.7800	40	3	6	
579	5.7900	40	3	7	
580	5.8000	40	3	7	
581	5.8100	40	3	7	
582	5.8200	40	3	7	
583	5.8300	40	3	8	
584	5.8400	40	3	8	
585	5.8500	40	3	8	
586	5.8600	40	2	8	
587	5.8700	40	2	8	
588	5.8800	40	2	8	
589	5.8900	40	2	8	
590	5.9000	40	2	8	
591	5.9100	40	2	8	
592	5.9200	40	2	8	
593	5.9300	40	2	8	
594	5.9400	40	2	8	
595	5.9500	40	2	8	
596	5.9600	40	2	8	
597	5.9700	40	2	8	
598	5.9800	40	2	8	
599	5.9900	40	2	7	
600	6.0000	40	2	7	
601	6.0100	40	2	7	
602	6.0200	39	2	7	
603	6.0300	39	1	6	
604	6.0400	39	1	6	
605	6.0500	39	1	6	
606	6.0600	39	1	6	
607	6.0700	39	1	6	
608	6.0800	39	1	5	
609	6.0900	38	1	5	
610	6.1000	38	1	5	
611	6.1100	38	1	4	
612	6.1200	38	1	4	
613	6.1300	38	1	4	
614	6.1400	38	1	4	
615	6.1500	38	1	3	
616	6.1600	37	1	3	
617	6.1700	37	1	2	
618	6.1800	37	1	2	
619	6.1900	37	1	2	
620	6.2000	37	1	2	
621	6.2100	37	1	2	
622	6.2200	36	1	1	
623	6.2300	36	1	1	
624	6.2400	36	1	1	
625	6.2500	36	1	0	
626	6.2600	36	1	0	
627	6.2700	36	1	0	
628	6.2800	36	2	0	
629	6.2900	36	2	0	
630	6.3000	36	2	0	
631	6.3100	36	2	0	
632	6.3200	36	2	-1	
633	6.3300	36	2	-1	
634	6.3400	36	2	-1	
635	6.3500	36	2	-1	
636	6.3600	36	2	-1	
637	6.3700	36	2	-1	
638	6.3800	36	2	-1	
639	6.3900	36	2	-1	
640	6.4000	36	3	-1	
641	6.4100	36	3	-1	
642	6.4200	36	3	-1	
643	6.4300	36	3	-1	
644	6.4400	37	3	0	
645	6.4500	37	3	0	
646	6.4600	37	3	0	
647	6.4700	37	3	0	
648	6.4800	37	4	0	
649	6.4900	38	4	0	
650	6.5000	38	4	0	
651	6.5100	38	4	1	
652	6.5200	38	4	1	
653	6.5300	38	4	1	
654	6.5400	39	4	2	
655	6.5500	39	4	2	
656	6.5600	39	4	2	
657	6.5700	40	4	2	
658	6.5800	40	4	3	
659	6.5900	40	4	3	
660	6.6000	40	4	3	
661	6.6100	41	4	4	
662	6.6200	41	4	4	
663	6.6300	41	4	4	
664	6.6400	41	4	4	
665	6.6500	42	4	5	
666	6.6600	42	4	5	
667	6.6700	42	4	5	
668	6.6800	42	4	6	
669	6.6900	42	4	6	
670	6.7000	43	4	6	
671	6.7100	43	4	6	
672	6.7200	43	4	6	
673	6.7300	43	4	7	
674	6.7400	43	4	7	
675	6.7500	43	4	7	
676	6.7600	43	4	7	
677	6.7700	43	4	8	
678	6.7800	44	4	8	
679	6.7900	44	4	8	
680	6.8000	44	4	8	
681	6.8100	44	4	8	
682	6.8200	44	4	8	
683	6.8300	43	4	8	
684	6.8400	43	4	8	
685	6.8500	43	4	8	
686	6.8600	43	4	8	
687	6.8700	43	4	8	
688	6.8800	43	3	8	
689	6.8900	43	3	8	
690	6.9000	42	3	8	
691	6.9100	42	3	8	
692	6.9200	42	3	8	
693	6.9300	42	3	7	
694	6.9400	42	3	7	
695	6.9500	41	3	7	
696	6.9600	41	3	6	
697	6.9700	41	3	6	
698	6.9800	40	3	6	
699	6.9900	40	3	6	
700	7.0000	40	3	6	
701	7.0100	40	3	6	
702	7.0200	39	3	5	
703	7.0300	39	3	5	
704	7.0400	39	3	4	
705	7.0500	38	3	4	
706	7.0600	38	3	4	
707	7.0700	38	3	4	
708	7.0800	38	2	4	
709	7.0900	37	2	3	
710	7.1000	37	2	3	
711	7.1100	37	2	2	
712	7.1200	36	2	2	
713	7.1300	36	2	2	
714	7.1400	36	2	2	
715	7.1500	36	2	1	
716	7.1600	36	2	1	
717	7.1700	35	2	1	
718	7.1800	35	2	0	
719	7.1900	35	2	0	
720	7.2000	35	2	0	
721	7.2100	35	2	0	
722	7.2200	35	2	0	
723	7.2300	35	2	0	
724	7.2400	35	2	0	
725	7.2500	35	2	-1	
726	7.2600	34	2	-1	
727	7.2700	34	2	-1	
728	7.2800	35	2	-1	
729	7.2900	35	2	-1	
730	7.3000	35	1	-1	
731	7.3100	35	1	-1	
732	7.3200	35	1	-1	
733	7.3300	35	1	-1	
734	7.3400	35	1	-1	
735	7.3500	35	1	-1	
736	7.3600	35	1	-1	
737	7.3700	36	1	-1	
738	7.3800	36	1	0	
739	7.3900	36	1	0	
740	7.4000	36	1	0	
741	7.4100	36	1	0	
742	7.4200	36	1	0	
743	7.4300	37	1	0	
744	7.4400	37	1	0	
745	7.4500	37	1	1	
746	7.4600	38	1	1	
747	7.4700	38	1	2	
748	7.4800	38	1	2	
749	7.4900	38	1	2	
750	7.5000	38	1	2	
751	7.5100	39	1	2	
752	7.5200	39	1	3	
753	7.5300	39	1	3	
754	7.5400	39	1	4	
755	7.5500	40	1	4	
756	7.5600	40	2	4	
757	7.5700	40	2	4	
758	7.5800	40	2	4	
759	7.5900	40	2	5	
760	7.6000	40	2	5	
761	7.6100	41	2	6	
762	7.6200	41	2	6	
763	7.6300	41	2	6	
764	7.6400	41	2	6	
765	7.6500	41	2	6	
766	7.6600	41	2	7	
767	7.6700	42	2	7	
768	7.6800	42	2	7	
769	7.6900	42	3	7	
770	7.7000	42	3	8	
771	7.7100	42	3	8	
772	7.7200	42	3	8	
773	7.7300	42	3	8	
774	7.7400	42	3	8	
775	7.7500	42	3	8	
776	7.7600	42	3	8	
777	7.7700	42	3	8	
778	7.7800	42	3	8	
779	7.7900	42	4	8	
780	7.8000	42	4	8	
781	7.8100	41	4	8	
782	7.8200	41	4	8	
783	7.8300	41	4	8	
784	7.8400	41	4	8	
785	7.8500	41	4	8	
786	7.8600	41	4	7	
787	7.8700	41	4	7	
788	7.8800	40	4	7	
789	7.8900	40	4	7	
790	7.9000	40	4	6	
791	7.9100	40	4	6	
792	7.9200	40	4	6	
793	7.9300	40	4	6	
794	7.9400	40	4	6	
795	7.9500	40	4	5	
796	7.9600	39	4	5	
797	7.9700	39	4	5	
798	7.9800	39	4	4	
799	7.9900	39	4	4	
800	8.0000	39	4	4	
801	8.0100	39	4	4	
802	8.0200	38	3	3	
803	8.0300	38	3	3	
804	8.0400	38	3	2	
805	8.0500	38	3	2	
806	8.0600	38	3	2	
807	8.0700	38	3	2	
808	8.0800	38	3	2	
809	8.0900	38	3	1	
810	8.1000	38	3	1	
811	8.1100	38	3	1	
812	8.1200	38	3	0	
813	8.1300	38	3	0	
814	8.1400	37	3	0	
815	8.1500	37	3	0	
816	8.1600	37	2	0	
817	8.1700	37	2	0	
818	8.1800	37	2	0	
819	8.1900	37	2	-1	
820	8.2000	37	2	-1	
821	8.2100	37	2	-1	
822	8.2200	37	2	-1	
823	8.2300	37	2	-1	
824	8.2400	37	2	-1	
825	8.2500	37	2	-1	
826	8.2600	37	2	-1	
827	8.2700	37	2	-1	
828	8.2800	38	2	-1	
829	8.2900	38	2	-1	
830	8.3000	38	2	-1	
831	8.3100	38	2	0	
832	8.3200	38	2	0	
833	8.3300	38	2	0	
834	8.3400	38	2	0	
835	8.3500	38	2	0	
836	8.3600	38	3	0	
837	8.3700	38	3	0	
838	8.3800	38	3	1	
839	8.3900	38	3	1	
840	8.4000	39	3	1	
841	8.4100	39	3	2	
842	8.4200	39	3	2	
843	8.4300	39	3	2	
844	8.4400	39	3	2	
845	8.4500	39	3	3	
846	8.4600	39	3	3	
847	8.4700	39	3	3	
848	8.4800	40	3	4	
849	8.4900	40	3	4	
850	8.5000	40	3	4	
851	8.5100	40	3	4	
852	8.5200	40	3	5	
853	8.5300	40	3	5	
854	8.5400	40	3	6	
855	8.5500	40	3	6	
856	8.5600	40	3	6	
857	8.5700	40	3	6	
858	8.5800	41	3	6	
859	8.5900	41	3	6	
860	8.6000	41	3	7	
861	8.6100	41	3	7	
862	8.6200	41	3	7	
863	8.6300	41	3	8	
864	8.6400	41	3	8	
865	8.6500	41	3	8	
866	8.6600	41	3	8	
867	8.6700	41	3	8	
868	8.6800	41	3	8	
869	8.6900	41	3	8	
870	8.7000	41	2	8	
871	8.7100	41	2	8	
872	8.7200	41	2	8	
873	8.7300	41	2	8	
874	8.7400	41	2	8	
875	8.7500	41	2	8	
876	8.7600	40	2	8	
877	8.7700	40	2	8	
878	8.7800	40	2	8	
879	8.7900	40	2	8	
880	8.8000	40	2	7	
881	8.8100	40	2	7	
882	8.8200	40	2	7	
883	8.8300	40	2	6	
884	8.8400	40	2	6	
885	8.8500	39	2	6	
886	8.8600	39	1	6	
887	8.8700	39	1	6	
888	8.8800	39	1	6	
889	8.8900	39	1	5	
890	8.9000	38	1	5	
891	8.9100	38	1	4	
892	8.9200	38	1	4	
893	8.9300	38	1	4	
894	8.9400	38	1	4	
895	8.9500	38	1	3	
896	8.9600	37	1	3	
897	8.9700	37	1	3	
898	8.9800	37	1	2	
899	8.9900	37	1	2	
900	9.0000	37	1	2	
901	9.0100	36	1	2	
902	9.0200	36	1	1	
903	9.0300	36	1	1	
904	9.0400	36	1	1	
905	9.0500	36	1	0	
906	9.0600	36	1	0	
907	9.0700	36	2	0	
908	9.0800	36	2	0	
909	9.0900	36	2	0	
910	9.1000	36	2	0	
911	9.1100	36	2	0	
912	9.1200	36	2	-1	
913	9.1300	36	2	-1	
914	9.1400	36	2	-1	
915	9.1500	36	2	-1	
916	9.1600	36	2	-1	
917	9.1700	36	2	-1	
918	9.1800	36	2	-1	
919	9.1900	36	2	-1	
920	9.2000	36	2	-1	
921	9.2100	36	2	-1	
922	9.2200	36	2	-1	
923	9.2300	36	3	-1	
924	9.2400	36	3	0	
925	9.2500	36	3	0	
926	9.2600	37	3	0	
927	9.2700	37	3	0	
928	9.2800	37	3	0	
929	9.2900	37	3	0	
930	9.3000	38	3	0	
931	9.3100	38	3	1	
932	9.3200	38	3	1	
933	9.3300	38	3	1	
934	9.3400	38	3	2	
935	9.3500	39	3	2	
936	9.3600	39	4	2	
937	9.3700	39	4	2	
938	9.3800	40	4	2	
939	9.3900	40	4	3	
940	9.4000	40	4	3	
941	9.4100	40	4	4	
942	9.4200	41	4	4	
943	9.4300	41	4	4	
944	9.4400	41	4	4	
945	9.4500	41	4	5	
946	9.4600	42	4	5	
947	9.4700	42	4	5	
948	9.4800	42	4	6	
949	9.4900	42	4	6	
950	9.5000	42	4	6	
951	9.5100	42	4	6	
952	9.5200	43	4	6	
953	9.5300	43	4	7	
954	9.5400	43	4	7	
955	9.5500	43	4	7	
956	9.5600	43	4	7	
957	9.5700	43	4	8	
958	9.5800	43	4	8	
959	9.5900	43	4	8	
960	9.6000	43	4	8	
961	9.6100	43	4	8	
962	9.6200	43	4	8	
963	9.6300	43	4	8	
964	9.6400	43	4	8	
965	9.6500	43	4	8	
966	9.6600	43	4	8	
967	9.6700	43	4	8	
968	9.6800	43	3	8	
969	9.6900	42	3	8	
970	9.7000	42	3	8	
971	9.7100	42	3	8	
972	9.7200	42	3	8	
973	9.7300	42	3	7	
974	9.7400	42	3	7	
975	9.7500	41	3	7	
976	9.7600	41	3	7	
977	9.7700	41	3	6	
978	9.7800	40	3	6	
979	9.7900	40	3	6	
980	9.8000	40	3	6	
981	9.8100	40	3	6	
982	9.8200	39	3	5	
983	9.8300	39	3	5	
984	9.8400	39	3	4	
985	9.8500	38	3	4	
986	9.8600	38	3	4	
987	9.8700	38	3	4	
988	9.8800	38	3	4	
989	9.8900	37	3	3	
990	9.9000	37	3	3	
991	9.9100	37	3	2	
992	9.9200	37	3	2	
993	9.9300	36	2	2	
994	9.9400	36	2	2	
995	9.9500	36	2	2	
996	9.9600	36	2	1	
997	9.9700	36	2	1	
998	9.9800	36	2	0	
999	9.9900	35	2	0	
1000	10.0000	35	2	0	
