#	time(s)	count A	count B	count C	count D
1	0.0100	34	6	7	
2	0.0200	34	5	8	
3	0.0300	35	5	8	
4	0.0400	35	4	8	
5	0.0500	36	4	8	
6	0.0600	36	4	8	
7	0.0700	37	3	8	
8	0.0800	37	2	8	
9	0.0900	38	2	8	
10	0.1000	38	2	8	
11	0.1100	39	1	8	
12	0.1200	39	0	8	
13	0.1300	40	0	8	
14	0.1400	40	0	7	
15	0.1500	41	-1	7	
16	0.1600	41	-2	6	
17	0.1700	42	-2	6	
18	0.1800	42	-2	6	
19	0.1900	42	-3	6	
20	0.2000	43	-3	5	
21	0.2100	43	-4	5	
22	0.2200	43	-4	4	
23	0.2300	43	-4	4	
24	0.2400	44	-4	4	
25	0.2500	44	-4	3	
26	0.2600	44	-4	2	
27	0.2700	44	-4	2	
28	0.2800	44	-4	2	
29	0.2900	44	-4	1	
30	0.3000	44	-4	1	
31	0.3100	44	-4	0	
32	0.3200	43	-4	0	
33	0.3300	43	-3	0	
34	0.3400	43	-3	0	
35	0.3500	42	-2	0	
36	0.3600	42	-2	-1	
37	0.3700	42	-1	-1	
38	0.3800	41	-1	-1	
39	0.3900	41	0	-1	
40	0.4000	40	0	-1	
41	0.4100	40	1	-1	
42	0.4200	39	2	-1	
43	0.4300	39	2	-1	
44	0.4400	38	3	-1	
45	0.4500	38	4	0	
46	0.4600	38	4	0	
47	0.4700	37	5	0	
48	0.4800	37	6	0	
49	0.4900	36	6	0	
50	0.5000	36	7	1	
51	0.5100	36	7	2	
52	0.5200	35	8	2	
53	0.5300	35	8	2	
54	0.5400	34	9	2	
55	0.5500	34	9	3	
56	0.5600	34	10	4	
57	0.5700	34	10	4	
58	0.5800	34	10	4	
59	0.5900	34	10	5	
60	0.6000	34	10	5	
61	0.6100	34	10	6	
62	0.6200	34	10	6	
63	0.6300	34	10	6	
64	0.6400	35	10	7	
65	0.6500	35	10	7	
66	0.6600	35	10	7	
67	0.6700	36	9	8	
68	0.6800	36	9	8	
69	0.6900	36	8	8	
70	0.7000	37	8	8	
71	0.7100	37	8	8	
72	0.7200	38	7	8	
73	0.7300	38	6	8	
74	0.7400	39	6	8	
75	0.7500	40	5	8	
76	0.7600	40	4	8	
77	0.7700	41	4	8	
78	0.7800	41	3	8	
79	0.7900	42	2	7	
80	0.8000	42	2	7	
81	0.8100	43	1	6	
82	0.8200	43	0	6	
83	0.8300	44	0	6	
84	0.8400	44	-1	6	
85	0.8500	44	-1	5	
86	0.8600	45	-2	4	
87	0.8700	45	-2	4	
88	0.8800	46	-3	4	
89	0.8900	46	-3	3	
90	0.9000	46	-3	3	
91	0.9100	46	-4	2	
92	0.9200	46	-4	2	
93	0.9300	46	-4	2	
94	0.9400	46	-4	1	
95	0.9500	46	-4	1	
96	0.9600	46	-4	0	
97	0.9700	45	-4	0	
98	0.9800	45	-4	0	
99	0.9900	45	-4	0	
100	1.0000	44	-3	0	
101	1.0100	44	-3	-1	
102	1.0200	43	-3	-1	
103	1.0300	43	-2	-1	
104	1.0400	42	-2	-1	
105	1.0500	42	-1	-1	
106	1.0600	41	-1	-1	
107	1.0700	40	0	-1	
108	1.0800	40	0	-1	
109	1.0900	39	1	0	
110	1.1000	38	2	0	
111	1.1100	38	2	0	
112	1.1200	37	3	0	
113	1.1300	36	4	0	
114	1.1400	36	4	1	
115	1.1500	35	5	1	
116	1.1600	35	6	2	
117	1.1700	34	6	2	
118	1.1800	34	7	2	
119	1.1900	33	7	3	
120	1.2000	33	8	3	
121	1.2100	32	8	4	
122	1.2200	32	8	4	
123	1.2300	32	8	4	
124	1.2400	32	9	5	
125	1.2500	31	9	5	
126	1.2600	31	9	6	
127	1.2700	31	9	6	
128	1.2800	31	9	6	
129	1.2900	31	9	7	
130	1.3000	31	9	7	
131	1.3100	32	8	7	
132	1.3200	32	8	8	
133	1.3300	32	8	8	
134	1.3400	32	8	8	
135	1.3500	33	7	8	
136	1.3600	33	6	8	
137	1.3700	34	6	8	
138	1.3800	34	5	8	
139	1.3900	35	5	8	
140	1.4000	36	4	8	
141	1.4100	36	3	8	
142	1.4200	37	3	8	
143	1.4300	37	2	7	
144	1.4400	38	1	7	
145	1.4500	39	0	7	
146	1.4600	39	0	6	
147	1.4700	40	-1	6	
148	1.4800	40	-2	6	
149	1.4900	41	-2	6	
150	1.5000	42	-3	5	
151	1.5100	42	-4	4	
152	1.5200	43	-4	4	
153	1.5300	43	-4	4	
154	1.5400	44	-5	3	
155	1.5500	44	-5	3	
156	1.5600	44	-6	2	
157	1.5700	44	-6	2	
158	1.5800	45	-6	2	
159	1.5900	45	-6	1	
160	1.6000	45	-6	1	
161	1.6100	45	-6	0	
162	1.6200	45	-6	0	
163	1.6300	45	-6	0	
164	1.6400	45	-6	0	
165	1.6500	44	-6	0	
166	1.6600	44	-5	-1	
167	1.6700	44	-5	-1	
168	1.6800	43	-4	-1	
169	1.6900	43	-4	-1	
170	1.7000	42	-3	-1	
171	1.7100	42	-2	-1	
172	1.7200	42	-2	-1	
173	1.7300	41	-1	-1	
174	1.7400	40	0	0	
175	1.7500	40	0	0	
176	1.7600	39	1	0	
177	1.7700	39	2	0	
178	1.7800	38	3	0	
179	1.7900	37	4	1	
180	1.8000	37	4	1	
181	1.8100	36	5	2	
182	1.8200	36	6	2	
183	1.8300	35	7	2	
184	1.8400	35	8	3	
185	1.8500	34	8	3	
186	1.8600	34	9	4	
187	1.8700	34	9	4	
188	1.8800	33	10	4	
189	1.8900	33	10	5	
190	1.9000	33	10	6	
191	1.9100	33	11	6	
192	1.9200	32	11	6	
193	1.9300	32	11	6	
194	1.9400	32	11	7	
195	1.9500	33	11	7	
196	1.9600	33	11	7	
197	1.9700	33	11	8	
198	1.9800	33	11	8	
199	1.9900	34	11	8	
200	2.0000	34	10	8	
201	2.0100	34	10	8	
202	2.0200	35	10	8	
203	2.0300	35	9	8	
204	2.0400	36	8	8	
205	2.0500	36	8	8	
206	2.0600	37	7	8	
207	2.0700	38	6	8	
208	2.0800	38	6	7	
209	2.0900	39	5	7	
210	2.1000	40	4	7	
211	2.1100	40	4	6	
212	2.1200	41	3	6	
213	2.1300	42	2	6	
214	2.1400	42	1	5	
215	2.1500	43	0	5	
216	2.1600	44	0	4	
217	2.1700	44	-1	4	
218	2.1800	45	-2	4	
219	2.1900	45	-2	3	
220	2.2000	46	-2	3	
221	2.2100	46	-3	2	
222	2.2200	46	-4	2	
223	2.2300	47	-4	2	
224	2.2400	47	-4	1	
225	2.2500	47	-4	1	
226	2.2600	47	-4	0	
227	2.2700	47	-5	0	
228	2.2800	47	-5	0	
229	2.2900	47	-5	0	
230	2.3000	47	-4	0	
231	2.3100	46	-4	-1	
232	2.3200	46	-4	-1	
233	2.3300	46	-4	-1	
234	2.3400	45	-3	-1	
235	2.3500	45	-3	-1	
236	2.3600	44	-2	-1	
237	2.3700	44	-2	-1	
238	2.3800	43	-1	-1	
239	2.3900	42	-1	0	
240	2.4000	42	0	0	
241	2.4100	41	1	0	
242	2.4200	40	1	0	
243	2.4300	40	2	0	
244	2.4400	39	3	1	
245	2.4500	38	4	1	
246	2.4600	38	4	2	
247	2.4700	37	5	2	
248	2.4800	36	6	2	
249	2.4900	36	6	3	
250	2.5000	35	7	4	
251	2.5100	34	8	4	
252	2.5200	34	8	4	
253	2.5300	33	8	4	
254	2.5400	33	9	5	
255	2.5500	32	9	6	
256	2.5600	32	10	6	
257	2.5700	32	10	6	
258	2.5800	32	10	6	
259	2.5900	31	10	7	
260	2.6000	31	10	7	
261	2.6100	31	10	8	
262	2.6200	31	10	8	
263	2.6300	31	10	8	
264	2.6400	31	10	8	
265	2.6500	32	9	8	
266	2.6600	32	9	8	
267	2.6700	32	8	8	
268	2.6800	32	8	8	
269	2.6900	33	8	8	
270	2.7000	33	7	8	
271	2.7100	34	6	8	
272	2.7200	34	6	8	
273	2.7300	35	5	7	
274	2.7400	36	4	7	
275	2.7500	36	3	7	
276	2.7600	37	2	6	
277	2.7700	38	2	6	
278	2.7800	38	1	6	
279	2.7900	39	0	5	
280	2.8000	40	-1	5	
281	2.8100	40	-2	4	
282	2.8200	41	-2	4	
283	2.8300	41	-3	4	
284	2.8400	42	-4	3	
285	2.8500	42	-4	2	
286	2.8600	43	-5	2	
287	2.8700	43	-5	2	
288	2.8800	44	-6	2	
289	2.8900	44	-6	1	
290	2.9000	44	-6	1	
291	2.9100	44	-6	0	
292	2.9200	45	-7	0	
293	2.9300	45	-7	0	
294	2.9400	45	-7	0	
295	2.9500	45	-7	0	
296	2.9600	45	-7	-1	
297	2.9700	45	-6	-1	
298	2.9800	44	-6	-1	
299	2.9900	44	-6	-1	
300	3.0000	44	-6	-1	
301	3.0100	44	-5	-1	
302	3.0200	43	-4	-1	
303	3.0300	43	-4	-1	
304	3.0400	42	-3	0	
305	3.0500	42	-2	0	
306	3.0600	41	-2	0	
307	3.0700	40	-1	0	
308	3.0800	40	0	0	
309	3.0900	39	1	1	
310	3.1000	39	2	2	
311	3.1100	38	2	2	
312	3.1200	38	3	2	
313	3.1300	37	4	2	
314	3.1400	36	5	3	
315	3.1500	36	6	4	
316	3.1600	35	6	4	
317	3.1700	35	7	4	
318	3.1800	34	8	5	
319	3.1900	34	8	5	
320	3.2000	34	9	6	
321	3.2100	33	9	6	
322	3.2200	33	10	6	
323	3.2300	32	10	6	
324	3.2400	32	10	7	
325	3.2500	32	10	7	
326	3.2600	32	11	8	
327	3.2700	32	11	8	
328	3.2800	32	11	8	
329	3.2900	32	11	8	
330	3.3000	32	11	8	
331	3.3100	33	10	8	
332	3.3200	33	10	8	
333	3.3300	34	10	8	
334	3.3400	34	10	8	
335	3.3500	34	9	8	
336	3.3600	35	9	8	
337	3.3700	35	8	8	
338	3.3800	36	8	7	
339	3.3900	36	7	7	
340	3.4000	37	6	6	
341	3.4100	38	6	6	
342	3.4200	38	5	6	
343	3.4300	39	4	6	
344	3.4400	40	4	5	
345	3.4500	40	3	5	
346	3.4600	41	2	4	
347	3.4700	42	1	4	
348	3.4800	42	0	4	
349	3.4900	43	0	3	
350	3.5000	44	-1	2	
351	3.5100	44	-1	2	
352	3.5200	45	-2	2	
353	3.5300	45	-2	1	
354	3.5400	46	-3	1	
355	3.5500	46	-3	0	
356	3.5600	46	-4	0	
357	3.5700	46	-4	0	
358	3.5800	47	-4	0	
359	3.5900	47	-4	0	
360	3.6000	47	-4	-1	
361	3.6100	47	-4	-1	
362	3.6200	47	-4	-1	
363	3.6300	47	-4	-1	
364	3.6400	46	-4	-1	
365	3.6500	46	-4	-1	
366	3.6600	46	-3	-1	
367	3.6700	46	-3	-1	
368	3.6800	45	-2	0	
369	3.6900	45	-2	0	
370	3.7000	44	-1	0	
371	3.7100	44	-1	0	
372	3.7200	43	0	0	
373	3.7300	42	0	1	
374	3.7400	42	1	1	
375	3.7500	41	2	2	
376	3.7600	41	2	2	
377	3.7700	40	3	2	
378	3.7800	39	4	3	
379	3.7900	39	5	3	
380	3.8000	38	5	4	
381	3.8100	37	6	4	
382	3.8200	37	6	4	
383	3.8300	36	7	5	
384	3.8400	36	8	5	
385	3.8500	35	8	6	
386	3.8600	34	9	6	
387	3.8700	34	9	6	
388	3.8800	34	9	7	
389	3.8900	33	10	7	
390	3.9000	33	10	7	
391	3.9100	33	10	8	
392	3.9200	32	10	8	
393	3.9300	32	10	8	
394	3.9400	32	10	8	
395	3.9500	32	10	8	
396	3.9600	32	10	8	
397	3.9700	32	10	8	
398	3.9800	32	9	8	
399	3.9900	33	9	8	
400	4.0000	33	8	8	
401	4.0100	33	8	8	
402	4.0200	34	7	7	
403	4.0300	34	7	7	
404	4.0400	34	6	7	
405	4.0500	35	6	6	
406	4.0600	35	5	6	
407	4.0700	36	4	6	
408	4.0800	36	3	6	
409	4.0900	37	3	5	
410	4.1000	38	2	4	
411	4.1100	38	1	4	
412	4.1200	39	0	4	
413	4.1300	39	0	3	
414	4.1400	40	-1	3	
415	4.1500	40	-2	2	
416	4.1600	41	-2	2	
417	4.1700	41	-3	2	
418	4.1800	42	-4	1	
419	4.1900	42	-4	1	
420	4.2000	42	-4	0	
421	4.2100	43	-5	0	
422	4.2200	43	-5	0	
423	4.2300	43	-5	0	
424	4.2400	44	-6	0	
425	4.2500	44	-6	-1	
426	4.2600	44	-6	-1	
427	4.2700	44	-6	-1	
428	4.2800	44	-6	-1	
429	4.2900	44	-6	-1	
430	4.3000	44	-6	-1	
431	4.3100	44	-5	-1	
432	4.3200	43	-5	-1	
433	4.3300	43	-4	0	
434	4.3400	43	-4	0	
435	4.3500	42	-4	0	
436	4.3600	42	-3	0	
437	4.3700	42	-2	0	
438	4.3800	41	-2	1	
439	4.3900	41	-1	1	
440	4.4000	40	-1	2	
441	4.4100	40	0	2	
442	4.4200	39	1	2	
443	4.4300	39	1	3	
444	4.4400	38	2	3	
445	4.4500	38	3	4	
446	4.4600	37	4	4	
447	4.4700	37	4	4	
448	4.4800	36	5	5	
449	4.4900	36	5	6	
450	4.5000	35	6	6	
451	4.5100	35	6	6	
452	4.5200	34	7	6	
453	4.5300	34	8	7	
454	4.5400	34	8	7	
455	4.5500	34	8	8	
456	4.5600	33	8	8	
457	4.5700	33	9	8	
458	4.5800	33	9	8	
459	4.5900	33	9	8	
460	4.6000	33	9	8	
461	4.6100	33	9	8	
462	4.6200	33	9	8	
463	4.6300	33	9	8	
464	4.6400	34	9	8	
465	4.6500	34	8	8	
466	4.6600	34	8	8	
467	4.6700	34	8	7	
468	4.6800	35	8	7	
469	4.6900	35	7	7	
470	4.7000	36	7	6	
471	4.7100	36	6	6	
472	4.7200	36	6	6	
473	4.7300	37	5	5	
474	4.7400	38	4	5	
475	4.7500	38	4	4	
476	4.7600	39	3	4	
477	4.7700	39	3	4	
478	4.7800	40	2	3	
479	4.7900	40	2	3	
480	4.8000	41	1	2	
481	4.8100	42	0	2	
482	4.8200	42	0	2	
483	4.8300	42	0	1	
484	4.8400	43	-1	1	
485	4.8500	43	-1	0	
486	4.8600	44	-2	0	
487	4.8700	44	-2	0	
488	4.8800	44	-2	0	
489	4.8900	45	-2	0	
490	4.9000	45	-2	-1	
491	4.9100	45	-3	-1	
492	4.9200	45	-3	-1	
493	4.9300	45	-3	-1	
494	4.9400	45	-3	-1	
495	4.9500	45	-2	-1	
496	4.9600	45	-2	-1	
497	4.9700	45	-2	-1	
498	4.9800	45	-2	0	
499	4.9900	45	-2	0	
500	5.0000	44	-1	0	
501	5.0100	44	-1	0	
502	5.0200	44	0	0	
503	5.0300	44	0	1	
504	5.0400	43	1	1	
505	5.0500	43	1	2	
506	5.0600	42	2	2	
507	5.0700	42	2	2	
508	5.0800	41	3	3	
509	5.0900	41	3	4	
510	5.1000	40	4	4	
511	5.1100	40	4	4	
512	5.1200	39	5	5	
513	5.1300	39	6	5	
514	5.1400	38	6	6	
515	5.1500	38	6	6	
516	5.1600	37	7	6	
517	5.1700	37	7	6	
518	5.1800	37	8	7	
519	5.1900	36	8	7	
520	5.2000	36	8	8	
521	5.2100	36	8	8	
522	5.2200	35	9	8	
523	5.2300	35	9	8	
524	5.2400	35	9	8	
525	5.2500	35	9	8	
526	5.2600	35	9	8	
527	5.2700	34	9	8	
528	5.2800	34	8	8	
529	5.2900	34	8	8	
530	5.3000	35	8	8	
531	5.3100	35	8	8	
532	5.3200	35	8	7	
533	5.3300	35	7	7	
534	5.3400	35	7	6	
535	5.3500	36	6	6	
536	5.3600	36	6	6	
537	5.3700	36	5	6	
538	5.3800	36	5	5	
539	5.3900	37	4	5	
540	5.4000	37	4	4	
541	5.4100	37	3	4	
542	5.4200	38	2	4	
543	5.4300	38	2	3	
544	5.4400	38	1	2	
545	5.4500	39	1	2	
546	5.4600	39	0	2	
547	5.4700	40	0	1	
548	5.4800	40	-1	1	
549	5.4900	40	-1	0	
550	5.5000	41	-2	0	
551	5.5100	41	-2	0	
552	5.5200	41	-2	0	
553	5.5300	42	-3	0	
554	5.5400	42	-3	-1	
555	5.5500	42	-3	-1	
556	5.5600	42	-3	-1	
557	5.5700	42	-4	-1	
558	5.5800	42	-4	-1	
559	5.5900	42	-4	-1	
560	5.6000	42	-4	-1	
561	5.6100	42	-4	-1	
562	5.6200	42	-3	0	
563	5.6300	42	-3	0	
564	5.6400	42	-3	0	
565	5.6500	42	-3	0	
566	5.6600	41	-2	0	
567	5.6700	41	-2	1	
568	5.6800	41	-2	1	
569	5.6900	41	-1	2	
570	5.7000	40	-1	2	
571	5.7100	40	0	2	
572	5.7200	40	0	3	
573	5.7300	39	0	3	
574	5.7400	39	1	4	
575	5.7500	38	1	4	
576	5.7600	38	2	4	
577	5.7700	38	2	5	
578	5.7800	38	3	5	
579	5.7900	37	3	6	
580	5.8000	37	4	6	
581	5.8100	36	4	6	
582	5.8200	36	4	7	
583	5.8300	36	5	7	
584	5.8400	36	5	7	
585	5.8500	35	6	8	
586	5.8600	35	6	8	
587	5.8700	35	6	8	
588	5.8800	35	6	8	
589	5.8900	35	6	8	
590	5.9000	35	6	8	
591	5.9100	34	6	8	
592	5.9200	34	6	8	
593	5.9300	34	6	8	
594	5.9400	35	6	8	
595	5.9500	35	6	8	
596	5.9600	35	6	8	
597	5.9700	35	6	7	
598	5.9800	35	6	7	
599	5.9900	35	6	6	
600	6.0000	36	5	6	
601	6.0100	36	5	6	
602	6.0200	36	4	6	
603	6.0300	36	4	5	
604	6.0400	37	4	4	
605	6.0500	37	4	4	
606	6.0600	38	3	4	
607	6.0700	38	3	3	
608	6.0800	38	2	3	
609	6.0900	39	2	2	
610	6.1000	39	2	2	
611	6.1100	39	1	2	
612	6.1200	40	1	1	
613	6.1300	40	1	1	
614	6.1400	40	0	0	
615	6.1500	41	0	0	
616	6.1600	41	0	0	
617	6.1700	41	0	0	
618	6.1800	42	0	0	
619	6.1900	42	-1	-1	
620	6.2000	42	-1	-1	
621	6.2100	42	-1	-1	
622	6.2200	42	-1	-1	
623	6.2300	42	-1	-1	
624	6.2400	43	-1	-1	
625	6.2500	43	-1	-1	
626	6.2600	43	-1	-1	
627	6.2700	43	0	0	
628	6.2800	43	0	0	
629	6.2900	43	0	0	
630	6.3000	43	0	0	
631	6.3100	42	0	0	
632	6.3200	42	1	1	
633	6.3300	42	1	1	
634	6.3400	42	1	2	
635	6.3500	42	2	2	
636	6.3600	42	2	2	
637	6.3700	42	2	3	
638	6.3800	41	3	3	
639	6.3900	41	3	4	
640	6.4000	41	4	4	
641	6.4100	40	4	4	
642	6.4200	40	4	5	
643	6.4300	40	4	6	
644	6.4400	40	5	6	
645	6.4500	39	5	6	
646	6.4600	39	6	6	
647	6.4700	39	6	7	
648	6.4800	39	6	7	
649	6.4900	38	6	7	
650	6.5000	38	6	8	
651	6.5100	38	7	8	
652	6.5200	38	7	8	
653	6.5300	38	7	8	
654	6.5400	38	7	8	
655	6.5500	38	7	8	
656	6.5600	37	7	8	
657	6.5700	37	7	8	
658	6.5800	37	7	8	
659	6.5900	37	7	8	
660	6.6000	37	6	8	
661	6.6100	37	6	7	
662	6.6200	37	6	7	
663	6.6300	37	6	7	
664	6.6400	37	6	6	
665	6.6500	38	5	6	
666	6.6600	38	5	6	
667	6.6700	38	5	5	
668	6.6800	38	4	5	
669	6.6900	38	4	4	
670	6.7000	38	4	4	
671	6.7100	38	3	4	
672	6.7200	38	3	3	
673	6.7300	39	2	3	
674	6.7400	39	2	2	
675	6.7500	39	2	2	
676	6.7600	39	2	2	
677	6.7700	39	1	1	
678	6.7800	40	1	1	
679	6.7900	40	1	0	
680	6.8000	40	0	0	
681	6.8100	40	0	0	
682	6.8200	40	0	0	
683	6.8300	40	0	0	
684	6.8400	40	0	-1	
685	6.8500	40	0	-1	
686	6.8600	40	-1	-1	
687	6.8700	40	-1	-1	
688	6.8800	40	-1	-1	
689	6.8900	40	-1	-1	
690	6.9000	40	-1	-1	
691	6.9100	40	-1	-1	
692	6.9200	40	-1	0	
693	6.9300	40	0	0	
694	6.9400	40	0	0	
695	6.9500	40	0	0	
696	6.9600	40	0	0	
697	6.9700	40	0	1	
698	6.9800	40	0	1	
699	6.9900	39	0	2	
700	7.0000	39	1	2	
701	7.0100	39	1	2	
702	7.0200	39	1	3	
703	7.0300	39	2	4	
704	7.0400	38	2	4	
705	7.0500	38	2	4	
706	7.0600	38	2	5	
707	7.0700	38	2	5	
708	7.0800	38	3	6	
709	7.0900	38	3	6	
710	7.1000	38	3	6	
711	7.1100	37	3	6	
712	7.1200	37	4	7	
713	7.1300	37	4	7	
714	7.1400	37	4	8	
715	7.1500	37	4	8	
716	7.1600	37	4	8	
717	7.1700	37	4	8	
718	7.1800	37	4	8	
719	7.1900	37	4	8	
720	7.2000	36	4	8	
721	7.2100	36	4	8	
722	7.2200	36	4	8	
723	7.2300	37	4	8	
724	7.2400	37	4	8	
725	7.2500	37	4	8	
726	7.2600	37	4	7	
727	7.2700	37	3	7	
728	7.2800	37	3	6	
729	7.2900	37	3	6	
730	7.3000	37	3	6	
731	7.3100	37	3	6	
732	7.3200	38	2	5	
733	7.3300	38	2	5	
734	7.3400	38	2	4	
735	7.3500	38	2	4	
736	7.3600	38	2	4	
737	7.3700	38	2	3	
738	7.3800	38	1	2	
739	7.3900	38	1	2	
740	7.4000	39	1	2	
741	7.4100	39	1	1	
742	7.4200	39	1	1	
743	7.4300	39	0	0	
744	7.4400	39	0	0	
745	7.4500	39	0	0	
746	7.4600	40	0	0	
747	7.4700	40	0	0	
748	7.4800	40	0	-1	
749	7.4900	40	0	-1	
750	7.5000	40	0	-1	
751	7.5100	40	0	-1	
752	7.5200	40	0	-1	
753	7.5300	40	0	-1	
754	7.5400	40	1	-1	
755	7.5500	40	1	-1	
756	7.5600	40	1	-1	
757	7.5700	40	1	0	
758	7.5800	40	2	0	
759	7.5900	40	2	0	
760	7.6000	40	2	0	
761	7.6100	40	2	1	
762	7.6200	40	2	1	
763	7.6300	40	3	2	
764	7.6400	40	3	2	
765	7.6500	40	3	2	
766	7.6600	40	4	2	
767	7.6700	40	4	3	
768	7.6800	40	4	4	
769	7.6900	39	4	4	
770	7.7000	39	4	4	
771	7.7100	39	4	5	
772	7.7200	39	5	5	
773	7.7300	39	5	6	
774	7.7400	39	5	6	
775	7.7500	39	5	6	
776	7.7600	39	5	7	
777	7.7700	39	6	7	
778	7.7800	39	6	7	
779	7.7900	39	6	8	
780	7.8000	39	6	8	
781	7.8100	39	6	8	
782	7.8200	39	6	8	
783	7.8300	39	6	8	
784	7.8400	39	6	8	
785	7.8500	39	5	8	
786	7.8600	39	5	8	
787	7.8700	39	5	8	
788	7.8800	39	5	8	
789	7.8900	40	5	8	
790	7.9000	40	4	8	
791	7.9100	40	4	7	
792	7.9200	40	4	7	
793	7.9300	40	4	6	
794	7.9400	40	4	6	
795	7.9500	40	4	6	
796	7.9600	40	3	6	
797	7.9700	40	3	5	
798	7.9800	40	3	4	
799	7.9900	40	2	4	
800	8.0000	40	2	4	
801	8.0100	40	2	3	
802	8.0200	40	2	3	
803	8.0300	40	2	2	
804	8.0400	40	2	2	
805	8.0500	40	2	2	
806	8.0600	40	1	1	
807	8.0700	40	1	1	
808	8.0800	40	1	0	
809	8.0900	40	1	0	
810	8.1000	40	1	0	
811	8.1100	40	1	0	
812	8.1200	40	1	0	
813	8.1300	40	1	-1	
814	8.1400	40	1	-1	
815	8.1500	40	1	-1	
816	8.1600	40	1	-1	
817	8.1700	40	1	-1	
818	8.1800	40	1	-1	
819	8.1900	39	2	-1	
820	8.2000	39	2	-1	
821	8.2100	39	2	0	
822	8.2200	39	2	0	
823	8.2300	39	2	0	
824	8.2400	39	2	0	
825	8.2500	38	2	0	
826	8.2600	38	3	1	
827	8.2700	38	3	1	
828	8.2800	38	3	2	
829	8.2900	38	3	2	
830	8.3000	38	4	2	
831	8.3100	38	4	3	
832	8.3200	38	4	3	
833	8.3300	37	4	4	
834	8.3400	37	4	4	
835	8.3500	37	4	4	
836	8.3600	37	4	5	
837	8.3700	37	4	6	
838	8.3800	37	4	6	
839	8.3900	37	4	6	
840	8.4000	37	4	6	
841	8.4100	37	4	7	
842	8.4200	37	4	7	
843	8.4300	37	4	7	
844	8.4400	37	4	8	
845	8.4500	37	4	8	
846	8.4600	37	4	8	
847	8.4700	37	4	8	
848	8.4800	38	4	8	
849	8.4900	38	3	8	
850	8.5000	38	3	8	
851	8.5100	38	3	8	
852	8.5200	38	3	8	
853	8.5300	38	2	8	
854	8.5400	38	2	8	
855	8.5500	38	2	7	
856	8.5600	39	2	7	
857	8.5700	39	1	7	
858	8.5800	39	1	6	
859	8.5900	39	1	6	
860	8.6000	39	1	6	
861	8.6100	39	0	5	
862	8.6200	40	0	5	
863	8.6300	40	0	4	
864	8.6400	40	0	4	
865	8.6500	40	0	4	
866	8.6600	40	0	3	
867	8.6700	40	-1	3	
868	8.6800	40	-1	2	
869	8.6900	40	-1	2	
870	8.7000	40	-1	2	
871	8.7100	40	-1	1	
872	8.7200	40	-1	1	
873	8.7300	40	-1	0	
874	8.7400	40	-1	0	
875	8.7500	40	-1	0	
876	8.7600	40	-1	0	
877	8.7700	40	0	0	
878	8.7800	40	0	-1	
879	8.7900	39	0	-1	
880	8.8000	39	0	-1	
881	8.8100	39	0	-1	
882	8.8200	39	1	-1	
883	8.8300	39	1	-1	
884	8.8400	39	1	-1	
885	8.8500	38	2	-1	
886	8.8600	38	2	0	
887	8.8700	38	2	0	
888	8.8800	38	2	0	
889	8.8900	38	3	0	
890	8.9000	38	3	0	
891	8.9100	38	4	1	
892	8.9200	37	4	1	
893	8.9300	37	4	2	
894	8.9400	37	4	2	
895	8.9500	37	5	2	
896	8.9600	37	5	3	
897	8.9700	37	5	4	
898	8.9800	37	6	4	
899	8.9900	37	6	4	
900	9.0000	37	6	5	
901	9.0100	37	6	5	
902	9.0200	37	6	6	
903	9.0300	37	6	6	
904	9.0400	37	6	6	
905	9.0500	37	6	6	
906	9.0600	37	6	7	
907	9.0700	38	6	7	
908	9.0800	38	6	8	
909	9.0900	38	6	8	
910	9.1000	38	6	8	
911	9.1100	38	6	8	
912	9.1200	38	5	8	
913	9.1300	39	5	8	
914	9.1400	39	5	8	
915	9.1500	39	4	8	
916	9.1600	40	4	8	
917	9.1700	40	4	8	
918	9.1800	40	4	8	
919	9.1900	40	3	8	
920	9.2000	41	3	7	
921	9.2100	41	3	7	
922	9.2200	41	2	6	
923	9.2300	41	2	6	
924	9.2400	42	2	6	
925	9.2500	42	2	6	
926	9.2600	42	1	5	
927	9.2700	42	1	5	
928	9.2800	42	1	4	
929	9.2900	42	0	4	
930	9.3000	42	0	4	
931	9.3100	42	0	3	
932	9.3200	42	0	2	
933	9.3300	42	0	2	
934	9.3400	42	0	2	
935	9.3500	42	0	2	
936	9.3600	42	0	1	
937	9.3700	42	0	0	
938	9.3800	42	0	0	
939	9.3900	42	0	0	
940	9.4000	42	0	0	
941	9.4100	42	0	0	
942	9.4200	42	0	-1	
943	9.4300	41	0	-1	
944	9.4400	41	1	-1	
945	9.4500	41	1	-1	
946	9.4600	40	1	-1	
947	9.4700	40	2	-1	
948	9.4800	40	2	-1	
949	9.4900	40	2	-1	
950	9.5000	39	2	-1	
951	9.5100	39	3	0	
952	9.5200	38	3	0	
953	9.5300	38	4	0	
954	9.5400	38	4	0	
955	9.5500	38	4	1	
956	9.5600	37	4	1	
957	9.5700	37	5	2	
958	9.5800	37	5	2	
959	9.5900	36	6	2	
960	9.6000	36	6	2	
961	9.6100	36	6	3	
962	9.6200	36	6	4	
963	9.6300	36	6	4	
964	9.6400	36	6	4	
965	9.6500	36	6	5	
966	9.6600	36	7	5	
967	9.6700	36	7	6	
968	9.6800	36	7	6	
969	9.6900	36	7	6	
970	9.7000	36	6	7	
971	9.7100	36	6	7	
972	9.7200	36	6	7	
973	9.7300	36	6	8	
974	9.7400	36	6	8	
975	9.7500	36	6	8	
976	9.7600	37	5	8	
977	9.7700	37	5	8	
978	9.7800	37	4	8	
979	9.7900	38	4	8	
980	9.8000	38	4	8	
981	9.8100	38	3	8	
982	9.8200	38	3	8	
983	9.8300	39	2	8	
984	9.8400	39	2	8	
985	9.8500	39	2	7	
986	9.8600	40	1	7	
987	9.8700	40	1	6	
988	9.8800	40	0	6	
989	9.8900	40	0	6	
990	9.9000	41	0	6	
991	9.9100	41	-1	5	
992	9.9200	41	-1	4	
993	9.9300	41	-2	4	
994	9.9400	42	-2	4	
995	9.9500	42	-2	3	
996	9.9600	42	-2	3	
997	9.9700	42	-2	2	
998	9.9800	42	-3	2	
999	9.9900	42	-3	2	
1000	10.0000	42	-3	1	
