#	time(s)	count A	count B	count C	count D
1	0.0100	-42	0		
2	0.0200	-44	8		
3	0.0300	-45	14		
4	0.0400	-46	21		
5	0.0500	-47	27		
6	0.0600	-48	33		
7	0.0700	-48	39		
8	0.0800	-47	44		
9	0.0900	-46	49		
10	0.1000	-45	53		
11	0.1100	-43	57		
12	0.1200	-41	60		
13	0.1300	-38	63		
14	0.1400	-36	65		
15	0.1500	-32	67		
16	0.1600	-28	68		
17	0.1700	-24	69		
18	0.1800	-19	70		
19	0.1900	-14	70		
20	0.2000	-9	69		
21	0.2100	-4	68		
22	0.2200	2	66		
23	0.2300	8	64		
24	0.2400	14	62		
25	0.2500	20	60		
26	0.2600	27	57		
27	0.2700	32	54		
28	0.2800	36	50		
29	0.2900	39	47		
30	0.3000	44	43		
31	0.3100	50	39		
32	0.3200	55	35		
33	0.3300	60	32		
34	0.3400	66	28		
35	0.3500	70	24		
36	0.3600	74	20		
37	0.3700	78	17		
38	0.3800	81	14		
39	0.3900	84	11		
40	0.4000	86	8		
41	0.4100	88	5		
42	0.4200	89	3		
43	0.4300	89	1		
44	0.4400	89	-1		
45	0.4500	88	-2		
46	0.4600	87	-4		
47	0.4700	85	-4		
48	0.4800	83	-5		
49	0.4900	80	-5		
50	0.5000	76	-5		
51	0.5100	72	-4		
52	0.5200	68	-4		
53	0.5300	62	-3		
54	0.5400	57	-2		
55	0.5500	51	0		
56	0.5600	45	1		
57	0.5700	39	3		
58	0.5800	36	5		
59	0.5900	31	7		
60	0.6000	26	9		
61	0.6100	18	11		
62	0.6200	11	13		
63	0.6300	4	14		
64	0.6400	-4	16		
65	0.6500	-11	18		
66	0.6600	-18	20		
67	0.6700	-24	21		
68	0.6800	-31	22		
69	0.6900	-38	23		
70	0.7000	-44	23		
71	0.7100	-49	24		
72	0.7200	-54	24		
73	0.7300	-59	23		
74	0.7400	-64	23		
75	0.7500	-67	22		
76	0.7600	-71	20		
77	0.7700	-73	18		
78	0.7800	-76	16		
79	0.7900	-78	14		
80	0.8000	-79	12		
81	0.8100	-79	8		
82	0.8200	-80	5		
83	0.8300	-79	1		
84	0.8400	-78	-2		
85	0.8500	-77	-7		
86	0.8600	-75	-11		
87	0.8700	-73	-15		
88	0.8800	-70	-20		
89	0.8900	-67	-25		
90	0.9000	-64	-29		
91	0.9100	-60	-34		
92	0.9200	-56	-39		
93	0.9300	-52	-44		
94	0.9400	-48	-48		
95	0.9500	-43	-52		
96	0.9600	-38	-57		
97	0.9700	-34	-61		
98	0.9800	-29	-64		
99	0.9900	-24	-68		
100	1.0000	-20	-71		
101	1.0100	-15	-74		
102	1.0200	-11	-76		
103	1.0300	-6	-78		
104	1.0400	-2	-79		
105	1.0500	1	-80		
106	1.0600	5	-80		
107	1.0700	8	-80		
108	1.0800	11	-79		
109	1.0900	14	-78		
110	1.1000	16	-76		
111	1.1100	18	-74		
112	1.1200	20	-72		
113	1.1300	21	-68		
114	1.1400	22	-65		
115	1.1500	22	-61		
116	1.1600	23	-56		
117	1.1700	23	-51		
118	1.1800	22	-46		
119	1.1900	22	-40		
120	1.2000	21	-34		
121	1.2100	20	-28		
122	1.2200	18	-22		
123	1.2300	17	-15		
124	1.2400	15	-8		
125	1.2500	14	-2		
126	1.2600	12	5		
127	1.2700	10	12		
128	1.2800	8	19		
129	1.2900	6	25		
130	1.3000	4	32		
131	1.3100	2	38		
132	1.3200	1	44		
133	1.3300	-1	50		
134	1.3400	-2	55		
135	1.3500	-3	60		
136	1.3600	-4	65		
137	1.3700	-5	69		
138	1.3800	-5	73		
139	1.3900	-5	76		
140	1.4000	-5	79		
141	1.4100	-5	82		
142	1.4200	-4	84		
143	1.4300	-3	85		
144	1.4400	-2	86		
145	1.4500	0	86		
146	1.4600	2	86		
147	1.4700	4	84		
148	1.4800	6	83		
149	1.4900	9	82		
150	1.5000	12	79		
151	1.5100	15	76		
152	1.5200	18	73		
153	1.5300	21	70		
154	1.5400	24	66		
155	1.5500	28	62		
156	1.5600	30	57		
157	1.5700	34	52		
158	1.5800	35	47		
159	1.5900	37	42		
160	1.6000	40	37		
161	1.6100	43	32		
162	1.6200	46	26		
163	1.6300	48	21		
164	1.6400	50	16		
165	1.6500	52	10		
166	1.6600	54	5		
167	1.6700	56	0		
168	1.6800	57	-4		
169	1.6900	57	-9		
170	1.7000	58	-13		
171	1.7100	58	-17		
172	1.7200	57	-21		
173	1.7300	56	-24		
174	1.7400	54	-27		
175	1.7500	52	-30		
176	1.7600	50	-32		
177	1.7700	48	-34		
178	1.7800	44	-35		
179	1.7900	41	-36		
180	1.8000	38	-37		
181	1.8100	35	-38		
182	1.8200	32	-38		
183	1.8300	28	-38		
184	1.8400	22	-37		
185	1.8500	17	-36		
186	1.8600	11	-35		
187	1.8700	6	-34		
188	1.8800	0	-32		
189	1.8900	-6	-31		
190	1.9000	-12	-29		
191	1.9100	-19	-27		
192	1.9200	-25	-25		
193	1.9300	-31	-23		
194	1.9400	-36	-20		
195	1.9500	-42	-18		
196	1.9600	-47	-16		
197	1.9700	-52	-14		
198	1.9800	-57	-12		
199	1.9900	-62	-10		
200	2.0000	-66	-8		
201	2.0100	-70	-7		
202	2.0200	-73	-6		
203	2.0300	-76	-4		
204	2.0400	-78	-3		
205	2.0500	-80	-3		
206	2.0600	-82	-2		
207	2.0700	-82	-2		
208	2.0800	-83	-2		
209	2.0900	-83	-2		
210	2.1000	-82	-3		
211	2.1100	-81	-4		
212	2.1200	-79	-5		
213	2.1300	-77	-6		
214	2.1400	-74	-7		
215	2.1500	-71	-9		
216	2.1600	-68	-11		
217	2.1700	-64	-13		
218	2.1800	-60	-15		
219	2.1900	-55	-17		
220	2.2000	-50	-19		
221	2.2100	-45	-21		
222	2.2200	-40	-24		
223	2.2300	-35	-26		
224	2.2400	-29	-28		
225	2.2500	-23	-30		
226	2.2600	-18	-32		
227	2.2700	-12	-34		
228	2.2800	-6	-36		
229	2.2900	-1	-37		
230	2.3000	5	-38		
231	2.3100	10	-40		
232	2.3200	16	-40		
233	2.3300	20	-40		
234	2.3400	25	-41		
235	2.3500	29	-40		
236	2.3600	33	-40		
237	2.3700	35	-39		
238	2.3800	37	-38		
239	2.3900	39	-36		
240	2.4000	41	-34		
241	2.4100	44	-32		
242	2.4200	46	-29		
243	2.4300	47	-26		
244	2.4400	48	-23		
245	2.4500	49	-19		
246	2.4600	49	-15		
247	2.4700	49	-11		
248	2.4800	48	-7		
249	2.4900	47	-2		
250	2.5000	46	2		
251	2.5100	45	7		
252	2.5200	43	12		
253	2.5300	41	17		
254	2.5400	39	22		
255	2.5500	38	27		
256	2.5600	36	32		
257	2.5700	34	37		
258	2.5800	32	42		
259	2.5900	30	46		
260	2.6000	28	51		
261	2.6100	25	55		
262	2.6200	22	59		
263	2.6300	19	62		
264	2.6400	16	66		
265	2.6500	14	68		
266	2.6600	11	71		
267	2.6700	9	73		
268	2.6800	7	75		
269	2.6900	5	76		
270	2.7000	4	76		
271	2.7100	2	77		
272	2.7200	1	77		
273	2.7300	0	76		
274	2.7400	-1	75		
275	2.7500	-1	73		
276	2.7600	-2	71		
277	2.7700	-2	69		
278	2.7800	-1	66		
279	2.7900	-1	62		
280	2.8000	0	59		
281	2.8100	1	55		
282	2.8200	2	50		
283	2.8300	3	46		
284	2.8400	5	41		
285	2.8500	6	36		
286	2.8600	8	30		
287	2.8700	9	25		
288	2.8800	11	19		
289	2.8900	13	13		
290	2.9000	14	8		
291	2.9100	16	2		
292	2.9200	17	-4		
293	2.9300	19	-10		
294	2.9400	20	-15		
295	2.9500	21	-20		
296	2.9600	22	-25		
297	2.9700	23	-30		
298	2.9800	23	-35		
299	2.9900	23	-39		
300	3.0000	23	-43		
301	3.0100	23	-47		
302	3.0200	22	-50		
303	3.0300	22	-53		
304	3.0400	20	-56		
305	3.0500	19	-58		
306	3.0600	17	-60		
307	3.0700	15	-61		
308	3.0800	13	-62		
309	3.0900	10	-62		
310	3.1000	8	-62		
311	3.1100	5	-62		
312	3.1200	1	-61		
313	3.1300	-2	-60		
314	3.1400	-6	-59		
315	3.1500	-9	-57		
316	3.1600	-13	-55		
317	3.1700	-17	-52		
318	3.1800	-21	-50		
319	3.1900	-25	-47		
320	3.2000	-29	-44		
321	3.2100	-33	-41		
322	3.2200	-37	-37		
323	3.2300	-40	-34		
324	3.2400	-44	-30		
325	3.2500	-47	-27		
326	3.2600	-50	-23		
327	3.2700	-53	-20		
328	3.2800	-56	-16		
329	3.2900	-58	-13		
330	3.3000	-60	-10		
331	3.3100	-62	-7		
332	3.3200	-63	-4		
333	3.3300	-64	-1		
334	3.3400	-64	2		
335	3.3500	-64	4		
336	3.3600	-64	6		
337	3.3700	-63	8		
338	3.3800	-62	10		
339	3.3900	-60	11		
340	3.4000	-58	12		
341	3.4100	-56	13		
342	3.4200	-53	14		
343	3.4300	-50	14		
344	3.4400	-46	14		
345	3.4500	-42	14		
346	3.4600	-38	13		
347	3.4700	-33	13		
348	3.4800	-29	12		
349	3.4900	-24	11		
350	3.5000	-19	10		
351	3.5100	-13	9		
352	3.5200	-8	8		
353	3.5300	-2	6		
354	3.5400	3	5		
355	3.5500	8	4		
356	3.5600	14	2		
357	3.5700	19	1		
358	3.5800	24	0		
359	3.5900	29	-2		
360	3.6000	33	-3		
361	3.6100	36	-4		
362	3.6200	39	-5		
363	3.6300	42	-5		
364	3.6400	45	-6		
365	3.6500	49	-6		
366	3.6600	52	-6		
367	3.6700	55	-6		
368	3.6800	57	-6		
369	3.6900	59	-5		
370	3.7000	60	-4		
371	3.7100	62	-3		
372	3.7200	62	-2		
373	3.7300	62	0		
374	3.7400	62	1		
375	3.7500	62	3		
376	3.7600	61	5		
377	3.7700	59	8		
378	3.7800	58	10		
379	3.7900	56	13		
380	3.8000	53	15		
381	3.8100	50	18		
382	3.8200	47	21		
383	3.8300	44	24		
384	3.8400	41	26		
385	3.8500	38	29		
386	3.8600	35	32		
387	3.8700	33	35		
388	3.8800	29	37		
389	3.8900	26	40		
390	3.9000	22	42		
391	3.9100	18	44		
392	3.9200	14	46		
393	3.9300	10	47		
394	3.9400	6	48		
395	3.9500	2	50		
396	3.9600	-2	50		
397	3.9700	-5	51		
398	3.9800	-8	51		
399	3.9900	-12	50		
400	4.0000	-14	50		
401	4.0100	-17	49		
402	4.0200	-19	48		
403	4.0300	-21	46		
404	4.0400	-23	44		
405	4.0500	-24	42		
406	4.0600	-26	39		
407	4.0700	-26	36		
408	4.0800	-27	32		
409	4.0900	-27	29		
410	4.1000	-27	25		
411	4.1100	-27	21		
412	4.1200	-27	17		
413	4.1300	-26	12		
414	4.1400	-25	8		
415	4.1500	-24	3		
416	4.1600	-23	-2		
417	4.1700	-22	-7		
418	4.1800	-20	-12		
419	4.1900	-18	-17		
420	4.2000	-17	-21		
421	4.2100	-15	-26		
422	4.2200	-13	-31		
423	4.2300	-12	-35		
424	4.2400	-10	-40		
425	4.2500	-8	-44		
426	4.2600	-7	-47		
427	4.2700	-6	-51		
428	4.2800	-4	-54		
429	4.2900	-3	-57		
430	4.3000	-2	-60		
431	4.3100	-2	-62		
432	4.3200	-1	-64		
433	4.3300	0	-65		
434	4.3400	0	-66		
435	4.3500	0	-66		
436	4.3600	0	-67		
437	4.3700	-1	-66		
438	4.3800	-1	-66		
439	4.3900	-2	-65		
440	4.4000	-3	-64		
441	4.4100	-4	-62		
442	4.4200	-6	-60		
443	4.4300	-7	-57		
444	4.4400	-9	-54		
445	4.4500	-10	-51		
446	4.4600	-12	-48		
447	4.4700	-14	-44		
448	4.4800	-16	-41		
449	4.4900	-18	-37		
450	4.5000	-20	-32		
451	4.5100	-22	-28		
452	4.5200	-24	-24		
453	4.5300	-26	-19		
454	4.5400	-27	-15		
455	4.5500	-29	-10		
456	4.5600	-30	-6		
457	4.5700	-32	-2		
458	4.5800	-33	3		
459	4.5900	-34	7		
460	4.6000	-34	11		
461	4.6100	-35	14		
462	4.6200	-35	18		
463	4.6300	-35	22		
464	4.6400	-34	24		
465	4.6500	-34	27		
466	4.6600	-32	30		
467	4.6700	-31	32		
468	4.6800	-30	34		
469	4.6900	-28	36		
470	4.7000	-26	37		
471	4.7100	-23	38		
472	4.7200	-20	39		
473	4.7300	-18	39		
474	4.7400	-14	40		
475	4.7500	-11	39		
476	4.7600	-7	39		
477	4.7700	-4	38		
478	4.7800	0	37		
479	4.7900	4	36		
480	4.8000	8	35		
481	4.8100	12	33		
482	4.8200	16	32		
483	4.8300	21	30		
484	4.8400	25	28		
485	4.8500	28	26		
486	4.8600	32	24		
487	4.8700	34	22		
488	4.8800	36	20		
489	4.8900	38	18		
490	4.9000	42	15		
491	4.9100	45	13		
492	4.9200	47	11		
493	4.9300	50	10		
494	4.9400	52	8		
495	4.9500	54	6		
496	4.9600	55	5		
497	4.9700	56	4		
498	4.9800	57	2		
499	4.9900	57	2		
500	5.0000	57	1		
501	5.0100	57	0		
502	5.0200	56	0		
503	5.0300	55	0		
504	5.0400	53	0		
505	5.0500	51	0		
506	5.0600	49	0		
507	5.0700	46	1		
508	5.0800	44	2		
509	5.0900	40	2		
510	5.1000	38	3		
511	5.1100	35	4		
512	5.1200	33	6		
513	5.1300	29	7		
514	5.1400	26	8		
515	5.1500	22	10		
516	5.1600	17	11		
517	5.1700	13	12		
518	5.1800	8	13		
519	5.1900	4	14		
520	5.2000	-1	16		
521	5.2100	-5	16		
522	5.2200	-10	18		
523	5.2300	-14	18		
524	5.2400	-18	19		
525	5.2500	-22	19		
526	5.2600	-26	19		
527	5.2700	-29	19		
528	5.2800	-32	19		
529	5.2900	-35	19		
530	5.3000	-38	18		
531	5.3100	-40	17		
532	5.3200	-42	16		
533	5.3300	-44	15		
534	5.3400	-45	13		
535	5.3500	-46	11		
536	5.3600	-47	9		
537	5.3700	-48	7		
538	5.3800	-48	5		
539	5.3900	-47	2		
540	5.4000	-47	-1		
541	5.4100	-46	-4		
542	5.4200	-45	-7		
543	5.4300	-44	-10		
544	5.4400	-42	-13		
545	5.4500	-40	-16		
546	5.4600	-38	-19		
547	5.4700	-36	-22		
548	5.4800	-34	-26		
549	5.4900	-31	-29		
550	5.5000	-28	-32		
551	5.5100	-26	-35		
552	5.5200	-23	-38		
553	5.5300	-20	-40		
554	5.5400	-18	-43		
555	5.5500	-15	-45		
556	5.5600	-12	-47		
557	5.5700	-10	-49		
558	5.5800	-7	-50		
559	5.5900	-5	-51		
560	5.6000	-3	-52		
561	5.6100	-1	-53		
562	5.6200	1	-53		
563	5.6300	3	-53		
564	5.6400	4	-53		
565	5.6500	6	-52		
566	5.6600	7	-51		
567	5.6700	8	-49		
568	5.6800	9	-48		
569	5.6900	9	-46		
570	5.7000	10	-43		
571	5.7100	10	-40		
572	5.7200	10	-38		
573	5.7300	9	-34		
574	5.7400	9	-31		
575	5.7500	8	-27		
576	5.7600	8	-24		
577	5.7700	7	-20		
578	5.7800	6	-16		
579	5.7900	5	-11		
580	5.8000	4	-7		
581	5.8100	3	-3		
582	5.8200	2	2		
583	5.8300	1	6		
584	5.8400	0	10		
585	5.8500	-2	14		
586	5.8600	-3	19		
587	5.8700	-4	22		
588	5.8800	-4	26		
589	5.8900	-5	30		
590	5.9000	-6	33		
591	5.9100	-6	37		
592	5.9200	-6	40		
593	5.9300	-7	42		
594	5.9400	-7	45		
595	5.9500	-6	47		
596	5.9600	-6	48		
597	5.9700	-6	50		
598	5.9800	-5	51		
599	5.9900	-4	52		
600	6.0000	-3	52		
601	6.0100	-1	52		
602	6.0200	0	52		
603	6.0300	2	52		
604	6.0400	4	51		
605	6.0500	6	50		
606	6.0600	8	48		
607	6.0700	10	47		
608	6.0800	12	45		
609	6.0900	14	43		
610	6.1000	17	40		
611	6.1100	19	38		
612	6.1200	22	35		
613	6.1300	24	32		
614	6.1400	26	29		
615	6.1500	28	26		
616	6.1600	30	23		
617	6.1700	32	20		
618	6.1800	33	17		
619	6.1900	34	14		
620	6.2000	35	10		
621	6.2100	36	7		
622	6.2200	36	4		
623	6.2300	37	2		
624	6.2400	38	-1		
625	6.2500	38	-4		
626	6.2600	38	-6		
627	6.2700	38	-8		
628	6.2800	38	-10		
629	6.2900	37	-12		
630	6.3000	36	-14		
631	6.3100	36	-16		
632	6.3200	34	-17		
633	6.3300	33	-18		
634	6.3400	32	-19		
635	6.3500	30	-19		
636	6.3600	28	-20		
637	6.3700	25	-20		
638	6.3800	22	-20		
639	6.3900	19	-20		
640	6.4000	16	-19		
641	6.4100	12	-18		
642	6.4200	8	-18		
643	6.4300	4	-17		
644	6.4400	0	-16		
645	6.4500	-3	-15		
646	6.4600	-7	-14		
647	6.4700	-11	-13		
648	6.4800	-15	-12		
649	6.4900	-19	-10		
650	6.5000	-23	-9		
651	6.5100	-26	-8		
652	6.5200	-30	-6		
653	6.5300	-33	-6		
654	6.5400	-36	-4		
655	6.5500	-39	-4		
656	6.5600	-42	-3		
657	6.5700	-44	-2		
658	6.5800	-46	-2		
659	6.5900	-48	-1		
660	6.6000	-50	-1		
661	6.6100	-51	0		
662	6.6200	-52	-1		
663	6.6300	-52	-1		
664	6.6400	-52	-1		
665	6.6500	-52	-2		
666	6.6600	-52	-2		
667	6.6700	-51	-3		
668	6.6800	-50	-4		
669	6.6900	-49	-5		
670	6.7000	-47	-6		
671	6.7100	-45	-8		
672	6.7200	-43	-9		
673	6.7300	-41	-10		
674	6.7400	-38	-12		
675	6.7500	-36	-14		
676	6.7600	-33	-15		
677	6.7700	-30	-17		
678	6.7800	-26	-18		
679	6.7900	-23	-20		
680	6.8000	-20	-22		
681	6.8100	-16	-23		
682	6.8200	-12	-24		
683	6.8300	-9	-26		
684	6.8400	-6	-27		
685	6.8500	-2	-28		
686	6.8600	1	-28		
687	6.8700	4	-29		
688	6.8800	7	-29		
689	6.8900	10	-30		
690	6.9000	13	-30		
691	6.9100	16	-29		
692	6.9200	18	-29		
693	6.9300	20	-28		
694	6.9400	22	-27		
695	6.9500	24	-26		
696	6.9600	26	-24		
697	6.9700	27	-23		
698	6.9800	28	-21		
699	6.9900	28	-19		
700	7.0000	28	-17		
701	7.0100	29	-14		
702	7.0200	29	-12		
703	7.0300	29	-9		
704	7.0400	28	-6		
705	7.0500	28	-3		
706	7.0600	28	0		
707	7.0700	27	4		
708	7.0800	26	7		
709	7.0900	25	10		
710	7.1000	24	14		
711	7.1100	22	17		
712	7.1200	21	20		
713	7.1300	20	24		
714	7.1400	18	27		
715	7.1500	16	30		
716	7.1600	15	32		
717	7.1700	13	35		
718	7.1800	11	38		
719	7.1900	10	40		
720	7.2000	8	42		
721	7.2100	7	44		
722	7.2200	6	46		
723	7.2300	5	47		
724	7.2400	4	48		
725	7.2500	3	49		
726	7.2600	2	49		
727	7.2700	1	50		
728	7.2800	1	50		
729	7.2900	1	49		
730	7.3000	0	48		
731	7.3100	0	47		
732	7.3200	1	46		
733	7.3300	1	44		
734	7.3400	1	43		
735	7.3500	2	40		
736	7.3600	2	38		
737	7.3700	3	36		
738	7.3800	4	33		
739	7.3900	5	30		
740	7.4000	6	27		
741	7.4100	7	24		
742	7.4200	8	20		
743	7.4300	10	17		
744	7.4400	11	13		
745	7.4500	12	10		
746	7.4600	13	6		
747	7.4700	14	3		
748	7.4800	15	-1		
749	7.4900	16	-4		
750	7.5000	16	-8		
751	7.5100	17	-11		
752	7.5200	17	-14		
753	7.5300	18	-17		
754	7.5400	18	-20		
755	7.5500	18	-23		
756	7.5600	18	-25		
757	7.5700	17	-28		
758	7.5800	17	-30		
759	7.5900	16	-31		
760	7.6000	15	-33		
761	7.6100	14	-34		
762	7.6200	13	-35		
763	7.6300	11	-36		
764	7.6400	9	-36		
765	7.6500	8	-37		
766	7.6600	6	-37		
767	7.6700	3	-36		
768	7.6800	1	-36		
769	7.6900	-1	-35		
770	7.7000	-4	-34		
771	7.7100	-6	-34		
772	7.7200	-9	-32		
773	7.7300	-12	-31		
774	7.7400	-14	-29		
775	7.7500	-17	-28		
776	7.7600	-20	-26		
777	7.7700	-22	-24		
778	7.7800	-25	-22		
779	7.7900	-27	-20		
780	7.8000	-30	-18		
781	7.8100	-32	-16		
782	7.8200	-34	-14		
783	7.8300	-36	-12		
784	7.8400	-38	-10		
785	7.8500	-39	-8		
786	7.8600	-40	-6		
787	7.8700	-41	-4		
788	7.8800	-42	-3		
789	7.8900	-43	-1		
790	7.9000	-43	0		
791	7.9100	-43	1		
792	7.9200	-43	2		
793	7.9300	-42	3		
794	7.9400	-41	4		
795	7.9500	-40	5		
796	7.9600	-39	5		
797	7.9700	-37	5		
798	7.9800	-36	6		
799	7.9900	-33	6		
800	8.0000	-31	6		
801	8.0100	-29	5		
802	8.0200	-26	5		
803	8.0300	-23	4		
804	8.0400	-20	4		
805	8.0500	-17	3		
806	8.0600	-14	2		
807	8.0700	-10	2		
808	8.0800	-7	1		
809	8.0900	-3	0		
810	8.1000	0	-1		
811	8.1100	4	-2		
812	8.1200	7	-3		
813	8.1300	10	-4		
814	8.1400	14	-4		
815	8.1500	17	-5		
816	8.1600	20	-5		
817	8.1700	23	-6		
818	8.1800	26	-6		
819	8.1900	28	-6		
820	8.2000	30	-6		
821	8.2100	32	-6		
822	8.2200	33	-6		
823	8.2300	34	-6		
824	8.2400	35	-6		
825	8.2500	36	-5		
826	8.2600	36	-4		
827	8.2700	37	-3		
828	8.2800	37	-2		
829	8.2900	37	-1		
830	8.3000	37	0		
831	8.3100	37	2		
832	8.3200	36	4		
833	8.3300	36	5		
834	8.3400	35	7		
835	8.3500	34	9		
836	8.3600	34	11		
837	8.3700	33	13		
838	8.3800	31	15		
839	8.3900	29	16		
840	8.4000	28	18		
841	8.4100	26	20		
842	8.4200	24	22		
843	8.4300	21	24		
844	8.4400	19	26		
845	8.4500	16	28		
846	8.4600	14	29		
847	8.4700	12	30		
848	8.4800	9	32		
849	8.4900	7	33		
850	8.5000	4	34		
851	8.5100	2	34		
852	8.5200	0	35		
853	8.5300	-2	35		
854	8.5400	-4	35		
855	8.5500	-5	35		
856	8.5600	-7	34		
857	8.5700	-8	34		
858	8.5800	-10	33		
859	8.5900	-11	32		
860	8.6000	-12	30		
861	8.6100	-12	28		
862	8.6200	-13	27		
863	8.6300	-13	25		
864	8.6400	-14	22		
865	8.6500	-14	20		
866	8.6600	-14	18		
867	8.6700	-13	15		
868	8.6800	-13	12		
869	8.6900	-13	9		
870	8.7000	-12	6		
871	8.7100	-11	3		
872	8.7200	-10	0		
873	8.7300	-10	-3		
874	8.7400	-9	-6		
875	8.7500	-8	-10		
876	8.7600	-7	-12		
877	8.7700	-6	-16		
878	8.7800	-5	-18		
879	8.7900	-4	-21		
880	8.8000	-3	-24		
881	8.8100	-2	-27		
882	8.8200	-2	-29		
883	8.8300	-1	-31		
884	8.8400	0	-34		
885	8.8500	0	-35		
886	8.8600	0	-37		
887	8.8700	1	-38		
888	8.8800	1	-40		
889	8.8900	1	-40		
890	8.9000	1	-41		
891	8.9100	0	-42		
892	8.9200	0	-42		
893	8.9300	0	-42		
894	8.9400	-1	-41		
895	8.9500	-2	-41		
896	8.9600	-3	-40		
897	8.9700	-4	-39		
898	8.9800	-5	-38		
899	8.9900	-6	-36		
900	9.0000	-7	-34		
901	9.0100	-8	-32		
902	9.0200	-10	-30		
903	9.0300	-11	-28		
904	9.0400	-12	-26		
905	9.0500	-14	-23		
906	9.0600	-15	-21		
907	9.0700	-17	-18		
908	9.0800	-18	-16		
909	9.0900	-19	-13		
910	9.1000	-20	-10		
911	9.1100	-21	-8		
912	9.1200	-22	-5		
913	9.1300	-23	-2		
914	9.1400	-24	0		
915	9.1500	-24	3		
916	9.1600	-25	5		
917	9.1700	-25	8		
918	9.1800	-25	10		
919	9.1900	-25	12		
920	9.2000	-24	14		
921	9.2100	-24	15		
922	9.2200	-23	17		
923	9.2300	-22	18		
924	9.2400	-21	19		
925	9.2500	-20	20		
926	9.2600	-18	21		
927	9.2700	-16	21		
928	9.2800	-15	22		
929	9.2900	-13	22		
930	9.3000	-10	22		
931	9.3100	-8	22		
932	9.3200	-6	22		
933	9.3300	-3	21		
934	9.3400	-1	21		
935	9.3500	2	20		
936	9.3600	5	19		
937	9.3700	7	18		
938	9.3800	10	17		
939	9.3900	13	16		
940	9.4000	16	15		
941	9.4100	18	14		
942	9.4200	21	13		
943	9.4300	23	12		
944	9.4400	26	10		
945	9.4500	28	9		
946	9.4600	29	8		
947	9.4700	31	7		
948	9.4800	33	6		
949	9.4900	33	5		
950	9.5000	34	4		
951	9.5100	35	4		
952	9.5200	36	3		
953	9.5300	36	2		
954	9.5400	36	2		
955	9.5500	36	2		
956	9.5600	36	1		
957	9.5700	36	1		
958	9.5800	36	1		
959	9.5900	36	1		
960	9.6000	35	2		
961	9.6100	34	2		
962	9.6200	33	2		
963	9.6300	33	3		
964	9.6400	31	4		
965	9.6500	29	4		
966	9.6600	28	5		
967	9.6700	25	6		
968	9.6800	23	7		
969	9.6900	20	8		
970	9.7000	18	8		
971	9.7100	15	10		
972	9.7200	12	10		
973	9.7300	9	11		
974	9.7400	7	12		
975	9.7500	4	13		
976	9.7600	1	14		
977	9.7700	-2	14		
978	9.7800	-4	14		
979	9.7900	-7	15		
980	9.8000	-10	15		
981	9.8100	-12	16		
982	9.8200	-14	16		
983	9.8300	-16	15		
984	9.8400	-18	15		
985	9.8500	-20	15		
986	9.8600	-22	14		
987	9.8700	-23	13		
988	9.8800	-24	12		
989	9.8900	-25	12		
990	9.9000	-26	10		
991	9.9100	-27	9		
992	9.9200	-27	8		
993	9.9300	-28	6		
994	9.9400	-28	4		
995	9.9500	-28	2		
996	9.9600	-27	0		
997	9.9700	-27	-2		
998	9.9800	-26	-4		
999	9.9900	-25	-6		
1000	10.0000	-24	-8		
1001	10.0100	-23	-10		
1002	10.0200	-22	-12		
1003	10.0300	-21	-15		
1004	10.0400	-19	-17		
1005	10.0500	-18	-19		
1006	10.0600	-16	-21		
1007	10.0700	-15	-23		
1008	10.0800	-14	-25		
1009	10.0900	-12	-26		
1010	10.1000	-10	-28		
1011	10.1100	-9	-30		
1012	10.1200	-7	-31		
1013	10.1300	-6	-32		
1014	10.1400	-5	-33		
1015	10.1500	-3	-34		
1016	10.1600	-2	-34		
1017	10.1700	-1	-35		
1018	10.1800	0	-35		
1019	10.1900	1	-35		
1020	10.2000	2	-35		
1021	10.2100	2	-34		
1022	10.2200	3	-34		
1023	10.2300	3	-33		
1024	10.2400	4	-32		
1025	10.2500	4	-30		
1026	10.2600	4	-29		
1027	10.2700	4	-27		
1028	10.2800	4	-25		
1029	10.2900	3	-23		
1030	10.3000	3	-21		
1031	10.3100	2	-19		
1032	10.3200	2	-16		
1033	10.3300	1	-14		
1034	10.3400	1	-11		
1035	10.3500	0	-8		
1036	10.3600	-1	-6		
1037	10.3700	-1	-3		
1038	10.3800	-2	0		
1039	10.3900	-3	2		
1040	10.4000	-4	5		
1041	10.4100	-4	8		
1042	10.4200	-5	10		
1043	10.4300	-5	13		
1044	10.4400	-6	15		
1045	10.4500	-6	18		
1046	10.4600	-6	20		
1047	10.4700	-6	22		
1048	10.4800	-6	24		
1049	10.4900	-6	25		
1050	10.5000	-6	27		
1051	10.5100	-6	28		
1052	10.5200	-5	29		
1053	10.5300	-5	30		
1054	10.5400	-4	31		
1055	10.5500	-3	32		
1056	10.5600	-2	32		
1057	10.5700	-1	32		
1058	10.5800	0	32		
1059	10.5900	1	32		
1060	10.6000	2	31		
1061	10.6100	4	30		
1062	10.6200	5	30		
1063	10.6300	7	28		
1064	10.6400	9	28		
1065	10.6500	10	26		
1066	10.6600	12	25		
1067	10.6700	14	23		
1068	10.6800	15	22		
1069	10.6900	17	20		
1070	10.7000	18	18		
1071	10.7100	20	16		
1072	10.7200	22	14		
1073	10.7300	23	13		
1074	10.7400	24	11		
1075	10.7500	25	9		
1076	10.7600	26	7		
1077	10.7700	27	6		
1078	10.7800	28	4		
1079	10.7900	28	2		
1080	10.8000	28	0		
1081	10.8100	28	-1		
1082	10.8200	28	-2		
1083	10.8300	28	-4		
1084	10.8400	28	-5		
1085	10.8500	28	-6		
1086	10.8600	28	-7		
1087	10.8700	27	-8		
1088	10.8800	26	-8		
1089	10.8900	25	-8		
1090	10.9000	23	-9		
1091	10.9100	22	-9		
1092	10.9200	20	-9		
1093	10.9300	18	-9		
1094	10.9400	16	-9		
1095	10.9500	14	-9		
1096	10.9600	12	-9		
1097	10.9700	9	-8		
1098	10.9800	7	-8		
1099	10.9900	4	-8		
1100	11.0000	2	-7		
1101	11.0100	-1	-6		
1102	11.0200	-3	-6		
1103	11.0300	-6	-5		
1104	11.0400	-8	-4		
1105	11.0500	-11	-4		
1106	11.0600	-13	-3		
1107	11.0700	-16	-2		
1108	11.0800	-18	-2		
1109	11.0900	-20	-1		
1110	11.1000	-22	0		
1111	11.1100	-24	0		
1112	11.1200	-25	0		
1113	11.1300	-27	0		
1114	11.1400	-28	1		
1115	11.1500	-30	1		
1116	11.1600	-30	1		
1117	11.1700	-31	0		
1118	11.1800	-32	0		
1119	11.1900	-32	0		
1120	11.2000	-32	0		
1121	11.2100	-32	-1		
1122	11.2200	-32	-2		
1123	11.2300	-32	-2		
1124	11.2400	-31	-3		
1125	11.2500	-30	-4		
1126	11.2600	-30	-5		
1127	11.2700	-28	-6		
1128	11.2800	-27	-7		
1129	11.2900	-26	-8		
1130	11.3000	-24	-9		
1131	11.3100	-22	-10		
1132	11.3200	-20	-12		
1133	11.3300	-19	-13		
1134	11.3400	-17	-14		
1135	11.3500	-15	-15		
1136	11.3600	-13	-16		
1137	11.3700	-10	-17		
1138	11.3800	-8	-18		
1139	11.3900	-6	-19		
1140	11.4000	-4	-19		
1141	11.4100	-2	-20		
1142	11.4200	0	-20		
1143	11.4300	2	-21		
1144	11.4400	4	-21		
1145	11.4500	5	-21		
1146	11.4600	7	-21		
1147	11.4700	8	-21		
1148	11.4800	10	-20		
1149	11.4900	11	-20		
1150	11.5000	12	-19		
1151	11.5100	13	-18		
1152	11.5200	14	-18		
1153	11.5300	15	-16		
1154	11.5400	16	-15		
1155	11.5500	16	-14		
1156	11.5600	16	-12		
1157	11.5700	16	-10		
1158	11.5800	16	-9		
1159	11.5900	16	-7		
1160	11.6000	16	-5		
1161	11.6100	16	-3		
1162	11.6200	16	-1		
1163	11.6300	15	2		
1164	11.6400	14	4		
1165	11.6500	14	6		
1166	11.6600	13	8		
1167	11.6700	12	10		
1168	11.6800	11	12		
1169	11.6900	10	15		
1170	11.7000	10	17		
1171	11.7100	9	19		
1172	11.7200	8	21		
1173	11.7300	7	22		
1174	11.7400	6	24		
1175	11.7500	5	26		
1176	11.7600	5	27		
1177	11.7700	4	28		
1178	11.7800	3	29		
1179	11.7900	3	30		
1180	11.8000	2	31		
1181	11.8100	2	31		
1182	11.8200	2	32		
1183	11.8300	1	32		
1184	11.8400	1	32		
1185	11.8500	1	32		
1186	11.8600	1	31		
1187	11.8700	2	31		
1188	11.8800	2	30		
1189	11.8900	2	29		
1190	11.9000	3	28		
1191	11.9100	3	26		
1192	11.9200	4	25		
1193	11.9300	4	23		
1194	11.9400	5	22		
1195	11.9500	6	20		
1196	11.9600	7	18		
1197	11.9700	8	16		
1198	11.9800	8	14		
1199	11.9900	9	12		
1200	12.0000	10	10		
1201	12.0100	10	7		
1202	12.0200	11	5		
1203	12.0300	12	3		
1204	12.0400	12	1		
1205	12.0500	13	-1		
1206	12.0600	13	-3		
1207	12.0700	14	-5		
1208	12.0800	14	-7		
1209	12.0900	14	-9		
1210	12.1000	14	-11		
1211	12.1100	14	-12		
1212	12.1200	14	-14		
1213	12.1300	14	-15		
1214	12.1400	13	-16		
1215	12.1500	12	-18		
1216	12.1600	12	-19		
1217	12.1700	11	-20		
1218	12.1800	10	-20		
1219	12.1900	9	-20		
1220	12.2000	8	-21		
1221	12.2100	6	-21		
1222	12.2200	5	-21		
1223	12.2300	3	-21		
1224	12.2400	2	-21		
1225	12.2500	0	-20		
1226	12.2600	-2	-20		
1227	12.2700	-3	-19		
1228	12.2800	-5	-18		
1229	12.2900	-7	-18		
1230	12.3000	-9	-17		
1231	12.3100	-11	-16		
1232	12.3200	-12	-15		
1233	12.3300	-14	-14		
1234	12.3400	-16	-13		
1235	12.3500	-18	-12		
1236	12.3600	-19	-10		
1237	12.3700	-21	-9		
1238	12.3800	-22	-8		
1239	12.3900	-23	-7		
1240	12.4000	-24	-6		
1241	12.4100	-25	-5		
1242	12.4200	-26	-4		
1243	12.4300	-27	-3		
1244	12.4400	-28	-2		
1245	12.4500	-28	-1		
1246	12.4600	-28	-1		
1247	12.4700	-28	0		
1248	12.4800	-28	0		
1249	12.4900	-28	1		
1250	12.5000	-27	1		
1251	12.5100	-26	1		
1252	12.5200	-26	2		
1253	12.5300	-25	2		
1254	12.5400	-24	2		
1255	12.5500	-22	1		
1256	12.5600	-21	1		
1257	12.5700	-19	1		
1258	12.5800	-17	0		
1259	12.5900	-16	0		
1260	12.6000	-14	0		
1261	12.6100	-12	-1		
1262	12.6200	-10	-1		
1263	12.6300	-8	-2		
1264	12.6400	-5	-2		
1265	12.6500	-3	-3		
1266	12.6600	-1	-3		
1267	12.6700	1	-4		
1268	12.6800	3	-4		
1269	12.6900	5	-5		
1270	12.7000	8	-5		
1271	12.7100	10	-6		
1272	12.7200	12	-6		
1273	12.7300	13	-6		
1274	12.7400	15	-6		
1275	12.7500	17	-6		
1276	12.7600	18	-6		
1277	12.7700	20	-6		
1278	12.7800	21	-6		
1279	12.7900	22	-6		
1280	12.8000	23	-5		
1281	12.8100	24	-4		
1282	12.8200	24	-4		
1283	12.8300	25	-3		
1284	12.8400	25	-2		
1285	12.8500	25	-1		
1286	12.8600	25	0		
1287	12.8700	25	1		
1288	12.8800	24	2		
1289	12.8900	24	3		
1290	12.9000	24	5		
1291	12.9100	23	6		
1292	12.9200	22	7		
1293	12.9300	21	9		
1294	12.9400	20	10		
1295	12.9500	19	12		
1296	12.9600	18	13		
1297	12.9700	16	14		
1298	12.9800	15	16		
1299	12.9900	14	17		
1300	13.0000	12	18		
1301	13.0100	11	19		
1302	13.0200	9	20		
1303	13.0300	8	21		
1304	13.0400	6	22		
1305	13.0500	5	22		
1306	13.0600	4	23		
1307	13.0700	2	24		
1308	13.0800	1	24		
1309	13.0900	0	24		
1310	13.1000	-1	24		
1311	13.1100	-2	24		
1312	13.1200	-3	24		
1313	13.1300	-3	23		
1314	13.1400	-4	23		
1315	13.1500	-5	22		
1316	13.1600	-5	21		
1317	13.1700	-5	20		
1318	13.1800	-6	19		
1319	13.1900	-6	18		
1320	13.2000	-6	16		
1321	13.2100	-6	14		
1322	13.2200	-6	13		
1323	13.2300	-6	11		
1324	13.2400	-5	9		
1325	13.2500	-5	8		
1326	13.2600	-5	6		
1327	13.2700	-4	4		
1328	13.2800	-4	2		
1329	13.2900	-3	0		
1330	13.3000	-3	-3		
1331	13.3100	-2	-5		
1332	13.3200	-2	-7		
1333	13.3300	-1	-9		
1334	13.3400	0	-10		
1335	13.3500	0	-12		
1336	13.3600	0	-14		
1337	13.3700	1	-16		
1338	13.3800	1	-17		
1339	13.3900	1	-19		
1340	13.4000	2	-20		
1341	13.4100	2	-22		
1342	13.4200	2	-22		
1343	13.4300	2	-24		
1344	13.4400	2	-24		
1345	13.4500	2	-25		
1346	13.4600	1	-25		
1347	13.4700	1	-26		
1348	13.4800	1	-26		
1349	13.4900	0	-26		
1350	13.5000	0	-26		
1351	13.5100	-1	-25		
1352	13.5200	-2	-25		
1353	13.5300	-3	-24		
1354	13.5400	-3	-23		
1355	13.5500	-4	-22		
1356	13.5600	-5	-22		
1357	13.5700	-6	-20		
1358	13.5800	-7	-19		
1359	13.5900	-8	-18		
1360	13.6000	-9	-16		
1361	13.6100	-10	-15		
1362	13.6200	-11	-14		
1363	13.6300	-12	-12		
1364	13.6400	-13	-10		
1365	13.6500	-14	-9		
1366	13.6600	-15	-7		
1367	13.6700	-15	-6		
1368	13.6800	-16	-4		
1369	13.6900	-17	-2		
1370	13.7000	-17	-1		
1371	13.7100	-17	0		
1372	13.7200	-18	2		
1373	13.7300	-18	3		
1374	13.7400	-18	4		
1375	13.7500	-18	6		
1376	13.7600	-17	7		
1377	13.7700	-17	8		
1378	13.7800	-16	8		
1379	13.7900	-16	9		
1380	13.8000	-15	10		
1381	13.8100	-14	10		
1382	13.8200	-13	11		
1383	13.8300	-12	11		
1384	13.8400	-11	12		
1385	13.8500	-9	12		
1386	13.8600	-8	12		
1387	13.8700	-6	12		
1388	13.8800	-5	11		
1389	13.8900	-3	11		
1390	13.9000	-1	11		
1391	13.9100	0	10		
1392	13.9200	2	10		
1393	13.9300	4	10		
1394	13.9400	6	9		
1395	13.9500	8	8		
1396	13.9600	9	8		
1397	13.9700	11	7		
1398	13.9800	13	6		
1399	13.9900	14	6		
1400	14.0000	16	5		
1401	14.0100	18	4		
1402	14.0200	19	4		
1403	14.0300	20	4		
1404	14.0400	21	3		
1405	14.0500	22	2		
1406	14.0600	23	2		
1407	14.0700	24	2		
1408	14.0800	25	2		
1409	14.0900	25	2		
1410	14.1000	26	1		
1411	14.1100	26	1		
1412	14.1200	26	1		
1413	14.1300	26	1		
1414	14.1400	26	2		
1415	14.1500	25	2		
1416	14.1600	24	2		
1417	14.1700	24	2		
1418	14.1800	23	3		
1419	14.1900	22	4		
1420	14.2000	21	4		
1421	14.2100	20	4		
1422	14.2200	18	5		
1423	14.2300	17	6		
1424	14.2400	16	6		
1425	14.2500	14	7		
1426	14.2600	12	8		
1427	14.2700	11	8		
1428	14.2800	9	9		
1429	14.2900	7	10		
1430	14.3000	6	10		
1431	14.3100	4	11		
1432	14.3200	2	11		
1433	14.3300	0	12		
1434	14.3400	-1	12		
1435	14.3500	-3	12		
1436	14.3600	-4	12		
1437	14.3700	-6	12		
1438	14.3800	-7	12		
1439	14.3900	-8	12		
1440	14.4000	-10	12		
1441	14.4100	-11	12		
1442	14.4200	-12	11		
1443	14.4300	-13	10		
1444	14.4400	-13	10		
1445	14.4500	-14	9		
1446	14.4600	-14	8		
1447	14.4700	-15	7		
1448	14.4800	-15	6		
1449	14.4900	-15	5		
1450	14.5000	-15	4		
1451	14.5100	-15	3		
1452	14.5200	-15	1		
1453	14.5300	-15	0		
1454	14.5400	-14	-2		
1455	14.5500	-14	-3		
1456	14.5600	-14	-4		
1457	14.5700	-13	-6		
1458	14.5800	-12	-8		
1459	14.5900	-12	-9		
1460	14.6000	-11	-10		
1461	14.6100	-10	-12		
1462	14.6200	-9	-13		
1463	14.6300	-8	-15		
1464	14.6400	-8	-16		
1465	14.6500	-7	-17		
1466	14.6600	-6	-18		
1467	14.6700	-5	-19		
1468	14.6800	-4	-20		
1469	14.6900	-3	-21		
1470	14.7000	-3	-22		
1471	14.7100	-2	-22		
1472	14.7200	-1	-23		
1473	14.7300	-1	-23		
1474	14.7400	0	-23		
1475	14.7500	0	-23		
1476	14.7600	0	-23		
1477	14.7700	0	-23		
1478	14.7800	1	-22		
1479	14.7900	1	-22		
1480	14.8000	1	-21		
1481	14.8100	1	-20		
1482	14.8200	1	-19		
1483	14.8300	1	-18		
1484	14.8400	0	-17		
1485	14.8500	0	-16		
1486	14.8600	0	-14		
1487	14.8700	0	-13		
1488	14.8800	-1	-12		
1489	14.8900	-1	-10		
1490	14.9000	-2	-8		
1491	14.9100	-2	-6		
1492	14.9200	-3	-5		
1493	14.9300	-3	-3		
1494	14.9400	-4	-2		
1495	14.9500	-4	0		
1496	14.9600	-4	2		
1497	14.9700	-5	4		
1498	14.9800	-5	5		
1499	14.9900	-6	7		
1500	15.0000	-6	8		
1501	15.0100	-6	10		
1502	15.0200	-6	11		
1503	15.0300	-6	12		
1504	15.0400	-6	14		
1505	15.0500	-6	15		
1506	15.0600	-6	16		
1507	15.0700	-5	16		
1508	15.0800	-5	17		
1509	15.0900	-4	18		
1510	15.1000	-4	18		
1511	15.1100	-3	19		
1512	15.1200	-2	19		
1513	15.1300	-2	19		
1514	15.1400	-1	19		
1515	15.1500	0	19		
1516	15.1600	1	18		
1517	15.1700	2	18		
1518	15.1800	3	18		
1519	15.1900	4	17		
1520	15.2000	6	16		
1521	15.2100	7	16		
1522	15.2200	8	15		
1523	15.2300	9	14		
1524	15.2400	10	13		
1525	15.2500	12	12		
1526	15.2600	13	11		
1527	15.2700	14	10		
1528	15.2800	15	9		
1529	15.2900	16	8		
1530	15.3000	17	7		
1531	15.3100	17	6		
1532	15.3200	18	5		
1533	15.3300	19	4		
1534	15.3400	19	3		
1535	15.3500	20	2		
1536	15.3600	20	1		
1537	15.3700	20	0		
1538	15.3800	20	0		
1539	15.3900	20	-1		
1540	15.4000	20	-2		
1541	15.4100	20	-2		
1542	15.4200	19	-2		
1543	15.4300	19	-3		
1544	15.4400	18	-3		
1545	15.4500	17	-3		
1546	15.4600	16	-4		
1547	15.4700	15	-4		
1548	15.4800	14	-4		
1549	15.4900	13	-4		
1550	15.5000	12	-4		
1551	15.5100	10	-3		
1552	15.5200	9	-3		
1553	15.5300	7	-3		
1554	15.5400	6	-2		
1555	15.5500	4	-2		
1556	15.5600	3	-2		
1557	15.5700	1	-2		
1558	15.5800	-1	-1		
1559	15.5900	-2	-1		
1560	15.6000	-4	0		
1561	15.6100	-6	0		
1562	15.6200	-7	0		
1563	15.6300	-8	1		
1564	15.6400	-10	1		
1565	15.6500	-11	1		
1566	15.6600	-13	2		
1567	15.6700	-14	2		
1568	15.6800	-15	2		
1569	15.6900	-16	2		
1570	15.7000	-17	2		
1571	15.7100	-18	2		
1572	15.7200	-18	2		
1573	15.7300	-19	1		
1574	15.7400	-19	1		
1575	15.7500	-20	1		
1576	15.7600	-20	0		
1577	15.7700	-20	0		
1578	15.7800	-20	-1		
1579	15.7900	-20	-2		
1580	15.8000	-19	-2		
1581	15.8100	-19	-3		
1582	15.8200	-18	-4		
1583	15.8300	-18	-4		
1584	15.8400	-17	-5		
1585	15.8500	-16	-6		
1586	15.8600	-15	-7		
1587	15.8700	-14	-8		
1588	15.8800	-13	-8		
1589	15.8900	-12	-9		
1590	15.9000	-11	-10		
1591	15.9100	-10	-11		
1592	15.9200	-8	-12		
1593	15.9300	-7	-12		
1594	15.9400	-6	-13		
1595	15.9500	-5	-14		
1596	15.9600	-3	-14		
1597	15.9700	-2	-14		
1598	15.9800	-1	-15		
1599	15.9900	0	-15		
1600	16.0000	1	-15		
1601	16.0100	2	-15		
1602	16.0200	3	-15		
1603	16.0300	4	-15		
1604	16.0400	5	-15		
1605	16.0500	6	-14		
1606	16.0600	6	-14		
1607	16.0700	7	-14		
1608	16.0800	7	-13		
1609	16.0900	8	-12		
1610	16.1000	8	-11		
1611	16.1100	8	-10		
1612	16.1200	8	-9		
1613	16.1300	8	-8		
1614	16.1400	8	-7		
1615	16.1500	8	-6		
1616	16.1600	8	-4		
1617	16.1700	8	-3		
1618	16.1800	8	-2		
1619	16.1900	8	0		
1620	16.2000	7	1		
1621	16.2100	7	3		
1622	16.2200	6	4		
1623	16.2300	6	6		
1624	16.2400	5	7		
1625	16.2500	5	8		
1626	16.2600	4	10		
1627	16.2700	4	11		
1628	16.2800	4	12		
1629	16.2900	3	14		
1630	16.3000	3	15		
1631	16.3100	2	16		
1632	16.3200	2	17		
1633	16.3300	2	18		
1634	16.3400	1	18		
1635	16.3500	1	19		
1636	16.3600	1	20		
1637	16.3700	1	20		
1638	16.3800	1	20		
1639	16.3900	1	20		
1640	16.4000	1	20		
1641	16.4100	1	20		
1642	16.4200	1	20		
1643	16.4300	2	20		
1644	16.4400	2	19		
1645	16.4500	2	19		
1646	16.4600	3	18		
1647	16.4700	3	17		
1648	16.4800	4	16		
1649	16.4900	4	16		
1650	16.5000	5	14		
1651	16.5100	5	13		
1652	16.5200	6	12		
1653	16.5300	6	11		
1654	16.5400	7	10		
1655	16.5500	8	8		
1656	16.5600	8	7		
1657	16.5700	9	6		
1658	16.5800	9	4		
1659	16.5900	10	3		
1660	16.6000	10	2		
1661	16.6100	10	0		
1662	16.6200	11	-1		
1663	16.6300	11	-2		
1664	16.6400	11	-3		
1665	16.6500	11	-4		
1666	16.6600	11	-5		
1667	16.6700	11	-6		
1668	16.6800	11	-7		
1669	16.6900	11	-8		
1670	16.7000	10	-9		
1671	16.7100	10	-10		
1672	16.7200	9	-10		
1673	16.7300	9	-10		
1674	16.7400	8	-11		
1675	16.7500	7	-11		
1676	16.7600	6	-11		
1677	16.7700	6	-12		
1678	16.7800	5	-12		
1679	16.7900	4	-12		
1680	16.8000	2	-11		
1681	16.8100	1	-11		
1682	16.8200	0	-11		
1683	16.8300	-1	-10		
1684	16.8400	-2	-10		
1685	16.8500	-4	-10		
1686	16.8600	-5	-9		
1687	16.8700	-6	-9		
1688	16.8800	-7	-8		
1689	16.8900	-8	-8		
1690	16.9000	-10	-7		
1691	16.9100	-11	-6		
1692	16.9200	-12	-6		
1693	16.9300	-13	-5		
1694	16.9400	-14	-4		
1695	16.9500	-15	-4		
1696	16.9600	-16	-4		
1697	16.9700	-16	-3		
1698	16.9800	-17	-2		
1699	16.9900	-17	-2		
1700	17.0000	-18	-2		
1701	17.0100	-18	-1		
1702	17.0200	-18	-1		
1703	17.0300	-18	-1		
1704	17.0400	-18	0		
1705	17.0500	-18	0		
1706	17.0600	-18	0		
1707	17.0700	-18	0		
1708	17.0800	-17	0		
1709	17.0900	-16	0		
1710	17.1000	-16	0		
1711	17.1100	-15	-1		
1712	17.1200	-14	-1		
1713	17.1300	-13	-1		
1714	17.1400	-12	-2		
1715	17.1500	-11	-2		
1716	17.1600	-10	-2		
1717	17.1700	-8	-2		
1718	17.1800	-7	-3		
1719	17.1900	-6	-3		
1720	17.2000	-4	-4		
1721	17.2100	-3	-4		
1722	17.2200	-2	-4		
1723	17.2300	0	-5		
1724	17.2400	1	-5		
1725	17.2500	2	-5		
1726	17.2600	4	-5		
1727	17.2700	5	-6		
1728	17.2800	6	-6		
1729	17.2900	7	-6		
1730	17.3000	8	-6		
1731	17.3100	9	-6		
1732	17.3200	10	-6		
1733	17.3300	11	-6		
1734	17.3400	12	-5		
1735	17.3500	12	-5		
1736	17.3600	13	-4		
1737	17.3700	14	-4		
1738	17.3800	14	-4		
1739	17.3900	14	-3		
1740	17.4000	14	-2		
1741	17.4100	15	-2		
1742	17.4200	15	-1		
1743	17.4300	15	0		
1744	17.4400	14	1		
1745	17.4500	14	2		
1746	17.4600	14	2		
1747	17.4700	14	4		
1748	17.4800	13	4		
1749	17.4900	12	6		
1750	17.5000	12	6		
1751	17.5100	11	8		
1752	17.5200	11	8		
1753	17.5300	10	9		
1754	17.5400	9	10		
1755	17.5500	8	11		
1756	17.5600	8	12		
1757	17.5700	7	13		
1758	17.5800	6	14		
1759	17.5900	5	14		
1760	17.6000	4	15		
1761	17.6100	4	15		
1762	17.6200	3	16		
1763	17.6300	2	16		
1764	17.6400	2	16		
1765	17.6500	1	16		
1766	17.6600	0	16		
1767	17.6700	0	16		
1768	17.6800	0	16		
1769	17.6900	-1	16		
1770	17.7000	-1	16		
1771	17.7100	-1	15		
1772	17.7200	-2	14		
1773	17.7300	-2	14		
1774	17.7400	-2	13		
1775	17.7500	-2	12		
1776	17.7600	-2	12		
1777	17.7700	-2	10		
1778	17.7800	-2	10		
1779	17.7900	-2	8		
1780	17.8000	-1	7		
1781	17.8100	-1	6		
1782	17.8200	-1	5		
1783	17.8300	-1	4		
1784	17.8400	0	2		
1785	17.8500	0	1		
1786	17.8600	0	0		
1787	17.8700	1	-2		
1788	17.8800	1	-3		
1789	17.8900	1	-4		
1790	17.9000	2	-6		
1791	17.9100	2	-7		
1792	17.9200	2	-8		
1793	17.9300	2	-9		
1794	17.9400	2	-10		
1795	17.9500	2	-11		
1796	17.9600	2	-12		
1797	17.9700	2	-13		
1798	17.9800	2	-13		
1799	17.9900	2	-14		
1800	18.0000	2	-14		
1801	18.0100	2	-15		
1802	18.0200	2	-15		
1803	18.0300	1	-16		
1804	18.0400	1	-16		
1805	18.0500	1	-16		
1806	18.0600	0	-16		
1807	18.0700	0	-16		
1808	18.0800	-1	-15		
1809	18.0900	-2	-15		
1810	18.1000	-2	-14		
1811	18.1100	-3	-14		
1812	18.1200	-4	-13		
1813	18.1300	-4	-13		
1814	18.1400	-5	-12		
1815	18.1500	-6	-11		
1816	18.1600	-6	-10		
1817	18.1700	-7	-10		
1818	18.1800	-8	-9		
1819	18.1900	-8	-8		
1820	18.2000	-9	-7		
1821	18.2100	-10	-6		
1822	18.2200	-10	-5		
1823	18.2300	-11	-4		
1824	18.2400	-11	-3		
1825	18.2500	-12	-2		
1826	18.2600	-12	-2		
1827	18.2700	-12	-1		
1828	18.2800	-12	0		
1829	18.2900	-12	1		
1830	18.3000	-12	2		
1831	18.3100	-12	2		
1832	18.3200	-12	3		
1833	18.3300	-12	4		
1834	18.3400	-12	4		
1835	18.3500	-11	4		
1836	18.3600	-11	5		
1837	18.3700	-10	5		
1838	18.3800	-10	5		
1839	18.3900	-9	6		
1840	18.4000	-8	6		
1841	18.4100	-7	6		
1842	18.4200	-6	6		
1843	18.4300	-5	6		
1844	18.4400	-4	6		
1845	18.4500	-3	5		
1846	18.4600	-2	5		
1847	18.4700	-1	5		
1848	18.4800	0	5		
1849	18.4900	2	4		
1850	18.5000	3	4		
1851	18.5100	4	4		
1852	18.5200	5	3		
1853	18.5300	6	3		
1854	18.5400	8	3		
1855	18.5500	9	2		
1856	18.5600	10	2		
1857	18.5700	11	2		
1858	18.5800	12	2		
1859	18.5900	12	1		
1860	18.6000	13	1		
1861	18.6100	14	1		
1862	18.6200	14	1		
1863	18.6300	15	1		
1864	18.6400	16	0		
1865	18.6500	16	0		
1866	18.6600	16	0		
1867	18.6700	16	1		
1868	18.6800	16	1		
1869	18.6900	16	1		
1870	18.7000	16	1		
1871	18.7100	16	2		
1872	18.7200	16	2		
1873	18.7300	15	2		
1874	18.7400	15	2		
1875	18.7500	14	3		
1876	18.7600	14	3		
1877	18.7700	13	4		
1878	18.7800	12	4		
1879	18.7900	11	5		
1880	18.8000	10	5		
1881	18.8100	10	6		
1882	18.8200	9	6		
1883	18.8300	8	7		
1884	18.8400	7	7		
1885	18.8500	6	8		
1886	18.8600	4	8		
1887	18.8700	4	8		
1888	18.8800	2	8		
1889	18.8900	1	9		
1890	18.9000	0	9		
1891	18.9100	0	9		
1892	18.9200	-1	9		
1893	18.9300	-2	9		
1894	18.9400	-3	9		
1895	18.9500	-4	9		
1896	18.9600	-5	9		
1897	18.9700	-5	9		
1898	18.9800	-6	8		
1899	18.9900	-6	8		
1900	19.0000	-7	8		
1901	19.0100	-7	7		
1902	19.0200	-8	6		
1903	19.0300	-8	6		
1904	19.0400	-8	5		
1905	19.0500	-8	4		
1906	19.0600	-8	4		
1907	19.0700	-8	3		
1908	19.0800	-8	2		
1909	19.0900	-8	1		
1910	19.1000	-8	0		
1911	19.1100	-8	-1		
1912	19.1200	-7	-2		
1913	19.1300	-7	-3		
1914	19.1400	-6	-4		
1915	19.1500	-6	-5		
1916	19.1600	-6	-6		
1917	19.1700	-5	-7		
1918	19.1800	-5	-8		
1919	19.1900	-4	-9		
1920	19.2000	-4	-10		
1921	19.2100	-3	-11		
1922	19.2200	-3	-12		
1923	19.2300	-2	-12		
1924	19.2400	-2	-13		
1925	19.2500	-2	-13		
1926	19.2600	-1	-14		
1927	19.2700	-1	-14		
1928	19.2800	-1	-14		
1929	19.2900	0	-15		
1930	19.3000	0	-15		
1931	19.3100	0	-15		
1932	19.3200	0	-15		
1933	19.3300	0	-15		
1934	19.3400	0	-14		
1935	19.3500	0	-14		
1936	19.3600	0	-14		
1937	19.3700	0	-13		
1938	19.3800	0	-13		
1939	19.3900	0	-12		
1940	19.4000	-1	-12		
1941	19.4100	-1	-11		
1942	19.4200	-1	-10		
1943	19.4300	-2	-9		
1944	19.4400	-2	-8		
1945	19.4500	-2	-7		
1946	19.4600	-2	-6		
1947	19.4700	-3	-5		
1948	19.4800	-3	-4		
1949	19.4900	-3	-3		
1950	19.5000	-4	-2		
1951	19.5100	-4	-1		
1952	19.5200	-4	0		
1953	19.5300	-4	1		
1954	19.5400	-5	2		
1955	19.5500	-5	3		
1956	19.5600	-5	4		
1957	19.5700	-5	5		
1958	19.5800	-5	6		
1959	19.5900	-5	7		
1960	19.6000	-5	8		
1961	19.6100	-5	8		
1962	19.6200	-5	9		
1963	19.6300	-4	9		
1964	19.6400	-4	10		
1965	19.6500	-4	10		
1966	19.6600	-3	10		
1967	19.6700	-3	11		
1968	19.6800	-2	11		
1969	19.6900	-2	11		
1970	19.7000	-1	11		
1971	19.7100	0	11		
1972	19.7200	0	11		
1973	19.7300	1	11		
1974	19.7400	2	10		
1975	19.7500	3	10		
1976	19.7600	4	10		
1977	19.7700	4	9		
1978	19.7800	5	9		
1979	19.7900	6	8		
1980	19.8000	7	8		
1981	19.8100	8	7		
1982	19.8200	8	7		
1983	19.8300	9	6		
1984	19.8400	10	6		
1985	19.8500	10	5		
1986	19.8600	11	4		
1987	19.8700	12	4		
1988	19.8800	12	3		
1989	19.8900	12	3		
1990	19.9000	13	2		
1991	19.9100	13	2		
1992	19.9200	14	1		
1993	19.9300	14	1		
1994	19.9400	14	0		
1995	19.9500	14	0		
1996	19.9600	14	0		
1997	19.9700	14	0		
1998	19.9800	13	-1		
1999	19.9900	13	-1		
2000	20.0000	12	-1		
